type= raw events
count= -1
speed= 1.0
start data >>
DispatchKey(693404,693404,0,21,0,0,-1,0)
DispatchKey(695430,695430,1,21,0,0,-1,0)
GUIGen(1)
DispatchTrackball(-1,702604,2,4.0,-1.0,0.0,0.0,0,1.0,1.0,0,0)
DispatchTrackball(-1,702618,2,3.0,-3.0,0.0,0.0,0,1.0,1.0,0,0)
DispatchTrackball(-1,702628,2,-3.0,-1.0,0.0,0.0,0,1.0,1.0,0,0)
DispatchTrackball(-1,702635,2,0.0,-5.0,0.0,0.0,0,1.0,1.0,0,0)
DispatchTrackball(-1,702652,2,1.0,-3.0,0.0,0.0,0,1.0,1.0,0,0)
DispatchTrackball(-1,702659,2,4.0,-1.0,0.0,0.0,0,1.0,1.0,0,0)
DispatchTrackball(-1,702678,2,-1.0,2.0,0.0,0.0,0,1.0,1.0,0,0)
DispatchTrackball(-1,702695,2,-1.0,-2.0,0.0,0.0,0,1.0,1.0,0,0)
DispatchTrackball(-1,702710,2,1.0,-2.0,0.0,0.0,0,1.0,1.0,0,0)
DispatchTrackball(-1,702728,2,0.0,-3.0,0.0,0.0,0,1.0,1.0,0,0)
DispatchTrackball(-1,702734,2,-3.0,-4.0,0.0,0.0,0,1.0,1.0,0,0)
DispatchTrackball(-1,702777,2,0.0,-5.0,0.0,0.0,0,1.0,1.0,0,0)
DispatchTrackball(-1,702783,2,-4.0,-2.0,0.0,0.0,0,1.0,1.0,0,0)
DispatchTrackball(-1,702808,2,-3.0,1.0,0.0,0.0,0,1.0,1.0,0,0)
DispatchTrackball(-1,702814,2,4.0,-5.0,0.0,0.0,0,1.0,1.0,0,0)
DispatchTrackball(-1,702822,2,2.0,-4.0,0.0,0.0,0,1.0,1.0,0,0)
DispatchTrackball(-1,702841,2,2.0,1.0,0.0,0.0,0,1.0,1.0,0,0)
DispatchTrackball(-1,702848,2,-2.0,4.0,0.0,0.0,0,1.0,1.0,0,0)
DispatchTrackball(-1,702857,2,-2.0,4.0,0.0,0.0,0,1.0,1.0,0,0)
DispatchTrackball(-1,702873,2,-5.0,-5.0,0.0,0.0,0,1.0,1.0,0,0)
DispatchPointer(702892,702893,0,307.0,550.0,0.0,0.0,0,1.0,1.0,0,0)
DispatchPointer(702892,702916,2,306.0564,560.4623,0.0,0.0,0,1.0,1.0,0,0)
DispatchPointer(702892,702937,2,303.87738,567.62964,0.0,0.0,0,1.0,1.0,0,0)
DispatchPointer(702892,702945,2,302.12366,569.0696,0.0,0.0,0,1.0,1.0,0,0)
DispatchPointer(702892,702956,2,300.58817,576.2369,0.0,0.0,0,1.0,1.0,0,0)
DispatchPointer(702892,702971,2,299.33972,576.2434,0.0,0.0,0,1.0,1.0,0,0)
DispatchPointer(702892,703043,2,298.3599,581.73303,0.0,0.0,0,1.0,1.0,0,0)
DispatchPointer(702892,703065,1,296.74512,584.6748,0.0,0.0,0,1.0,1.0,0,0)
DispatchTrackball(-1,703090,2,-1.0,4.0,0.0,0.0,0,1.0,1.0,0,0)
DispatchTrackball(-1,703143,2,2.0,-2.0,0.0,0.0,0,1.0,1.0,0,0)
DispatchTrackball(-1,703161,2,0.0,-2.0,0.0,0.0,0,1.0,1.0,0,0)
DispatchTrackball(-1,703167,2,0.0,-1.0,0.0,0.0,0,1.0,1.0,0,0)
DispatchTrackball(-1,703181,2,-5.0,0.0,0.0,0.0,0,1.0,1.0,0,0)
DispatchTrackball(-1,703189,2,-3.0,0.0,0.0,0.0,0,1.0,1.0,0,0)
DispatchTrackball(-1,703196,2,-1.0,-1.0,0.0,0.0,0,1.0,1.0,0,0)
DispatchTrackball(-1,703232,2,3.0,3.0,0.0,0.0,0,1.0,1.0,0,0)
DispatchTrackball(-1,703239,2,4.0,-2.0,0.0,0.0,0,1.0,1.0,0,0)
DispatchTrackball(-1,703245,2,0.0,-3.0,0.0,0.0,0,1.0,1.0,0,0)
DispatchPointer(703273,703274,0,124.0,431.0,0.0,0.0,0,1.0,1.0,0,0)
DispatchPointer(703273,703299,261,103.706215,431.1927,0.0,0.0,0,1.0,1.0,0,0)
DispatchPointer(703273,703318,2,96.27767,431.47244,0.0,0.0,0,1.0,1.0,0,0)
DispatchPointer(703273,703327,2,86.98203,431.89935,0.0,0.0,0,1.0,1.0,0,0)
DispatchPointer(703273,703366,262,85.12643,432.43893,0.0,0.0,0,1.0,1.0,0,0)
DispatchPointer(703273,703382,1,77.21381,432.653,0.0,0.0,0,1.0,1.0,0,0)
DispatchKey(703412,703412,0,33,0,0,-1,0)
DispatchKey(703488,703488,1,33,0,0,-1,0)
DispatchKey(703544,703544,0,21,0,0,-1,0)
DispatchKey(703553,703553,1,21,0,0,-1,0)
DispatchFlip(false)
DispatchPointer(703709,703709,0,14.0,388.0,0.0,0.0,0,1.0,1.0,0,0)
DispatchPointer(703709,703750,1,20.187254,372.13815,0.0,0.0,0,1.0,1.0,0,0)
DispatchKey(703778,703778,0,23,0,0,-1,0)
DispatchKey(703911,703911,1,23,0,0,-1,0)
DispatchKey(703932,703932,0,21,0,0,-1,0)
DispatchKey(704138,704138,1,21,0,0,-1,0)
DispatchKey(704171,704171,0,22,0,0,-1,0)
DispatchKey(704246,704246,1,22,0,0,-1,0)
DispatchTrackball(-1,704266,2,4.0,-4.0,0.0,0.0,0,1.0,1.0,0,0)
DispatchTrackball(-1,704308,2,-5.0,-2.0,0.0,0.0,0,1.0,1.0,0,0)
DispatchTrackball(-1,704326,2,-4.0,2.0,0.0,0.0,0,1.0,1.0,0,0)
DispatchTrackball(-1,704333,2,-5.0,-1.0,0.0,0.0,0,1.0,1.0,0,0)
DispatchTrackball(-1,704339,2,-1.0,-1.0,0.0,0.0,0,1.0,1.0,0,0)
DispatchTrackball(-1,704356,2,1.0,-4.0,0.0,0.0,0,1.0,1.0,0,0)
DispatchTrackball(-1,704374,2,-3.0,4.0,0.0,0.0,0,1.0,1.0,0,0)
DispatchTrackball(-1,704396,2,-5.0,2.0,0.0,0.0,0,1.0,1.0,0,0)
DispatchTrackball(-1,704434,2,-1.0,2.0,0.0,0.0,0,1.0,1.0,0,0)
DispatchTrackball(-1,704445,2,0.0,-4.0,0.0,0.0,0,1.0,1.0,0,0)
DispatchKey(704464,704464,0,82,0,0,-1,0)
DispatchKey(704498,704498,1,82,0,0,-1,0)
DispatchPointer(704570,704571,0,331.0,606.0,0.0,0.0,0,1.0,1.0,0,0)
DispatchPointer(704570,704587,1,337.94702,609.16895,0.0,0.0,0,1.0,1.0,0,0)
DispatchKey(704632,704632,0,23,0,0,-1,0)
DispatchKey(704694,704694,1,23,0,0,-1,0)
DispatchPointer(704737,704737,0,74.0,657.0,0.0,0.0,0,1.0,1.0,0,0)
DispatchPointer(704737,704752,1,78.20617,662.52985,0.0,0.0,0,1.0,1.0,0,0)
DispatchKey(704775,704775,0,19,0,0,-1,0)
DispatchKey(704799,704799,1,19,0,0,-1,0)
DispatchKey(705004,705004,0,196,0,0,-1,0)
DispatchKey(705033,705033,1,196,0,0,-1,0)
DispatchPointer(705084,705085,0,243.0,4.0,0.0,0.0,0,1.0,1.0,0,0)
DispatchPointer(705084,705109,2,242.52283,11.803104,0.0,0.0,0,1.0,1.0,0,0)
DispatchPointer(705084,705148,2,227.1283,17.680737,0.0,0.0,0,1.0,1.0,0,0)
DispatchPointer(705084,705191,2,209.73302,27.874352,0.0,0.0,0,1.0,1.0,0,0)
DispatchPointer(705084,705198,2,192.07718,35.561546,0.0,0.0,0,1.0,1.0,0,0)
DispatchPointer(705084,705209,2,177.46204,49.764675,0.0,0.0,0,1.0,1.0,0,0)
DispatchPointer(705084,705219,2,173.40382,60.616005,0.0,0.0,0,1.0,1.0,0,0)
DispatchPointer(705084,705242,2,158.52394,72.443504,0.0,0.0,0,1.0,1.0,0,0)
DispatchPointer(705084,705261,2,139.56139,76.72116,0.0,0.0,0,1.0,1.0,0,0)
DispatchPointer(705084,705293,1,123.770454,81.83078,0.0,0.0,0,1.0,1.0,0,0)
DispatchKey(705323,705323,0,23,0,0,-1,0)
DispatchKey(705347,705347,1,23,0,0,-1,0)
DispatchPointer(705938,705938,0,146.0,282.0,0.0,0.0,0,1.0,1.0,0,0)
DispatchPointer(705938,705997,1,147.37157,272.40057,0.0,0.0,0,1.0,1.0,0,0)
DispatchKey(706031,706031,0,44,0,0,-1,0)
DispatchKey(706211,706211,1,44,0,0,-1,0)
DispatchKey(706238,706238,0,20,0,0,-1,0)
DispatchKey(706310,706310,1,20,0,0,-1,0)
DispatchKey(706513,706513,0,82,0,0,-1,0)
DispatchKey(706541,706541,1,82,0,0,-1,0)
DispatchKey(707893,707893,0,82,0,0,-1,0)
DispatchKey(707914,707914,1,82,0,0,-1,0)
DispatchKey(707937,707937,0,82,0,0,-1,0)
DispatchKey(708032,708032,1,82,0,0,-1,0)
DispatchTrackball(-1,708063,2,-3.0,-1.0,0.0,0.0,0,1.0,1.0,0,0)
DispatchTrackball(-1,708074,2,2.0,0.0,0.0,0.0,0,1.0,1.0,0,0)
DispatchTrackball(-1,708092,2,-4.0,-3.0,0.0,0.0,0,1.0,1.0,0,0)
DispatchTrackball(-1,708106,2,0.0,3.0,0.0,0.0,0,1.0,1.0,0,0)
DispatchTrackball(-1,708156,2,-3.0,2.0,0.0,0.0,0,1.0,1.0,0,0)
DispatchTrackball(-1,708174,2,-3.0,3.0,0.0,0.0,0,1.0,1.0,0,0)
DispatchTrackball(-1,708188,2,-5.0,0.0,0.0,0.0,0,1.0,1.0,0,0)
DispatchTrackball(-1,708207,2,-4.0,-3.0,0.0,0.0,0,1.0,1.0,0,0)
DispatchTrackball(-1,708218,2,-1.0,-5.0,0.0,0.0,0,1.0,1.0,0,0)
DispatchTrackball(-1,708227,2,4.0,-2.0,0.0,0.0,0,1.0,1.0,0,0)
DispatchKey(708236,708236,0,82,0,0,-1,0)
DispatchKey(708334,708334,1,82,0,0,-1,0)
DispatchTrackball(-1,708400,2,-2.0,3.0,0.0,0.0,0,1.0,1.0,0,0)
DispatchTrackball(-1,708439,2,2.0,2.0,0.0,0.0,0,1.0,1.0,0,0)
DispatchTrackball(-1,708489,2,2.0,3.0,0.0,0.0,0,1.0,1.0,0,0)
DispatchTrackball(-1,708517,2,2.0,-5.0,0.0,0.0,0,1.0,1.0,0,0)
DispatchTrackball(-1,708526,2,4.0,1.0,0.0,0.0,0,1.0,1.0,0,0)
DispatchTrackball(-1,708543,2,-5.0,-2.0,0.0,0.0,0,1.0,1.0,0,0)
DispatchTrackball(-1,708562,2,0.0,2.0,0.0,0.0,0,1.0,1.0,0,0)
DispatchTrackball(-1,708569,2,2.0,-1.0,0.0,0.0,0,1.0,1.0,0,0)
DispatchTrackball(-1,708704,2,1.0,4.0,0.0,0.0,0,1.0,1.0,0,0)
DispatchTrackball(-1,708712,2,1.0,-1.0,0.0,0.0,0,1.0,1.0,0,0)
DispatchTrackball(708400,708720,0,0.0,0.0,0.0,0.0,0,1.0,1.0,0,0)
DispatchTrackball(708400,708750,1,0.0,0.0,0.0,0.0,0,1.0,1.0,0,0)
DispatchKey(708840,708840,0,21,0,0,-1,0)
DispatchKey(709130,709130,1,21,0,0,-1,0)
DispatchKey(709239,709239,0,22,0,0,-1,0)
DispatchKey(709255,709255,1,22,0,0,-1,0)
DispatchKey(709281,709281,0,3,0,0,-1,0)
DispatchKey(709293,709293,1,3,0,0,-1,0)
DispatchKey(709362,709362,0,82,0,0,-1,0)
DispatchKey(709389,709389,1,82,0,0,-1,0)
DispatchKey(709488,709488,0,20,0,0,-1,0)
DispatchKey(709627,709627,1,20,0,0,-1,0)
DispatchTrackball(-1,709666,2,1.0,1.0,0.0,0.0,0,1.0,1.0,0,0)
DispatchTrackball(-1,709696,2,-2.0,-3.0,0.0,0.0,0,1.0,1.0,0,0)
DispatchTrackball(-1,709715,2,4.0,1.0,0.0,0.0,0,1.0,1.0,0,0)
DispatchTrackball(-1,709732,2,1.0,-5.0,0.0,0.0,0,1.0,1.0,0,0)
DispatchTrackball(-1,709746,2,1.0,4.0,0.0,0.0,0,1.0,1.0,0,0)
DispatchTrackball(-1,709766,2,3.0,1.0,0.0,0.0,0,1.0,1.0,0,0)
DispatchTrackball(-1,709782,2,1.0,2.0,0.0,0.0,0,1.0,1.0,0,0)
DispatchTrackball(-1,709797,2,-2.0,0.0,0.0,0.0,0,1.0,1.0,0,0)
DispatchTrackball(-1,709831,2,2.0,-2.0,0.0,0.0,0,1.0,1.0,0,0)
DispatchTrackball(-1,709838,2,3.0,-5.0,0.0,0.0,0,1.0,1.0,0,0)
DispatchTrackball(-1,709865,2,-3.0,2.0,0.0,0.0,0,1.0,1.0,0,0)
DispatchTrackball(-1,709885,2,4.0,-3.0,0.0,0.0,0,1.0,1.0,0,0)
DispatchTrackball(-1,709907,2,-1.0,2.0,0.0,0.0,0,1.0,1.0,0,0)
DispatchTrackball(-1,709917,2,-1.0,4.0,0.0,0.0,0,1.0,1.0,0,0)
DispatchTrackball(-1,709924,2,-1.0,2.0,0.0,0.0,0,1.0,1.0,0,0)
DispatchTrackball(-1,709940,2,1.0,3.0,0.0,0.0,0,1.0,1.0,0,0)
DispatchTrackball(-1,709972,2,4.0,-2.0,0.0,0.0,0,1.0,1.0,0,0)
DispatchTrackball(-1,709979,2,2.0,-3.0,0.0,0.0,0,1.0,1.0,0,0)
DispatchTrackball(-1,710003,2,3.0,-4.0,0.0,0.0,0,1.0,1.0,0,0)
DispatchPointer(710022,710023,0,292.0,158.0,0.0,0.0,0,1.0,1.0,0,0)
DispatchPointer(710022,710039,2,297.53305,160.21487,0.0,0.0,0,1.0,1.0,0,0)
DispatchPointer(710022,710071,2,297.69037,162.04243,0.0,0.0,0,1.0,1.0,0,0)
DispatchPointer(710022,710090,2,299.04306,164.13487,0.0,0.0,0,1.0,1.0,0,0)
DispatchPointer(710022,710108,2,302.179,166.9532,0.0,0.0,0,1.0,1.0,0,0)
DispatchPointer(710022,710126,2,304.85614,170.61234,0.0,0.0,0,1.0,1.0,0,0)
DispatchPointer(710022,710137,1,305.6034,171.83948,0.0,0.0,0,1.0,1.0,0,0)
DispatchKey(710157,710157,0,162,0,0,-1,0)
DispatchKey(710269,710269,1,162,0,0,-1,0)
DispatchKey(710314,710314,0,23,0,0,-1,0)
DispatchKey(710627,710627,1,23,0,0,-1,0)
DispatchPointer(710672,710673,0,245.0,135.0,0.0,0.0,0,1.0,1.0,0,0)
DispatchPointer(710672,710688,2,244.80145,134.77327,0.0,0.0,0,1.0,1.0,0,0)
DispatchPointer(710672,710703,2,243.60016,130.89786,0.0,0.0,0,1.0,1.0,0,0)
DispatchPointer(710672,710714,2,243.53621,129.00768,0.0,0.0,0,1.0,1.0,0,0)
DispatchPointer(710672,710727,2,243.53065,127.059166,0.0,0.0,0,1.0,1.0,0,0)
DispatchPointer(710672,710738,2,243.17459,124.71261,0.0,0.0,0,1.0,1.0,0,0)
DispatchPointer(710672,710752,1,242.9527,121.613235,0.0,0.0,0,1.0,1.0,0,0)
DispatchTrackball(-1,710772,2,-4.0,-4.0,0.0,0.0,0,1.0,1.0,0,0)
DispatchTrackball(-1,710786,2,2.0,4.0,0.0,0.0,0,1.0,1.0,0,0)
DispatchTrackball(-1,710796,2,0.0,-3.0,0.0,0.0,0,1.0,1.0,0,0)
DispatchTrackball(-1,710804,2,-4.0,-5.0,0.0,0.0,0,1.0,1.0,0,0)
DispatchTrackball(-1,710814,2,-1.0,1.0,0.0,0.0,0,1.0,1.0,0,0)
DispatchTrackball(-1,710843,2,-1.0,-2.0,0.0,0.0,0,1.0,1.0,0,0)
DispatchTrackball(-1,710860,2,0.0,-4.0,0.0,0.0,0,1.0,1.0,0,0)
DispatchTrackball(-1,710867,2,-1.0,-4.0,0.0,0.0,0,1.0,1.0,0,0)
DispatchTrackball(-1,710873,2,3.0,-4.0,0.0,0.0,0,1.0,1.0,0,0)
DispatchTrackball(-1,710878,2,-2.0,-5.0,0.0,0.0,0,1.0,1.0,0,0)
DispatchKey(710883,710883,0,23,0,0,-1,0)
DispatchKey(710909,710909,1,23,0,0,-1,0)
DispatchKey(710943,710943,0,85,0,0,-1,0)
DispatchKey(710958,710958,1,85,0,0,-1,0)
DispatchPointer(711022,711023,0,84.0,445.0,0.0,0.0,0,1.0,1.0,0,0)
DispatchPointer(711022,711052,2,82.73413,442.117,0.0,0.0,0,1.0,1.0,0,0)
DispatchPointer(711022,711071,2,66.521095,439.5085,0.0,0.0,0,1.0,1.0,0,0)
DispatchPointer(711022,711081,2,48.344383,433.69604,0.0,0.0,0,1.0,1.0,0,0)
DispatchPointer(711022,711128,2,39.008034,429.09036,0.0,0.0,0,1.0,1.0,0,0)
DispatchPointer(711022,711144,2,36.028492,428.3036,0.0,0.0,0,1.0,1.0,0,0)
DispatchPointer(711022,711153,2,35.973507,425.22806,0.0,0.0,0,1.0,1.0,0,0)
DispatchPointer(711022,711168,2,19.771238,421.38226,0.0,0.0,0,1.0,1.0,0,0)
DispatchPointer(711022,711174,1,8.457434,420.78052,0.0,0.0,0,1.0,1.0,0,0)
DispatchTrackball(-1,711186,2,2.0,-1.0,0.0,0.0,0,1.0,1.0,0,0)
DispatchTrackball(-1,711273,2,-5.0,2.0,0.0,0.0,0,1.0,1.0,0,0)
DispatchTrackball(-1,711291,2,-3.0,1.0,0.0,0.0,0,1.0,1.0,0,0)
DispatchTrackball(-1,711335,2,-1.0,-1.0,0.0,0.0,0,1.0,1.0,0,0)
DispatchTrackball(-1,711346,2,2.0,-5.0,0.0,0.0,0,1.0,1.0,0,0)
DispatchTrackball(-1,711352,2,4.0,-3.0,0.0,0.0,0,1.0,1.0,0,0)
DispatchTrackball(-1,711358,2,-5.0,-5.0,0.0,0.0,0,1.0,1.0,0,0)
DispatchTrackball(-1,711364,2,-3.0,2.0,0.0,0.0,0,1.0,1.0,0,0)
DispatchTrackball(-1,711370,2,-1.0,0.0,0.0,0.0,0,1.0,1.0,0,0)
DispatchTrackball(-1,711386,2,-4.0,1.0,0.0,0.0,0,1.0,1.0,0,0)
DispatchPointer(711405,711406,0,443.0,207.0,0.0,0.0,0,1.0,1.0,0,0)
DispatchPointer(711405,711441,2,442.75644,210.48631,0.0,0.0,0,1.0,1.0,0,0)
DispatchPointer(711405,711471,2,434.87793,214.77556,0.0,0.0,0,1.0,1.0,0,0)
DispatchPointer(711405,711478,2,422.30594,219.6775,0.0,0.0,0,1.0,1.0,0,0)
DispatchPointer(711405,711498,2,410.89627,227.1883,0.0,0.0,0,1.0,1.0,0,0)
DispatchPointer(711405,711506,2,403.55524,232.13445,0.0,0.0,0,1.0,1.0,0,0)
DispatchPointer(711405,711522,2,398.29932,235.32912,0.0,0.0,0,1.0,1.0,0,0)
DispatchPointer(711405,711540,2,387.70844,240.43906,0.0,0.0,0,1.0,1.0,0,0)
DispatchPointer(711405,711547,1,385.08554,240.84639,0.0,0.0,0,1.0,1.0,0,0)
DispatchKey(711575,711575,0,20,0,0,-1,0)
DispatchKey(711593,711593,1,20,0,0,-1,0)
DispatchTrackball(-1,711606,2,-3.0,-3.0,0.0,0.0,0,1.0,1.0,0,0)
DispatchTrackball(-1,711631,2,-5.0,-4.0,0.0,0.0,0,1.0,1.0,0,0)
DispatchTrackball(-1,711638,2,-2.0,3.0,0.0,0.0,0,1.0,1.0,0,0)
DispatchTrackball(-1,711649,2,2.0,-1.0,0.0,0.0,0,1.0,1.0,0,0)
DispatchTrackball(-1,711671,2,-2.0,-5.0,0.0,0.0,0,1.0,1.0,0,0)
DispatchTrackball(-1,711678,2,-5.0,-3.0,0.0,0.0,0,1.0,1.0,0,0)
DispatchTrackball(-1,711688,2,-3.0,3.0,0.0,0.0,0,1.0,1.0,0,0)
DispatchTrackball(-1,711696,2,1.0,2.0,0.0,0.0,0,1.0,1.0,0,0)
DispatchTrackball(-1,711712,2,3.0,0.0,0.0,0.0,0,1.0,1.0,0,0)
DispatchTrackball(-1,711730,2,-3.0,0.0,0.0,0.0,0,1.0,1.0,0,0)
DispatchTrackball(-1,711738,2,-2.0,-2.0,0.0,0.0,0,1.0,1.0,0,0)
DispatchTrackball(-1,711750,2,-1.0,-4.0,0.0,0.0,0,1.0,1.0,0,0)
DispatchTrackball(-1,711767,2,0.0,-2.0,0.0,0.0,0,1.0,1.0,0,0)
DispatchTrackball(-1,711773,2,3.0,-4.0,0.0,0.0,0,1.0,1.0,0,0)
DispatchTrackball(-1,711793,2,-2.0,2.0,0.0,0.0,0,1.0,1.0,0,0)
DispatchTrackball(-1,711798,2,-1.0,2.0,0.0,0.0,0,1.0,1.0,0,0)
DispatchTrackball(-1,711815,2,-1.0,2.0,0.0,0.0,0,1.0,1.0,0,0)
DispatchTrackball(-1,711832,2,-5.0,0.0,0.0,0.0,0,1.0,1.0,0,0)
DispatchTrackball(-1,711839,2,-5.0,4.0,0.0,0.0,0,1.0,1.0,0,0)
DispatchTrackball(-1,711862,2,-1.0,-1.0,0.0,0.0,0,1.0,1.0,0,0)
DispatchKey(711870,711870,0,191,0,0,-1,0)
DispatchKey(711916,711916,1,191,0,0,-1,0)
DispatchPointer(711938,711939,0,398.0,83.0,0.0,0.0,0,1.0,1.0,0,0)
DispatchPointer(711938,711965,261,399.98218,95.02688,0.0,0.0,0,1.0,1.0,0,0)
DispatchPointer(711938,711981,2,409.85428,97.60481,0.0,0.0,0,1.0,1.0,0,0)
DispatchPointer(711938,712003,2,422.61478,98.16936,0.0,0.0,0,1.0,1.0,0,0)
DispatchPointer(711938,712013,2,428.23685,104.50359,0.0,0.0,0,1.0,1.0,0,0)
DispatchPointer(711938,712026,2,440.50854,116.93843,0.0,0.0,0,1.0,1.0,0,0)
DispatchPointer(711938,712033,2,454.59476,123.95294,0.0,0.0,0,1.0,1.0,0,0)
DispatchPointer(711938,712050,2,458.42697,126.24564,0.0,0.0,0,1.0,1.0,0,0)
DispatchPointer(711938,712057,2,468.0157,127.83082,0.0,0.0,0,1.0,1.0,0,0)
DispatchPointer(711938,712065,262,480.0,129.0604,0.0,0.0,0,1.0,1.0,0,0)
DispatchPointer(711938,712078,1,480.0,138.09421,0.0,0.0,0,1.0,1.0,0,0)
DispatchKey(712096,712096,0,117,0,0,-1,0)
DispatchKey(712115,712115,1,117,0,0,-1,0)
DispatchKey(712132,712132,0,23,0,0,-1,0)
DispatchKey(712145,712145,1,23,0,0,-1,0)
DispatchPointer(712172,712173,0,254.0,557.0,0.0,0.0,0,1.0,1.0,0,0)
DispatchPointer(712172,712194,1,252.58383,558.0666,0.0,0.0,0,1.0,1.0,0,0)
DispatchPointer(712226,712273,0,20.0,372.0,0.0,0.0,0,1.0,1.0,0,0)
DispatchPointer(712226,712303,2,17.157831,365.1554,0.0,0.0,0,1.0,1.0,0,0)
DispatchPointer(712226,712318,2,0.0,359.17795,0.0,0.0,0,1.0,1.0,0,0)
DispatchPointer(712226,712338,2,0.0,349.54767,0.0,0.0,0,1.0,1.0,0,0)
DispatchPointer(712226,712356,2,0.0,345.60367,0.0,0.0,0,1.0,1.0,0,0)
DispatchPointer(712226,712370,2,0.0,343.30463,0.0,0.0,0,1.0,1.0,0,0)
DispatchPointer(712226,712389,2,0.0,341.78467,0.0,0.0,0,1.0,1.0,0,0)
DispatchPointer(712226,712413,2,0.0,340.80475,0.0,0.0,0,1.0,1.0,0,0)
DispatchPointer(712226,712429,2,0.0,335.15387,0.0,0.0,0,1.0,1.0,0,0)
DispatchPointer(712226,712450,1,0.0,331.0692,0.0,0.0,0,1.0,1.0,0,0)
DispatchKey(712478,712478,0,82,0,0,-1,0)
DispatchKey(712503,712503,1,82,0,0,-1,0)
DispatchKey(712535,712535,0,20,0,0,-1,0)
DispatchKey(712565,712565,1,20,0,0,-1,0)
DispatchTrackball(-1,712601,2,3.0,-2.0,0.0,0.0,0,1.0,1.0,0,0)
DispatchTrackball(-1,712635,2,-3.0,4.0,0.0,0.0,0,1.0,1.0,0,0)
DispatchTrackball(-1,712645,2,1.0,4.0,0.0,0.0,0,1.0,1.0,0,0)
DispatchTrackball(-1,712665,2,2.0,2.0,0.0,0.0,0,1.0,1.0,0,0)
DispatchTrackball(-1,712712,2,0.0,2.0,0.0,0.0,0,1.0,1.0,0,0)
DispatchTrackball(-1,712728,2,-1.0,4.0,0.0,0.0,0,1.0,1.0,0,0)
DispatchTrackball(-1,712736,2,0.0,-1.0,0.0,0.0,0,1.0,1.0,0,0)
DispatchTrackball(-1,712758,2,4.0,-3.0,0.0,0.0,0,1.0,1.0,0,0)
DispatchTrackball(-1,712765,2,4.0,-1.0,0.0,0.0,0,1.0,1.0,0,0)
DispatchTrackball(-1,712771,2,2.0,1.0,0.0,0.0,0,1.0,1.0,0,0)
DispatchPointer(712795,712796,0,33.0,790.0,0.0,0.0,0,1.0,1.0,0,0)
DispatchPointer(712795,712823,2,32.504803,780.8223,0.0,0.0,0,1.0,1.0,0,0)
DispatchPointer(712795,712845,2,30.577312,775.8718,0.0,0.0,0,1.0,1.0,0,0)
DispatchPointer(712795,712855,2,29.819021,774.05176,0.0,0.0,0,1.0,1.0,0,0)
DispatchPointer(712795,712875,1,29.184277,769.46893,0.0,0.0,0,1.0,1.0,0,0)
DispatchKey(712912,712912,0,87,0,0,-1,0)
DispatchKey(712933,712933,1,87,0,0,-1,0)
DispatchKey(713025,713025,0,19,0,0,-1,0)
DispatchKey(713173,713173,1,19,0,0,-1,0)
DispatchKey(713188,713188,0,25,0,0,-1,0)
DispatchKey(715072,715072,1,25,0,0,-1,0)
DispatchKey(715195,715195,0,22,0,0,-1,0)
DispatchKey(715321,715321,1,22,0,0,-1,0)
DispatchPointer(715635,715635,0,441.0,194.0,0.0,0.0,0,1.0,1.0,0,0)
DispatchPointer(715635,715653,1,435.01245,205.38892,0.0,0.0,0,1.0,1.0,0,0)
DispatchPointer(715684,715684,0,291.0,189.0,0.0,0.0,0,1.0,1.0,0,0)
DispatchPointer(715684,715719,2,279.75757,196.34639,0.0,0.0,0,1.0,1.0,0,0)
DispatchPointer(715684,715736,2,266.85104,212.77269,0.0,0.0,0,1.0,1.0,0,0)
DispatchPointer(715684,715761,2,254.64,214.76599,0.0,0.0,0,1.0,1.0,0,0)
DispatchPointer(715684,715768,2,241.9409,231.94252,0.0,0.0,0,1.0,1.0,0,0)
DispatchPointer(715684,715775,2,237.96135,241.40579,0.0,0.0,0,1.0,1.0,0,0)
DispatchPointer(715684,715851,1,226.7459,249.16881,0.0,0.0,0,1.0,1.0,0,0)
DispatchKey(715906,715906,0,23,0,0,-1,0)
DispatchKey(715923,715923,1,23,0,0,-1,0)
LaunchActivity(org.totschnig.myexpenses,org.totschnig.myexpenses.MyExpenses)
DispatchKey(716172,716172,0,20,0,0,-1,0)
DispatchKey(716185,716185,1,20,0,0,-1,0)
DispatchPointer(716683,716683,0,53.0,650.0,0.0,0.0,0,1.0,1.0,0,0)
DispatchPointer(716683,716713,1,46.231434,643.9388,0.0,0.0,0,1.0,1.0,0,0)
DispatchTrackball(-1,716752,2,3.0,0.0,0.0,0.0,0,1.0,1.0,0,0)
DispatchTrackball(-1,716782,2,0.0,-1.0,0.0,0.0,0,1.0,1.0,0,0)
DispatchTrackball(-1,716797,2,4.0,-2.0,0.0,0.0,0,1.0,1.0,0,0)
DispatchTrackball(-1,716804,2,3.0,-2.0,0.0,0.0,0,1.0,1.0,0,0)
DispatchTrackball(-1,716824,2,3.0,1.0,0.0,0.0,0,1.0,1.0,0,0)
DispatchTrackball(-1,716830,2,-3.0,0.0,0.0,0.0,0,1.0,1.0,0,0)
DispatchTrackball(-1,716848,2,3.0,2.0,0.0,0.0,0,1.0,1.0,0,0)
DispatchTrackball(-1,716865,2,-2.0,-5.0,0.0,0.0,0,1.0,1.0,0,0)
DispatchTrackball(-1,716875,2,0.0,-1.0,0.0,0.0,0,1.0,1.0,0,0)
DispatchTrackball(-1,716891,2,4.0,-5.0,0.0,0.0,0,1.0,1.0,0,0)
DispatchKey(716896,716896,0,23,0,0,-1,0)
DispatchKey(717158,717158,1,23,0,0,-1,0)
DispatchPointer(717224,717225,0,135.0,733.0,0.0,0.0,0,1.0,1.0,0,0)
DispatchPointer(717224,717471,2,135.03868,721.3459,0.0,0.0,0,1.0,1.0,0,0)
DispatchPointer(717224,717491,1,135.0754,700.3441,0.0,0.0,0,1.0,1.0,0,0)
DispatchKey(717551,717551,0,23,0,0,-1,0)
DispatchKey(717586,717586,1,23,0,0,-1,0)
DispatchPointer(717615,717616,0,161.0,539.0,0.0,0.0,0,1.0,1.0,0,0)
DispatchPointer(717615,717736,2,164.11224,534.3236,0.0,0.0,0,1.0,1.0,0,0)
DispatchPointer(717615,717753,2,167.30214,533.9865,0.0,0.0,0,1.0,1.0,0,0)
DispatchPointer(717615,717760,1,167.86395,532.8032,0.0,0.0,0,1.0,1.0,0,0)
DispatchPointer(717793,717795,0,352.0,705.0,0.0,0.0,0,1.0,1.0,0,0)
DispatchPointer(717793,717831,2,346.0336,704.3761,0.0,0.0,0,1.0,1.0,0,0)
DispatchPointer(717793,717846,2,341.60483,702.9974,0.0,0.0,0,1.0,1.0,0,0)
