type= raw events
count= -1
speed= 2.0
start data >>
DispatchTrackball(-1,905684,2,-3.0,-3.0,0.0,0.0,0,1.0,1.0,0,0)
DispatchTrackball(-1,908016,2,2.0,1.0,0.0,0.0,0,1.0,1.0,0,0)
DispatchTrackball(-1,908037,2,3.0,-1.0,0.0,0.0,0,1.0,1.0,0,0)
DispatchTrackball(-1,908059,2,-1.0,-5.0,0.0,0.0,0,1.0,1.0,0,0)
DispatchTrackball(-1,908076,2,4.0,-4.0,0.0,0.0,0,1.0,1.0,0,0)
DispatchTrackball(-1,908085,2,-5.0,2.0,0.0,0.0,0,1.0,1.0,0,0)
DispatchTrackball(-1,908102,2,2.0,1.0,0.0,0.0,0,1.0,1.0,0,0)
DispatchTrackball(-1,908109,2,-2.0,1.0,0.0,0.0,0,1.0,1.0,0,0)
DispatchTrackball(-1,908128,2,-4.0,-1.0,0.0,0.0,0,1.0,1.0,0,0)









DispatchPointer(920542,920545,0,28.0,11.0,0.0,0.0,0,1.0,1.0,0,0)
DispatchPointer(920542,920638,2,44.398323,9.011263,0.0,0.0,0,1.0,1.0,0,0)
DispatchPointer(920542,920695,2,53.11053,6.4662485,0.0,0.0,0,1.0,1.0,0,0)
DispatchPointer(920542,920715,2,67.9323,5.623033,0.0,0.0,0,1.0,1.0,0,0)
DispatchPointer(920542,920726,2,84.59114,1.9525521,0.0,0.0,0,1.0,1.0,0,0)
DispatchPointer(920542,920746,2,101.62382,0.0,0.0,0.0,0,1.0,1.0,0,0)
DispatchPointer(920542,920763,2,108.003136,0.0,0.0,0.0,0,1.0,1.0,0,0)
DispatchPointer(920542,920778,2,118.53691,0.0,0.0,0.0,0,1.0,1.0,0,0)
DispatchPointer(920542,920795,2,119.995316,0.0,0.0,0.0,0,1.0,1.0,0,0)
DispatchPointer(920542,920813,2,130.98608,0.0,0.0,0.0,0,1.0,1.0,0,0)
DispatchPointer(920542,920886,1,139.48137,0.0,0.0,0.0,0,1.0,1.0,0,0)
DispatchPointer(920915,920918,0,369.0,455.0,0.0,0.0,0,1.0,1.0,0,0)
DispatchPointer(920915,920943,2,375.0198,434.47192,0.0,0.0,0,1.0,1.0,0,0)
DispatchPointer(920915,920988,2,375.93173,424.0356,0.0,0.0,0,1.0,1.0,0,0)
DispatchPointer(920915,921043,2,387.733,416.4268,0.0,0.0,0,1.0,1.0,0,0)
DispatchPointer(920915,921055,2,387.97742,399.18683,0.0,0.0,0,1.0,1.0,0,0)
DispatchPointer(920915,921063,2,390.30936,382.21692,0.0,0.0,0,1.0,1.0,0,0)
DispatchPointer(920915,921103,2,391.6719,363.54446,0.0,0.0,0,1.0,1.0,0,0)
DispatchPointer(920915,921133,2,402.31104,356.7586,0.0,0.0,0,1.0,1.0,0,0)
DispatchPointer(920915,921221,1,405.11978,353.6843,0.0,0.0,0,1.0,1.0,0,0)
LaunchActivity(org.totschnig.myexpenses,org.totschnig.myexpenses.MyExpenses)
DispatchPointer(921358,921358,0,2.0,657.0,0.0,0.0,0,1.0,1.0,0,0)
DispatchPointer(921358,921369,1,0.0,658.3576,0.0,0.0,0,1.0,1.0,0,0)
DispatchTrackball(-1,921419,2,3.0,3.0,0.0,0.0,0,1.0,1.0,0,0)
DispatchTrackball(-1,921439,2,1.0,3.0,0.0,0.0,0,1.0,1.0,0,0)
DispatchTrackball(-1,921558,2,0.0,-2.0,0.0,0.0,0,1.0,1.0,0,0)
DispatchTrackball(-1,921588,2,-2.0,3.0,0.0,0.0,0,1.0,1.0,0,0)
DispatchTrackball(-1,921648,2,-1.0,3.0,0.0,0.0,0,1.0,1.0,0,0)
DispatchTrackball(-1,921657,2,3.0,0.0,0.0,0.0,0,1.0,1.0,0,0)
DispatchTrackball(-1,921665,2,-2.0,-4.0,0.0,0.0,0,1.0,1.0,0,0)
DispatchTrackball(-1,921684,2,-3.0,2.0,0.0,0.0,0,1.0,1.0,0,0)
DispatchTrackball(-1,923407,2,-3.0,1.0,0.0,0.0,0,1.0,1.0,0,0)
DispatchTrackball(-1,923414,2,-1.0,0.0,0.0,0.0,0,1.0,1.0,0,0)
DispatchTrackball(921419,923420,0,0.0,0.0,0.0,0.0,0,1.0,1.0,0,0)
DispatchTrackball(921419,923433,1,0.0,0.0,0.0,0.0,0,1.0,1.0,0,0)
DispatchKey(923483,923483,0,22,0,0,-1,0)
DispatchKey(923740,923740,1,22,0,0,-1,0)
DispatchTrackball(-1,923812,2,-5.0,3.0,0.0,0.0,0,1.0,1.0,0,0)
DispatchTrackball(-1,923833,2,-5.0,-5.0,0.0,0.0,0,1.0,1.0,0,0)
DispatchTrackball(-1,923850,2,1.0,-3.0,0.0,0.0,0,1.0,1.0,0,0)
DispatchTrackball(-1,923858,2,1.0,-4.0,0.0,0.0,0,1.0,1.0,0,0)
DispatchTrackball(-1,923929,2,2.0,-5.0,0.0,0.0,0,1.0,1.0,0,0)
DispatchTrackball(-1,923968,2,-2.0,-1.0,0.0,0.0,0,1.0,1.0,0,0)
DispatchTrackball(-1,923977,2,-5.0,2.0,0.0,0.0,0,1.0,1.0,0,0)
DispatchTrackball(-1,923983,2,3.0,3.0,0.0,0.0,0,1.0,1.0,0,0)
DispatchTrackball(-1,923988,2,-1.0,1.0,0.0,0.0,0,1.0,1.0,0,0)
DispatchTrackball(-1,924018,2,1.0,2.0,0.0,0.0,0,1.0,1.0,0,0)
DispatchTrackball(-1,924025,2,4.0,-3.0,0.0,0.0,0,1.0,1.0,0,0)
DispatchTrackball(-1,924140,2,-1.0,2.0,0.0,0.0,0,1.0,1.0,0,0)
DispatchTrackball(-1,924169,2,3.0,3.0,0.0,0.0,0,1.0,1.0,0,0)
DispatchTrackball(-1,924176,2,-1.0,-5.0,0.0,0.0,0,1.0,1.0,0,0)
DispatchTrackball(-1,924194,2,-5.0,-2.0,0.0,0.0,0,1.0,1.0,0,0)
DispatchTrackball(-1,924200,2,3.0,1.0,0.0,0.0,0,1.0,1.0,0,0)
DispatchTrackball(-1,924216,2,1.0,-5.0,0.0,0.0,0,1.0,1.0,0,0)
DispatchTrackball(-1,924233,2,0.0,3.0,0.0,0.0,0,1.0,1.0,0,0)
DispatchTrackball(-1,924239,2,-5.0,-4.0,0.0,0.0,0,1.0,1.0,0,0)
DispatchTrackball(-1,924245,2,0.0,-2.0,0.0,0.0,0,1.0,1.0,0,0)
DispatchKey(925481,925481,0,190,0,0,-1,0)
DispatchKey(925812,925812,1,190,0,0,-1,0)
DispatchKey(926461,926461,0,82,0,0,-1,0)
DispatchKey(926509,926509,1,82,0,0,-1,0)
DispatchPointer(927153,927155,0,308.0,298.0,0.0,0.0,0,1.0,1.0,0,0)
DispatchPointer(927153,927170,2,304.42047,305.59796,0.0,0.0,0,1.0,1.0,0,0)
DispatchPointer(927153,927188,2,299.53186,313.27728,0.0,0.0,0,1.0,1.0,0,0)
DispatchPointer(927153,927221,2,293.66455,317.41617,0.0,0.0,0,1.0,1.0,0,0)
DispatchPointer(927153,927228,2,292.37048,329.70947,0.0,0.0,0,1.0,1.0,0,0)
DispatchPointer(927153,927233,2,286.65723,331.80862,0.0,0.0,0,1.0,1.0,0,0)
DispatchPointer(927153,927239,2,273.60434,343.30124,0.0,0.0,0,1.0,1.0,0,0)
DispatchPointer(927153,927261,2,268.55383,345.60617,0.0,0.0,0,1.0,1.0,0,0)
DispatchPointer(927153,927351,2,265.08084,354.51633,0.0,0.0,0,1.0,1.0,0,0)
DispatchPointer(927153,927358,1,260.7317,362.03394,0.0,0.0,0,1.0,1.0,0,0)
DispatchTrackball(-1,927374,2,2.0,3.0,0.0,0.0,0,1.0,1.0,0,0)
DispatchTrackball(-1,927395,2,-5.0,4.0,0.0,0.0,0,1.0,1.0,0,0)
DispatchTrackball(-1,927403,2,-2.0,-4.0,0.0,0.0,0,1.0,1.0,0,0)
DispatchTrackball(-1,927408,2,4.0,1.0,0.0,0.0,0,1.0,1.0,0,0)
DispatchTrackball(-1,927416,2,-5.0,4.0,0.0,0.0,0,1.0,1.0,0,0)
DispatchTrackball(-1,927440,2,4.0,-4.0,0.0,0.0,0,1.0,1.0,0,0)
DispatchTrackball(-1,927458,2,1.0,0.0,0.0,0.0,0,1.0,1.0,0,0)
DispatchTrackball(-1,927467,2,0.0,-5.0,0.0,0.0,0,1.0,1.0,0,0)
DispatchTrackball(-1,927483,2,-4.0,0.0,0.0,0.0,0,1.0,1.0,0,0)
DispatchTrackball(-1,927490,2,3.0,2.0,0.0,0.0,0,1.0,1.0,0,0)
DispatchTrackball(927373,927530,0,0.0,0.0,0.0,0.0,0,1.0,1.0,0,0)
DispatchTrackball(927373,927547,1,0.0,0.0,0.0,0.0,0,1.0,1.0,0,0)
DispatchKey(927573,927573,0,195,0,0,-1,0)
DispatchKey(927795,927795,1,195,0,0,-1,0)
DispatchKey(927873,927873,0,20,0,0,-1,0)
DispatchKey(927942,927942,1,20,0,0,-1,0)
DispatchPointer(928022,928023,0,351.0,450.0,0.0,0.0,0,1.0,1.0,0,0)
DispatchPointer(928022,928058,1,354.2037,439.12323,0.0,0.0,0,1.0,1.0,0,0)
DispatchKey(928084,928084,0,21,0,0,-1,0)
DispatchKey(928376,928376,1,21,0,0,-1,0)
DispatchTrackball(-1,929016,2,4.0,-3.0,0.0,0.0,0,1.0,1.0,0,0)
DispatchTrackball(-1,929080,2,-1.0,4.0,0.0,0.0,0,1.0,1.0,0,0)
DispatchTrackball(-1,929089,2,3.0,-2.0,0.0,0.0,0,1.0,1.0,0,0)
DispatchTrackball(-1,929096,2,4.0,3.0,0.0,0.0,0,1.0,1.0,0,0)
DispatchTrackball(-1,929160,2,2.0,-5.0,0.0,0.0,0,1.0,1.0,0,0)
DispatchTrackball(-1,929532,2,1.0,-2.0,0.0,0.0,0,1.0,1.0,0,0)
DispatchTrackball(-1,929546,2,-1.0,2.0,0.0,0.0,0,1.0,1.0,0,0)
DispatchTrackball(-1,929562,2,-5.0,4.0,0.0,0.0,0,1.0,1.0,0,0)
DispatchTrackball(-1,929569,2,-5.0,-5.0,0.0,0.0,0,1.0,1.0,0,0)
DispatchTrackball(-1,929587,2,-1.0,0.0,0.0,0.0,0,1.0,1.0,0,0)
DispatchTrackball(929016,929609,0,0.0,0.0,0.0,0.0,0,1.0,1.0,0,0)
DispatchTrackball(929016,929616,1,0.0,0.0,0.0,0.0,0,1.0,1.0,0,0)
DispatchPointer(929648,929648,0,224.0,700.0,0.0,0.0,0,1.0,1.0,0,0)
DispatchPointer(929648,929668,1,224.97575,702.2829,0.0,0.0,0,1.0,1.0,0,0)
DispatchKey(929695,929695,0,134,0,0,-1,0)
DispatchKey(929714,929714,1,134,0,0,-1,0)
DispatchTrackball(-1,929743,2,1.0,1.0,0.0,0.0,0,1.0,1.0,0,0)
DispatchTrackball(-1,929755,2,-1.0,-4.0,0.0,0.0,0,1.0,1.0,0,0)
DispatchTrackball(-1,929788,2,3.0,-4.0,0.0,0.0,0,1.0,1.0,0,0)
DispatchTrackball(-1,929815,2,2.0,-5.0,0.0,0.0,0,1.0,1.0,0,0)
DispatchTrackball(-1,929833,2,-1.0,0.0,0.0,0.0,0,1.0,1.0,0,0)
DispatchTrackball(-1,929856,2,4.0,4.0,0.0,0.0,0,1.0,1.0,0,0)
DispatchTrackball(-1,929869,2,-3.0,-2.0,0.0,0.0,0,1.0,1.0,0,0)
DispatchTrackball(-1,929973,2,-3.0,-3.0,0.0,0.0,0,1.0,1.0,0,0)
DispatchTrackball(-1,929992,2,3.0,-3.0,0.0,0.0,0,1.0,1.0,0,0)
DispatchTrackball(-1,929999,2,-2.0,1.0,0.0,0.0,0,1.0,1.0,0,0)
DispatchTrackball(929743,930006,0,0.0,0.0,0.0,0.0,0,1.0,1.0,0,0)
DispatchTrackball(929743,930025,1,0.0,0.0,0.0,0.0,0,1.0,1.0,0,0)
DispatchKey(930040,930040,0,144,0,0,-1,0)
DispatchKey(930666,930666,1,144,0,0,-1,0)
DispatchKey(930718,930718,0,22,0,0,-1,0)
DispatchKey(930813,930813,1,22,0,0,-1,0)
DispatchTrackball(-1,930843,2,3.0,2.0,0.0,0.0,0,1.0,1.0,0,0)
DispatchTrackball(-1,930856,2,3.0,-3.0,0.0,0.0,0,1.0,1.0,0,0)
DispatchTrackball(-1,930933,2,0.0,2.0,0.0,0.0,0,1.0,1.0,0,0)
DispatchTrackball(-1,930938,2,1.0,3.0,0.0,0.0,0,1.0,1.0,0,0)
DispatchTrackball(-1,930945,2,1.0,-1.0,0.0,0.0,0,1.0,1.0,0,0)
DispatchTrackball(-1,930963,2,-3.0,-2.0,0.0,0.0,0,1.0,1.0,0,0)
DispatchTrackball(-1,930969,2,3.0,-2.0,0.0,0.0,0,1.0,1.0,0,0)
DispatchTrackball(-1,930985,2,2.0,2.0,0.0,0.0,0,1.0,1.0,0,0)
DispatchTrackball(-1,931006,2,4.0,4.0,0.0,0.0,0,1.0,1.0,0,0)
DispatchTrackball(-1,931014,2,-4.0,-4.0,0.0,0.0,0,1.0,1.0,0,0)
DispatchTrackball(930843,931031,0,0.0,0.0,0.0,0.0,0,1.0,1.0,0,0)
DispatchTrackball(930843,931038,1,0.0,0.0,0.0,0.0,0,1.0,1.0,0,0)
DispatchTrackball(-1,931079,2,-2.0,1.0,0.0,0.0,0,1.0,1.0,0,0)
DispatchTrackball(-1,931095,2,1.0,-5.0,0.0,0.0,0,1.0,1.0,0,0)
DispatchTrackball(-1,931113,2,2.0,1.0,0.0,0.0,0,1.0,1.0,0,0)
DispatchTrackball(-1,931118,2,-3.0,-4.0,0.0,0.0,0,1.0,1.0,0,0)
DispatchTrackball(-1,931128,2,0.0,-2.0,0.0,0.0,0,1.0,1.0,0,0)
DispatchTrackball(-1,931134,2,0.0,-1.0,0.0,0.0,0,1.0,1.0,0,0)
DispatchTrackball(-1,931141,2,1.0,-2.0,0.0,0.0,0,1.0,1.0,0,0)
DispatchTrackball(-1,931147,2,-5.0,3.0,0.0,0.0,0,1.0,1.0,0,0)
DispatchTrackball(-1,931164,2,-4.0,3.0,0.0,0.0,0,1.0,1.0,0,0)
DispatchTrackball(-1,931170,2,3.0,-3.0,0.0,0.0,0,1.0,1.0,0,0)
DispatchPointer(931186,931191,0,15.0,704.0,0.0,0.0,0,1.0,1.0,0,0)
DispatchPointer(931186,931229,261,16.06875,726.5246,0.0,0.0,0,1.0,1.0,0,0)
DispatchPointer(931186,931238,2,20.456392,728.1787,0.0,0.0,0,1.0,1.0,0,0)
DispatchPointer(931186,931249,2,24.89619,737.0183,0.0,0.0,0,1.0,1.0,0,0)
DispatchPointer(931186,931261,2,25.240152,754.08746,0.0,0.0,0,1.0,1.0,0,0)
DispatchPointer(931186,931279,2,29.386187,769.98773,0.0,0.0,0,1.0,1.0,0,0)
DispatchPointer(931186,931287,2,30.48258,771.0018,0.0,0.0,0,1.0,1.0,0,0)
DispatchPointer(931186,931300,2,33.157635,782.6227,0.0,0.0,0,1.0,1.0,0,0)
DispatchPointer(931186,931316,2,33.749588,800.0,0.0,0.0,0,1.0,1.0,0,0)
DispatchPointer(931186,931326,2,35.823017,800.0,0.0,0.0,0,1.0,1.0,0,0)
DispatchPointer(931186,931338,2,40.524685,800.0,0.0,0.0,0,1.0,1.0,0,0)
DispatchPointer(931186,931355,262,43.813877,800.0,0.0,0.0,0,1.0,1.0,0,0)
DispatchPointer(931186,931378,1,45.74291,800.0,0.0,0.0,0,1.0,1.0,0,0)
DispatchKey(931388,931388,0,22,0,0,-1,0)
DispatchKey(932996,932996,1,22,0,0,-1,0)
DispatchKey(933166,933166,0,3,0,0,-1,0)
DispatchKey(933895,933895,1,3,0,0,-1,0)
