type= raw events
count= -1
speed= 2.0
start data >>
LaunchActivity(org.totschnig.myexpenses,org.totschnig.myexpenses.SelectCategory)
DispatchTrackball(929016,929609,0,0.0,0.0,0.0,0.0,0,1.0,1.0,0,0)
DispatchTrackball(929016,929616,1,0.0,0.0,0.0,0.0,0,1.0,1.0,0,0)
DispatchPointer(929648,929648,0,224.0,700.0,0.0,0.0,0,1.0,1.0,0,0)
DispatchPointer(929648,929668,1,224.97575,702.2829,0.0,0.0,0,1.0,1.0,0,0)
DispatchKey(929695,929695,0,134,0,0,-1,0)
DispatchKey(929714,929714,1,134,0,0,-1,0)
DispatchTrackball(-1,929743,2,1.0,1.0,0.0,0.0,0,1.0,1.0,0,0)
DispatchTrackball(-1,929755,2,-1.0,-4.0,0.0,0.0,0,1.0,1.0,0,0)
DispatchTrackball(-1,929788,2,3.0,-4.0,0.0,0.0,0,1.0,1.0,0,0)
DispatchTrackball(-1,929815,2,2.0,-5.0,0.0,0.0,0,1.0,1.0,0,0)
DispatchTrackball(-1,929833,2,-1.0,0.0,0.0,0.0,0,1.0,1.0,0,0)
DispatchTrackball(-1,929856,2,4.0,4.0,0.0,0.0,0,1.0,1.0,0,0)
DispatchTrackball(-1,929869,2,-3.0,-2.0,0.0,0.0,0,1.0,1.0,0,0)
DispatchTrackball(-1,929973,2,-3.0,-3.0,0.0,0.0,0,1.0,1.0,0,0)
DispatchTrackball(-1,929992,2,3.0,-3.0,0.0,0.0,0,1.0,1.0,0,0)
DispatchTrackball(-1,929999,2,-2.0,1.0,0.0,0.0,0,1.0,1.0,0,0)
DispatchTrackball(929743,930006,0,0.0,0.0,0.0,0.0,0,1.0,1.0,0,0)
DispatchTrackball(929743,930025,1,0.0,0.0,0.0,0.0,0,1.0,1.0,0,0)
DispatchKey(930040,930040,0,144,0,0,-1,0)
DispatchKey(930666,930666,1,144,0,0,-1,0)
DispatchKey(930718,930718,0,22,0,0,-1,0)
DispatchKey(930813,930813,1,22,0,0,-1,0)
DispatchTrackball(-1,930843,2,3.0,2.0,0.0,0.0,0,1.0,1.0,0,0)
DispatchTrackball(-1,930856,2,3.0,-3.0,0.0,0.0,0,1.0,1.0,0,0)
DispatchTrackball(-1,930933,2,0.0,2.0,0.0,0.0,0,1.0,1.0,0,0)
DispatchTrackball(-1,930938,2,1.0,3.0,0.0,0.0,0,1.0,1.0,0,0)
DispatchTrackball(-1,930945,2,1.0,-1.0,0.0,0.0,0,1.0,1.0,0,0)
DispatchTrackball(-1,930963,2,-3.0,-2.0,0.0,0.0,0,1.0,1.0,0,0)
DispatchTrackball(-1,930969,2,3.0,-2.0,0.0,0.0,0,1.0,1.0,0,0)
DispatchTrackball(-1,930985,2,2.0,2.0,0.0,0.0,0,1.0,1.0,0,0)
DispatchTrackball(-1,931006,2,4.0,4.0,0.0,0.0,0,1.0,1.0,0,0)
DispatchTrackball(-1,931014,2,-4.0,-4.0,0.0,0.0,0,1.0,1.0,0,0)
DispatchTrackball(930843,931031,0,0.0,0.0,0.0,0.0,0,1.0,1.0,0,0)
DispatchTrackball(930843,931038,1,0.0,0.0,0.0,0.0,0,1.0,1.0,0,0)
DispatchTrackball(-1,931079,2,-2.0,1.0,0.0,0.0,0,1.0,1.0,0,0)
DispatchTrackball(-1,931095,2,1.0,-5.0,0.0,0.0,0,1.0,1.0,0,0)
DispatchTrackball(-1,931113,2,2.0,1.0,0.0,0.0,0,1.0,1.0,0,0)
DispatchTrackball(-1,931118,2,-3.0,-4.0,0.0,0.0,0,1.0,1.0,0,0)
DispatchTrackball(-1,931128,2,0.0,-2.0,0.0,0.0,0,1.0,1.0,0,0)
DispatchTrackball(-1,931134,2,0.0,-1.0,0.0,0.0,0,1.0,1.0,0,0)
DispatchTrackball(-1,931141,2,1.0,-2.0,0.0,0.0,0,1.0,1.0,0,0)
DispatchTrackball(-1,931147,2,-5.0,3.0,0.0,0.0,0,1.0,1.0,0,0)
DispatchTrackball(-1,931164,2,-4.0,3.0,0.0,0.0,0,1.0,1.0,0,0)
DispatchTrackball(-1,931170,2,3.0,-3.0,0.0,0.0,0,1.0,1.0,0,0)
DispatchPointer(931186,931191,0,15.0,704.0,0.0,0.0,0,1.0,1.0,0,0)
DispatchPointer(931186,931229,261,16.06875,726.5246,0.0,0.0,0,1.0,1.0,0,0)
DispatchPointer(931186,931238,2,20.456392,728.1787,0.0,0.0,0,1.0,1.0,0,0)
DispatchPointer(931186,931249,2,24.89619,737.0183,0.0,0.0,0,1.0,1.0,0,0)
DispatchPointer(931186,931261,2,25.240152,754.08746,0.0,0.0,0,1.0,1.0,0,0)
DispatchPointer(931186,931279,2,29.386187,769.98773,0.0,0.0,0,1.0,1.0,0,0)
DispatchPointer(931186,931287,2,30.48258,771.0018,0.0,0.0,0,1.0,1.0,0,0)
DispatchPointer(931186,931300,2,33.157635,782.6227,0.0,0.0,0,1.0,1.0,0,0)
DispatchPointer(931186,931316,2,33.749588,800.0,0.0,0.0,0,1.0,1.0,0,0)
DispatchPointer(931186,931326,2,35.823017,800.0,0.0,0.0,0,1.0,1.0,0,0)
DispatchPointer(931186,931338,2,40.524685,800.0,0.0,0.0,0,1.0,1.0,0,0)
DispatchPointer(931186,931355,262,43.813877,800.0,0.0,0.0,0,1.0,1.0,0,0)
DispatchPointer(931186,931378,1,45.74291,800.0,0.0,0.0,0,1.0,1.0,0,0)
DispatchKey(931388,931388,0,22,0,0,-1,0)
DispatchKey(932996,932996,1,22,0,0,-1,0)
DispatchKey(933166,933166,0,3,0,0,-1,0)
DispatchKey(933895,933895,1,3,0,0,-1,0)