type= raw events
count= -1
speed= 1.0
start data >>
DispatchKey(319154,319154,0,82,0,0,-1,0)
DispatchKey(321270,321270,1,22,0,0,-1,0)
DispatchTrackball(-1,320207,2,4.0,-4.0,0.0,0.0,0,1.0,1.0,0,0)
DispatchKey(319948,319948,1,23,0,0,-1,0)
DispatchTrackball(-1,320182,2,-3.0,-1.0,0.0,0.0,0,1.0,1.0,0,0)
DispatchKey(319393,319393,1,82,0,0,-1,0)
DispatchKey(319475,319475,0,82,0,0,-1,0)
DispatchTrackball(-1,320355,2,2.0,-1.0,0.0,0.0,0,1.0,1.0,0,0)
DispatchTrackball(-1,320408,2,0.0,-4.0,0.0,0.0,0,1.0,1.0,0,0)
DispatchTrackball(-1,321775,2,-1.0,-4.0,0.0,0.0,0,1.0,1.0,0,0)
DispatchTrackball(-1,320433,2,-3.0,-2.0,0.0,0.0,0,1.0,1.0,0,0)
DispatchKey(319112,319112,0,20,0,0,-1,0)
DispatchKey(319133,319133,1,20,0,0,-1,0)
DispatchTrackball(-1,320242,2,0.0,0.0,0.0,0.0,0,1.0,1.0,0,0)
DispatchTrackball(-1,321766,2,3.0,2.0,0.0,0.0,0,1.0,1.0,0,0)
DispatchTrackball(-1,320266,2,-1.0,2.0,0.0,0.0,0,1.0,1.0,0,0)
DispatchTrackball(-1,321752,2,3.0,4.0,0.0,0.0,0,1.0,1.0,0,0)
DispatchTrackball(-1,320291,2,1.0,-4.0,0.0,0.0,0,1.0,1.0,0,0)
DispatchPointer(320481,320482,0,208.0,503.0,0.0,0.0,0,1.0,1.0,0,0)
DispatchTrackball(-1,320226,2,-4.0,-4.0,0.0,0.0,0,1.0,1.0,0,0)
DispatchTrackball(-1,320311,2,4.0,-1.0,0.0,0.0,0,1.0,1.0,0,0)
DispatchTrackball(-1,320337,2,-2.0,-1.0,0.0,0.0,0,1.0,1.0,0,0)
DispatchTrackball(-1,321712,2,0.0,-3.0,0.0,0.0,0,1.0,1.0,0,0)
DispatchKey(319645,319645,1,82,0,0,-1,0)
DispatchTrackball(-1,320275,2,0.0,-5.0,0.0,0.0,0,1.0,1.0,0,0)
DispatchTrackball(-1,320382,2,-3.0,-4.0,0.0,0.0,0,1.0,1.0,0,0)
DispatchTrackball(-1,320400,2,-3.0,-5.0,0.0,0.0,0,1.0,1.0,0,0)
DispatchKey(319936,319936,0,23,0,0,-1,0)
DispatchTrackball(-1,320414,2,-2.0,4.0,0.0,0.0,0,1.0,1.0,0,0)
DispatchKey(316585,316585,0,82,0,0,-1,0)
DispatchTrackball(-1,320325,2,2.0,-4.0,0.0,0.0,0,1.0,1.0,0,0)
DispatchPointer(320481,320511,1,206.62419,503.10233,0.0,0.0,0,1.0,1.0,0,0)
DispatchKey(320542,320542,0,22,0,0,-1,0)
DispatchKey(319009,319009,1,82,0,0,-1,0)
DispatchPointer(321593,321594,0,297.0,187.0,0.0,0.0,0,1.0,1.0,0,0)
DispatchPointer(582468,582576,1,480.0,746.66296,0.0,0.0,0,1.0,1.0,0,0)
DispatchKey(582608,582608,0,5,0,0,-1,0)
DispatchKey(582896,582896,1,5,0,0,-1,0)
DispatchKey(582963,582963,0,20,0,0,-1,0)
DispatchKey(583269,583269,1,20,0,0,-1,0)
DispatchTrackball(-1,583432,2,-5.0,-5.0,0.0,0.0,0,1.0,1.0,0,0)
DispatchTrackball(-1,583457,2,3.0,-3.0,0.0,0.0,0,1.0,1.0,0,0)
DispatchTrackball(-1,583506,2,-1.0,1.0,0.0,0.0,0,1.0,1.0,0,0)
DispatchTrackball(-1,583519,2,2.0,1.0,0.0,0.0,0,1.0,1.0,0,0)
DispatchTrackball(-1,583550,2,-5.0,0.0,0.0,0.0,0,1.0,1.0,0,0)
DispatchTrackball(-1,583558,2,2.0,1.0,0.0,0.0,0,1.0,1.0,0,0)
DispatchTrackball(-1,583593,2,-3.0,-1.0,0.0,0.0,0,1.0,1.0,0,0)
DispatchTrackball(-1,583616,2,2.0,-5.0,0.0,0.0,0,1.0,1.0,0,0)
DispatchTrackball(-1,583625,2,4.0,2.0,0.0,0.0,0,1.0,1.0,0,0)
DispatchTrackball(-1,583644,2,-1.0,-2.0,0.0,0.0,0,1.0,1.0,0,0)
DispatchKey(583657,583657,0,92,0,0,-1,0)
DispatchKey(583828,583828,1,92,0,0,-1,0)
DispatchPointer(584002,584002,0,302.0,772.0,0.0,0.0,0,1.0,1.0,0,0)
DispatchPointer(584002,584035,1,302.00247,770.0733,0.0,0.0,0,1.0,1.0,0,0)
DispatchKey(584084,584084,0,19,0,0,-1,0)
DispatchKey(584114,584114,1,19,0,0,-1,0)
DispatchTrackball(-1,584148,2,4.0,-3.0,0.0,0.0,0,1.0,1.0,0,0)
DispatchTrackball(-1,584214,2,4.0,-3.0,0.0,0.0,0,1.0,1.0,0,0)
DispatchTrackball(-1,584247,2,-1.0,2.0,0.0,0.0,0,1.0,1.0,0,0)
DispatchTrackball(-1,584255,2,3.0,-5.0,0.0,0.0,0,1.0,1.0,0,0)
DispatchTrackball(-1,584274,2,4.0,-1.0,0.0,0.0,0,1.0,1.0,0,0)
DispatchTrackball(-1,584287,2,-3.0,-1.0,0.0,0.0,0,1.0,1.0,0,0)
DispatchTrackball(-1,584298,2,-5.0,1.0,0.0,0.0,0,1.0,1.0,0,0)
DispatchTrackball(-1,584339,2,4.0,-1.0,0.0,0.0,0,1.0,1.0,0,0)
DispatchTrackball(-1,584371,2,0.0,-4.0,0.0,0.0,0,1.0,1.0,0,0)
DispatchTrackball(-1,584386,2,4.0,3.0,0.0,0.0,0,1.0,1.0,0,0)
DispatchTrackball(-1,584414,2,-2.0,4.0,0.0,0.0,0,1.0,1.0,0,0)
DispatchTrackball(-1,584450,2,1.0,-5.0,0.0,0.0,0,1.0,1.0,0,0)
DispatchTrackball(-1,584476,2,-4.0,1.0,0.0,0.0,0,1.0,1.0,0,0)
DispatchTrackball(-1,584527,2,-5.0,-2.0,0.0,0.0,0,1.0,1.0,0,0)
DispatchTrackball(-1,584535,2,0.0,2.0,0.0,0.0,0,1.0,1.0,0,0)
DispatchTrackball(-1,584551,2,-1.0,1.0,0.0,0.0,0,1.0,1.0,0,0)
DispatchTrackball(-1,584559,2,-5.0,-1.0,0.0,0.0,0,1.0,1.0,0,0)
DispatchTrackball(-1,584624,2,-3.0,-4.0,0.0,0.0,0,1.0,1.0,0,0)
DispatchTrackball(-1,584641,2,0.0,-3.0,0.0,0.0,0,1.0,1.0,0,0)
DispatchTrackball(-1,584652,2,-4.0,-2.0,0.0,0.0,0,1.0,1.0,0,0)
DispatchKey(584674,584674,0,19,0,0,-1,0)
DispatchKey(584748,584748,1,19,0,0,-1,0)
DispatchTrackball(-1,584796,2,-1.0,-3.0,0.0,0.0,0,1.0,1.0,0,0)
DispatchTrackball(-1,584843,2,-2.0,-3.0,0.0,0.0,0,1.0,1.0,0,0)
DispatchTrackball(-1,584892,2,-1.0,0.0,0.0,0.0,0,1.0,1.0,0,0)
DispatchTrackball(-1,584906,2,-2.0,4.0,0.0,0.0,0,1.0,1.0,0,0)
DispatchTrackball(-1,584928,2,2.0,-4.0,0.0,0.0,0,1.0,1.0,0,0)
DispatchTrackball(-1,585005,2,2.0,0.0,0.0,0.0,0,1.0,1.0,0,0)
DispatchTrackball(-1,585028,2,-2.0,-4.0,0.0,0.0,0,1.0,1.0,0,0)
DispatchTrackball(-1,585051,2,4.0,-4.0,0.0,0.0,0,1.0,1.0,0,0)
DispatchTrackball(-1,585075,2,-4.0,-5.0,0.0,0.0,0,1.0,1.0,0,0)
DispatchTrackball(-1,585097,2,0.0,-2.0,0.0,0.0,0,1.0,1.0,0,0)
DispatchTrackball(-1,585132,2,-3.0,-5.0,0.0,0.0,0,1.0,1.0,0,0)
DispatchTrackball(-1,585165,2,4.0,2.0,0.0,0.0,0,1.0,1.0,0,0)
