type= raw events
count= -1
speed= 1.0
start data >>
LaunchActivity(com.google.android.photostream,com.google.android.photostream.LoginActivity)
DispatchKey(262752,262752,0,82,0,0,-1,0)
DispatchKey(264954,264954,1,82,0,0,-1,0)
DispatchPointer(265118,265130,0,464.0,130.0,0.0,0.0,0,1.0,1.0,0,0)
DispatchPointer(265118,265168,1,457.57156,126.605644,0.0,0.0,0,1.0,1.0,0,0)
DispatchKey(265219,265219,0,82,0,0,-1,0)
DispatchKey(265250,265250,1,82,0,0,-1,0)
DispatchPointer(265278,265278,0,24.0,172.0,0.0,0.0,0,1.0,1.0,0,0)
DispatchPointer(265278,265306,2,26.655352,171.20865,0.0,0.0,0,1.0,1.0,0,0)
DispatchPointer(265278,265332,2,29.314564,169.55588,0.0,0.0,0,1.0,1.0,0,0)
DispatchPointer(265278,265351,2,30.180649,167.78014,0.0,0.0,0,1.0,1.0,0,0)
DispatchPointer(265278,265371,1,36.704243,165.92332,0.0,0.0,0,1.0,1.0,0,0)
GUIGen(5)
DispatchKey(296996,296996,0,191,0,0,-1,0)
DispatchKey(297117,297117,1,191,0,0,-1,0)
DispatchKey(297153,297153,0,20,0,0,-1,0)
DispatchKey(297473,297473,1,20,0,0,-1,0)
DispatchKey(297502,297502,0,87,0,0,-1,0)
DispatchKey(297936,297936,1,87,0,0,-1,0)
DispatchTrackball(-1,297999,2,1.0,4.0,0.0,0.0,0,1.0,1.0,0,0)
DispatchTrackball(-1,298068,2,-2.0,3.0,0.0,0.0,0,1.0,1.0,0,0)
DispatchTrackball(-1,298103,2,1.0,3.0,0.0,0.0,0,1.0,1.0,0,0)
DispatchTrackball(-1,298113,2,-5.0,-1.0,0.0,0.0,0,1.0,1.0,0,0)
DispatchTrackball(-1,298120,2,-2.0,2.0,0.0,0.0,0,1.0,1.0,0,0)
DispatchTrackball(-1,298136,2,-2.0,1.0,0.0,0.0,0,1.0,1.0,0,0)
DispatchTrackball(-1,298155,2,3.0,-2.0,0.0,0.0,0,1.0,1.0,0,0)
DispatchTrackball(-1,298171,2,-5.0,3.0,0.0,0.0,0,1.0,1.0,0,0)
DispatchTrackball(-1,298178,2,0.0,3.0,0.0,0.0,0,1.0,1.0,0,0)
DispatchTrackball(-1,298186,2,3.0,-2.0,0.0,0.0,0,1.0,1.0,0,0)
DispatchKey(298194,298194,0,186,0,0,-1,0)
DispatchKey(298265,298265,1,186,0,0,-1,0)
DispatchTrackball(-1,298294,2,-3.0,4.0,0.0,0.0,0,1.0,1.0,0,0)
DispatchTrackball(-1,298307,2,-2.0,1.0,0.0,0.0,0,1.0,1.0,0,0)
DispatchTrackball(-1,298316,2,-2.0,2.0,0.0,0.0,0,1.0,1.0,0,0)
DispatchTrackball(-1,298326,2,-1.0,-2.0,0.0,0.0,0,1.0,1.0,0,0)
DispatchTrackball(-1,298336,2,3.0,4.0,0.0,0.0,0,1.0,1.0,0,0)
DispatchTrackball(-1,298370,2,-4.0,-1.0,0.0,0.0,0,1.0,1.0,0,0)
DispatchTrackball(-1,298494,2,1.0,0.0,0.0,0.0,0,1.0,1.0,0,0)
DispatchTrackball(-1,298524,2,-4.0,0.0,0.0,0.0,0,1.0,1.0,0,0)
DispatchTrackball(-1,298574,2,1.0,-3.0,0.0,0.0,0,1.0,1.0,0,0)
DispatchTrackball(-1,298626,2,4.0,-1.0,0.0,0.0,0,1.0,1.0,0,0)
DispatchKey(298650,298650,0,23,0,0,-1,0)
DispatchKey(298714,298714,1,23,0,0,-1,0)
DispatchKey(298744,298744,0,3,0,0,-1,0)
DispatchKey(298781,298781,1,3,0,0,-1,0)
DispatchKey(299084,299084,0,137,0,0,-1,0)
DispatchKey(299100,299100,1,137,0,0,-1,0)
DispatchKey(299474,299474,0,5,0,0,-1,0)
DispatchKey(299505,299505,1,5,0,0,-1,0)
DispatchKey(299521,299521,0,82,0,0,-1,0)
DispatchKey(299618,299618,1,82,0,0,-1,0)
DispatchTrackball(-1,299646,2,-4.0,-5.0,0.0,0.0,0,1.0,1.0,0,0)
DispatchTrackball(-1,299672,2,4.0,-1.0,0.0,0.0,0,1.0,1.0,0,0)
DispatchTrackball(-1,299678,2,2.0,0.0,0.0,0.0,0,1.0,1.0,0,0)
DispatchTrackball(-1,299701,2,-2.0,1.0,0.0,0.0,0,1.0,1.0,0,0)
DispatchTrackball(-1,299719,2,2.0,-1.0,0.0,0.0,0,1.0,1.0,0,0)
DispatchTrackball(-1,299745,2,4.0,0.0,0.0,0.0,0,1.0,1.0,0,0)
DispatchTrackball(-1,299755,2,3.0,1.0,0.0,0.0,0,1.0,1.0,0,0)
DispatchTrackball(-1,299771,2,0.0,4.0,0.0,0.0,0,1.0,1.0,0,0)
DispatchTrackball(-1,299777,2,2.0,-1.0,0.0,0.0,0,1.0,1.0,0,0)
DispatchTrackball(-1,299793,2,-5.0,3.0,0.0,0.0,0,1.0,1.0,0,0)
DispatchKey(299806,299806,0,24,0,0,-1,0)
DispatchKey(299914,299914,1,24,0,0,-1,0)
DispatchTrackball(-1,300115,2,-3.0,4.0,0.0,0.0,0,1.0,1.0,0,0)
DispatchTrackball(-1,300127,2,-1.0,-1.0,0.0,0.0,0,1.0,1.0,0,0)
DispatchTrackball(-1,300135,2,2.0,-1.0,0.0,0.0,0,1.0,1.0,0,0)
DispatchTrackball(-1,300150,2,4.0,4.0,0.0,0.0,0,1.0,1.0,0,0)
DispatchTrackball(-1,300175,2,2.0,-2.0,0.0,0.0,0,1.0,1.0,0,0)
DispatchTrackball(-1,300210,2,0.0,2.0,0.0,0.0,0,1.0,1.0,0,0)
DispatchTrackball(-1,300219,2,-4.0,-4.0,0.0,0.0,0,1.0,1.0,0,0)
DispatchTrackball(-1,300238,2,-2.0,-1.0,0.0,0.0,0,1.0,1.0,0,0)
DispatchTrackball(-1,300244,2,-5.0,0.0,0.0,0.0,0,1.0,1.0,0,0)
DispatchTrackball(-1,300256,2,0.0,4.0,0.0,0.0,0,1.0,1.0,0,0)
DispatchKey(300280,300280,0,34,0,0,-1,0)
DispatchKey(300384,300384,1,34,0,0,-1,0)
DispatchTrackball(-1,300645,2,4.0,-5.0,0.0,0.0,0,1.0,1.0,0,0)
DispatchTrackball(-1,300677,2,-5.0,-2.0,0.0,0.0,0,1.0,1.0,0,0)
DispatchTrackball(-1,300694,2,4.0,0.0,0.0,0.0,0,1.0,1.0,0,0)
DispatchTrackball(-1,300727,2,1.0,-4.0,0.0,0.0,0,1.0,1.0,0,0)
DispatchTrackball(-1,300743,2,-5.0,1.0,0.0,0.0,0,1.0,1.0,0,0)
DispatchTrackball(-1,300750,2,0.0,2.0,0.0,0.0,0,1.0,1.0,0,0)
DispatchTrackball(-1,300757,2,-5.0,4.0,0.0,0.0,0,1.0,1.0,0,0)
DispatchTrackball(-1,300804,2,-5.0,1.0,0.0,0.0,0,1.0,1.0,0,0)
DispatchTrackball(-1,300813,2,-3.0,1.0,0.0,0.0,0,1.0,1.0,0,0)
DispatchTrackball(-1,300822,2,2.0,3.0,0.0,0.0,0,1.0,1.0,0,0)
DispatchTrackball(-1,300911,2,1.0,-3.0,0.0,0.0,0,1.0,1.0,0,0)
DispatchTrackball(-1,300932,2,-1.0,1.0,0.0,0.0,0,1.0,1.0,0,0)
DispatchTrackball(-1,300990,2,4.0,3.0,0.0,0.0,0,1.0,1.0,0,0)
DispatchTrackball(-1,301052,2,0.0,4.0,0.0,0.0,0,1.0,1.0,0,0)
DispatchTrackball(-1,301072,2,1.0,1.0,0.0,0.0,0,1.0,1.0,0,0)
DispatchTrackball(-1,301093,2,3.0,2.0,0.0,0.0,0,1.0,1.0,0,0)
DispatchTrackball(-1,301112,2,0.0,-1.0,0.0,0.0,0,1.0,1.0,0,0)
DispatchTrackball(-1,301130,2,-4.0,4.0,0.0,0.0,0,1.0,1.0,0,0)
DispatchTrackball(-1,301165,2,1.0,1.0,0.0,0.0,0,1.0,1.0,0,0)
DispatchTrackball(-1,301175,2,1.0,-2.0,0.0,0.0,0,1.0,1.0,0,0)
DispatchTrackball(-1,301202,2,-5.0,3.0,0.0,0.0,0,1.0,1.0,0,0)
DispatchTrackball(-1,301216,2,0.0,-1.0,0.0,0.0,0,1.0,1.0,0,0)
DispatchTrackball(-1,301235,2,2.0,-2.0,0.0,0.0,0,1.0,1.0,0,0)
DispatchTrackball(-1,301252,2,2.0,-4.0,0.0,0.0,0,1.0,1.0,0,0)
DispatchTrackball(-1,301303,2,-4.0,-1.0,0.0,0.0,0,1.0,1.0,0,0)
DispatchTrackball(-1,301389,2,-2.0,-3.0,0.0,0.0,0,1.0,1.0,0,0)
DispatchTrackball(-1,301481,2,1.0,3.0,0.0,0.0,0,1.0,1.0,0,0)
DispatchTrackball(-1,301488,2,-1.0,-4.0,0.0,0.0,0,1.0,1.0,0,0)
DispatchTrackball(-1,301494,2,3.0,-3.0,0.0,0.0,0,1.0,1.0,0,0)
DispatchTrackball(-1,301499,2,-5.0,-2.0,0.0,0.0,0,1.0,1.0,0,0)
DispatchKey(301592,301592,0,82,0,0,-1,0)
DispatchKey(301609,301609,1,82,0,0,-1,0)
DispatchPointer(301636,301636,0,289.0,561.0,0.0,0.0,0,1.0,1.0,0,0)
DispatchPointer(301636,301661,1,279.27795,550.5985,0.0,0.0,0,1.0,1.0,0,0)
DispatchKey(301676,301676,0,7,0,0,-1,0)
DispatchKey(302280,302280,1,7,0,0,-1,0)
DispatchTrackball(-1,302337,2,3.0,-2.0,0.0,0.0,0,1.0,1.0,0,0)
DispatchTrackball(-1,302350,2,2.0,-1.0,0.0,0.0,0,1.0,1.0,0,0)
DispatchTrackball(-1,302377,2,3.0,3.0,0.0,0.0,0,1.0,1.0,0,0)
DispatchTrackball(-1,302385,2,-3.0,-4.0,0.0,0.0,0,1.0,1.0,0,0)
DispatchTrackball(-1,302401,2,3.0,-3.0,0.0,0.0,0,1.0,1.0,0,0)
DispatchTrackball(-1,302409,2,-1.0,-3.0,0.0,0.0,0,1.0,1.0,0,0)
DispatchTrackball(-1,302441,2,-2.0,-5.0,0.0,0.0,0,1.0,1.0,0,0)
DispatchTrackball(-1,302448,2,0.0,3.0,0.0,0.0,0,1.0,1.0,0,0)
DispatchTrackball(-1,302454,2,4.0,2.0,0.0,0.0,0,1.0,1.0,0,0)
DispatchTrackball(-1,302459,2,3.0,1.0,0.0,0.0,0,1.0,1.0,0,0)
DispatchPointer(302522,302523,0,359.0,762.0,0.0,0.0,0,1.0,1.0,0,0)
DispatchPointer(302522,302558,2,347.76868,761.66986,0.0,0.0,0,1.0,1.0,0,0)
DispatchPointer(302522,302585,2,332.45523,755.15826,0.0,0.0,0,1.0,1.0,0,0)
DispatchPointer(302522,302599,2,318.5559,751.056,0.0,0.0,0,1.0,1.0,0,0)
DispatchPointer(302522,302608,2,311.62552,743.74457,0.0,0.0,0,1.0,1.0,0,0)
DispatchPointer(302522,302618,2,301.9615,742.94086,0.0,0.0,0,1.0,1.0,0,0)
DispatchPointer(302522,302627,2,294.27002,736.89185,0.0,0.0,0,1.0,1.0,0,0)
DispatchPointer(302522,302648,2,284.27808,730.14923,0.0,0.0,0,1.0,1.0,0,0)
DispatchPointer(302522,302724,2,274.81787,729.6831,0.0,0.0,0,1.0,1.0,0,0)
DispatchPointer(302522,302749,2,273.28168,722.57446,0.0,0.0,0,1.0,1.0,0,0)
DispatchPointer(302522,302758,1,258.87186,721.3283,0.0,0.0,0,1.0,1.0,0,0)
DispatchKey(302805,302805,0,22,0,0,-1,0)
DispatchKey(302839,302839,1,22,0,0,-1,0)
DispatchTrackball(-1,302898,2,4.0,2.0,0.0,0.0,0,1.0,1.0,0,0)
DispatchTrackball(-1,302960,2,-1.0,-4.0,0.0,0.0,0,1.0,1.0,0,0)
DispatchTrackball(-1,302995,2,2.0,-2.0,0.0,0.0,0,1.0,1.0,0,0)
DispatchTrackball(-1,303007,2,-2.0,-1.0,0.0,0.0,0,1.0,1.0,0,0)
DispatchTrackball(-1,303015,2,3.0,2.0,0.0,0.0,0,1.0,1.0,0,0)
DispatchTrackball(-1,303049,2,-3.0,0.0,0.0,0.0,0,1.0,1.0,0,0)
DispatchTrackball(-1,303120,2,3.0,-3.0,0.0,0.0,0,1.0,1.0,0,0)
DispatchTrackball(-1,303136,2,1.0,3.0,0.0,0.0,0,1.0,1.0,0,0)
DispatchTrackball(-1,303155,2,3.0,-4.0,0.0,0.0,0,1.0,1.0,0,0)
DispatchTrackball(-1,303167,2,0.0,-3.0,0.0,0.0,0,1.0,1.0,0,0)
DispatchTrackball(302898,303188,0,0.0,0.0,0.0,0.0,0,1.0,1.0,0,0)
DispatchTrackball(302898,303261,1,0.0,0.0,0.0,0.0,0,1.0,1.0,0,0)
DispatchTrackball(-1,303398,2,3.0,-2.0,0.0,0.0,0,1.0,1.0,0,0)
DispatchTrackball(-1,303437,2,1.0,-5.0,0.0,0.0,0,1.0,1.0,0,0)
DispatchTrackball(-1,303464,2,0.0,-4.0,0.0,0.0,0,1.0,1.0,0,0)
DispatchTrackball(-1,303476,2,1.0,0.0,0.0,0.0,0,1.0,1.0,0,0)
DispatchTrackball(-1,303485,2,-4.0,-4.0,0.0,0.0,0,1.0,1.0,0,0)
DispatchTrackball(-1,303503,2,2.0,-3.0,0.0,0.0,0,1.0,1.0,0,0)
DispatchTrackball(-1,303509,2,3.0,-5.0,0.0,0.0,0,1.0,1.0,0,0)
