type= raw events
count= -1
speed= 1.0
start data >>
DispatchKey(513537,513537,0,21,0,0,-1,0)
DispatchKey(516409,516409,1,21,0,0,-1,0)
DispatchPointer(516613,516616,0,196.0,593.0,0.0,0.0,0,1.0,1.0,0,0)
DispatchPointer(516613,516683,2,214.10097,593.1065,0.0,0.0,0,1.0,1.0,0,0)
DispatchPointer(516613,516699,2,231.98468,608.5648,0.0,0.0,0,1.0,1.0,0,0)
DispatchPointer(516613,516762,2,251.5113,622.9305,0.0,0.0,0,1.0,1.0,0,0)
DispatchPointer(516613,516783,1,273.36108,641.5849,0.0,0.0,0,1.0,1.0,0,0)
DispatchTrackball(-1,516815,2,-3.0,-4.0,0.0,0.0,0,1.0,1.0,0,0)
DispatchTrackball(-1,516874,2,-2.0,2.0,0.0,0.0,0,1.0,1.0,0,0)
DispatchTrackball(-1,516903,2,0.0,0.0,0.0,0.0,0,1.0,1.0,0,0)
DispatchTrackball(-1,516925,2,0.0,2.0,0.0,0.0,0,1.0,1.0,0,0)
DispatchTrackball(-1,516936,2,-1.0,-3.0,0.0,0.0,0,1.0,1.0,0,0)
DispatchTrackball(-1,516975,2,0.0,3.0,0.0,0.0,0,1.0,1.0,0,0)
DispatchTrackball(-1,516996,2,-1.0,-3.0,0.0,0.0,0,1.0,1.0,0,0)
DispatchTrackball(-1,517021,2,4.0,-5.0,0.0,0.0,0,1.0,1.0,0,0)
DispatchTrackball(-1,517037,2,-1.0,-4.0,0.0,0.0,0,1.0,1.0,0,0)
DispatchTrackball(-1,517053,2,-5.0,-2.0,0.0,0.0,0,1.0,1.0,0,0)
DispatchPointer(517082,517083,0,1.0,645.0,0.0,0.0,0,1.0,1.0,0,0)
DispatchPointer(517082,517109,261,0.0,636.98145,0.0,0.0,0,1.0,1.0,0,0)
DispatchPointer(517082,517142,2,0.0,633.14606,0.0,0.0,0,1.0,1.0,0,0)
DispatchPointer(517082,517166,2,0.0,626.67535,0.0,0.0,0,1.0,1.0,0,0)
DispatchPointer(517082,517179,2,0.0,621.8856,0.0,0.0,0,1.0,1.0,0,0)
DispatchPointer(517082,518564,2,0.0,609.99243,0.0,0.0,0,1.0,1.0,0,0)
DispatchPointer(517082,518687,262,0.0,602.42255,0.0,0.0,0,1.0,1.0,0,0)
DispatchPointer(517082,518721,1,0.0,585.4917,0.0,0.0,0,1.0,1.0,0,0)
DispatchKey(518764,518764,0,21,0,0,-1,0)
DispatchKey(519366,519366,1,21,0,0,-1,0)
DispatchKey(519413,519413,0,22,0,0,-1,0)
DispatchKey(519762,519762,1,22,0,0,-1,0)
DispatchTrackball(-1,519840,2,1.0,-4.0,0.0,0.0,0,1.0,1.0,0,0)
DispatchTrackball(-1,519867,2,-2.0,-2.0,0.0,0.0,0,1.0,1.0,0,0)
DispatchTrackball(-1,519907,2,-5.0,-1.0,0.0,0.0,0,1.0,1.0,0,0)
DispatchTrackball(-1,519932,2,3.0,-2.0,0.0,0.0,0,1.0,1.0,0,0)
DispatchTrackball(-1,519966,2,4.0,3.0,0.0,0.0,0,1.0,1.0,0,0)
DispatchTrackball(-1,520006,2,-4.0,-4.0,0.0,0.0,0,1.0,1.0,0,0)
DispatchTrackball(-1,520015,2,-5.0,0.0,0.0,0.0,0,1.0,1.0,0,0)
DispatchTrackball(-1,520034,2,-5.0,-5.0,0.0,0.0,0,1.0,1.0,0,0)
DispatchTrackball(-1,520051,2,3.0,-2.0,0.0,0.0,0,1.0,1.0,0,0)
DispatchTrackball(-1,520066,2,-3.0,-1.0,0.0,0.0,0,1.0,1.0,0,0)
DispatchTrackball(-1,520075,2,-4.0,2.0,0.0,0.0,0,1.0,1.0,0,0)
DispatchTrackball(-1,520084,2,-1.0,2.0,0.0,0.0,0,1.0,1.0,0,0)
DispatchTrackball(-1,520145,2,-3.0,0.0,0.0,0.0,0,1.0,1.0,0,0)
DispatchTrackball(-1,520152,2,4.0,-2.0,0.0,0.0,0,1.0,1.0,0,0)
DispatchTrackball(-1,520160,2,-2.0,-4.0,0.0,0.0,0,1.0,1.0,0,0)
DispatchTrackball(-1,520176,2,-5.0,-4.0,0.0,0.0,0,1.0,1.0,0,0)
DispatchTrackball(-1,520195,2,-5.0,-5.0,0.0,0.0,0,1.0,1.0,0,0)
DispatchTrackball(-1,520204,2,-3.0,-3.0,0.0,0.0,0,1.0,1.0,0,0)
DispatchTrackball(-1,520228,2,-4.0,0.0,0.0,0.0,0,1.0,1.0,0,0)
DispatchTrackball(-1,520239,2,3.0,1.0,0.0,0.0,0,1.0,1.0,0,0)
DispatchKey(520248,520248,0,22,0,0,-1,0)
DispatchKey(520835,520835,1,22,0,0,-1,0)
DispatchKey(521033,521033,0,20,0,0,-1,0)
DispatchKey(521267,521267,1,20,0,0,-1,0)
DispatchPointer(521328,521329,0,161.0,329.0,0.0,0.0,0,1.0,1.0,0,0)
DispatchPointer(521328,521354,2,148.26123,327.63434,0.0,0.0,0,1.0,1.0,0,0)
DispatchPointer(521328,521368,2,147.51605,326.41675,0.0,0.0,0,1.0,1.0,0,0)
DispatchPointer(521328,521405,2,133.00363,323.39975,0.0,0.0,0,1.0,1.0,0,0)
DispatchPointer(521328,521439,1,126.336426,321.91983,0.0,0.0,0,1.0,1.0,0,0)
LaunchActivity(com.google.android.photostream,com.google.android.photostream.LoginActivity)
DispatchPointer(521507,521508,0,127.0,557.0,0.0,0.0,0,1.0,1.0,0,0)
DispatchPointer(521507,521543,1,112.637436,562.79297,0.0,0.0,0,1.0,1.0,0,0)
DispatchKey(521570,521570,0,178,0,0,-1,0)
DispatchKey(521670,521670,1,178,0,0,-1,0)
DispatchTrackball(-1,521736,2,-2.0,3.0,0.0,0.0,0,1.0,1.0,0,0)
DispatchTrackball(-1,521748,2,-3.0,4.0,0.0,0.0,0,1.0,1.0,0,0)
DispatchTrackball(-1,521771,2,-2.0,0.0,0.0,0.0,0,1.0,1.0,0,0)
DispatchTrackball(-1,521791,2,0.0,-5.0,0.0,0.0,0,1.0,1.0,0,0)
DispatchTrackball(-1,521799,2,-3.0,0.0,0.0,0.0,0,1.0,1.0,0,0)
DispatchTrackball(-1,521815,2,-1.0,-5.0,0.0,0.0,0,1.0,1.0,0,0)
DispatchTrackball(-1,521830,2,-4.0,-3.0,0.0,0.0,0,1.0,1.0,0,0)
DispatchTrackball(-1,521838,2,-4.0,-3.0,0.0,0.0,0,1.0,1.0,0,0)
DispatchTrackball(-1,521844,2,1.0,4.0,0.0,0.0,0,1.0,1.0,0,0)
DispatchTrackball(-1,521852,2,-3.0,-1.0,0.0,0.0,0,1.0,1.0,0,0)
DispatchKey(521858,521858,0,219,0,0,-1,0)
DispatchKey(521878,521878,1,219,0,0,-1,0)
DispatchTrackball(-1,521972,2,-5.0,-3.0,0.0,0.0,0,1.0,1.0,0,0)
DispatchTrackball(-1,522025,2,-5.0,-3.0,0.0,0.0,0,1.0,1.0,0,0)
DispatchTrackball(-1,522043,2,0.0,1.0,0.0,0.0,0,1.0,1.0,0,0)
DispatchTrackball(-1,522061,2,4.0,-5.0,0.0,0.0,0,1.0,1.0,0,0)
DispatchTrackball(-1,522068,2,2.0,-1.0,0.0,0.0,0,1.0,1.0,0,0)
DispatchTrackball(-1,522078,2,1.0,0.0,0.0,0.0,0,1.0,1.0,0,0)
DispatchTrackball(-1,522086,2,0.0,-1.0,0.0,0.0,0,1.0,1.0,0,0)
DispatchTrackball(-1,522106,2,1.0,4.0,0.0,0.0,0,1.0,1.0,0,0)
DispatchTrackball(-1,522125,2,3.0,2.0,0.0,0.0,0,1.0,1.0,0,0)
DispatchTrackball(-1,522130,2,-2.0,-4.0,0.0,0.0,0,1.0,1.0,0,0)
DispatchTrackball(521971,522147,0,0.0,0.0,0.0,0.0,0,1.0,1.0,0,0)
DispatchTrackball(521971,522164,1,0.0,0.0,0.0,0.0,0,1.0,1.0,0,0)
DispatchPointer(522210,522221,0,394.0,44.0,0.0,0.0,0,1.0,1.0,0,0)
DispatchPointer(522210,522262,1,396.08722,48.70102,0.0,0.0,0,1.0,1.0,0,0)
DispatchKey(522833,522833,0,82,0,0,-1,0)
DispatchKey(525433,525433,1,82,0,0,-1,0)
DispatchKey(525511,525511,0,149,0,0,-1,0)
DispatchKey(525527,525527,1,149,0,0,-1,0)
DispatchKey(525588,525588,0,20,0,0,-1,0)
DispatchKey(525734,525734,1,20,0,0,-1,0)
DispatchPointer(525748,525748,0,53.0,770.0,0.0,0.0,0,1.0,1.0,0,0)
DispatchPointer(525748,525804,1,48.14006,758.82654,0.0,0.0,0,1.0,1.0,0,0)
DispatchKey(525826,525826,0,20,0,0,-1,0)
DispatchKey(526935,526935,1,20,0,0,-1,0)
DispatchTrackball(-1,527119,2,3.0,3.0,0.0,0.0,0,1.0,1.0,0,0)
DispatchTrackball(-1,527148,2,2.0,4.0,0.0,0.0,0,1.0,1.0,0,0)
DispatchTrackball(-1,527157,2,-3.0,-5.0,0.0,0.0,0,1.0,1.0,0,0)
DispatchTrackball(-1,527163,2,-5.0,-1.0,0.0,0.0,0,1.0,1.0,0,0)
DispatchTrackball(-1,527180,2,-1.0,3.0,0.0,0.0,0,1.0,1.0,0,0)
DispatchTrackball(-1,527186,2,2.0,4.0,0.0,0.0,0,1.0,1.0,0,0)
DispatchTrackball(-1,527222,2,-1.0,-5.0,0.0,0.0,0,1.0,1.0,0,0)
DispatchTrackball(-1,527229,2,1.0,0.0,0.0,0.0,0,1.0,1.0,0,0)
DispatchTrackball(-1,527264,2,2.0,-4.0,0.0,0.0,0,1.0,1.0,0,0)
DispatchTrackball(-1,527272,2,1.0,-1.0,0.0,0.0,0,1.0,1.0,0,0)
DispatchKey(527278,527278,0,21,0,0,-1,0)
DispatchKey(527675,527675,1,21,0,0,-1,0)
DispatchTrackball(-1,527699,2,-5.0,2.0,0.0,0.0,0,1.0,1.0,0,0)
DispatchTrackball(-1,527751,2,3.0,-5.0,0.0,0.0,0,1.0,1.0,0,0)
DispatchTrackball(-1,527758,2,-2.0,0.0,0.0,0.0,0,1.0,1.0,0,0)
DispatchTrackball(-1,527774,2,-1.0,1.0,0.0,0.0,0,1.0,1.0,0,0)
DispatchTrackball(-1,527782,2,-5.0,-4.0,0.0,0.0,0,1.0,1.0,0,0)
DispatchTrackball(-1,527788,2,0.0,2.0,0.0,0.0,0,1.0,1.0,0,0)
DispatchTrackball(-1,527794,2,1.0,-5.0,0.0,0.0,0,1.0,1.0,0,0)
DispatchTrackball(-1,527801,2,4.0,-2.0,0.0,0.0,0,1.0,1.0,0,0)
DispatchTrackball(-1,527808,2,-2.0,4.0,0.0,0.0,0,1.0,1.0,0,0)
DispatchTrackball(-1,527815,2,0.0,4.0,0.0,0.0,0,1.0,1.0,0,0)
DispatchKey(527823,527823,0,82,0,0,-1,0)
DispatchKey(527895,527895,1,82,0,0,-1,0)
DispatchKey(527942,527942,0,19,0,0,-1,0)
DispatchKey(527995,527995,1,19,0,0,-1,0)
DispatchKey(528039,528039,0,4,0,0,-1,0)
DispatchKey(528155,528155,1,4,0,0,-1,0)
DispatchKey(528208,528208,0,22,0,0,-1,0)
DispatchKey(528305,528305,1,22,0,0,-1,0)
DispatchFlip(false)
DispatchTrackball(-1,528419,2,-2.0,-3.0,0.0,0.0,0,1.0,1.0,0,0)
DispatchTrackball(-1,528513,2,4.0,-4.0,0.0,0.0,0,1.0,1.0,0,0)
DispatchTrackball(-1,528539,2,-4.0,-3.0,0.0,0.0,0,1.0,1.0,0,0)
DispatchTrackball(-1,528557,2,-4.0,-3.0,0.0,0.0,0,1.0,1.0,0,0)
DispatchTrackball(-1,528573,2,1.0,3.0,0.0,0.0,0,1.0,1.0,0,0)
DispatchTrackball(-1,528588,2,2.0,-3.0,0.0,0.0,0,1.0,1.0,0,0)
DispatchTrackball(-1,528594,2,4.0,2.0,0.0,0.0,0,1.0,1.0,0,0)
DispatchTrackball(-1,528611,2,2.0,0.0,0.0,0.0,0,1.0,1.0,0,0)
DispatchTrackball(-1,528618,2,1.0,2.0,0.0,0.0,0,1.0,1.0,0,0)
DispatchTrackball(-1,528625,2,-5.0,-1.0,0.0,0.0,0,1.0,1.0,0,0)
DispatchPointer(528645,528645,0,436.0,771.0,0.0,0.0,0,1.0,1.0,0,0)
DispatchPointer(528645,528670,1,427.51883,756.9015,0.0,0.0,0,1.0,1.0,0,0)
DispatchKey(528724,528724,0,20,0,0,-1,0)
DispatchKey(530693,530693,1,20,0,0,-1,0)
DispatchKey(531576,531576,0,20,0,0,-1,0)
DispatchKey(531779,531779,1,20,0,0,-1,0)
DispatchKey(532438,532438,0,116,0,0,-1,0)
DispatchKey(532568,532568,1,116,0,0,-1,0)
DispatchKey(532625,532625,0,82,0,0,-1,0)
DispatchKey(532659,532659,1,82,0,0,-1,0)
DispatchKey(532711,532711,0,82,0,0,-1,0)
DispatchKey(532806,532806,1,82,0,0,-1,0)
DispatchTrackball(-1,532878,2,-3.0,-2.0,0.0,0.0,0,1.0,1.0,0,0)
DispatchTrackball(-1,532908,2,3.0,-4.0,0.0,0.0,0,1.0,1.0,0,0)
DispatchTrackball(-1,532919,2,3.0,2.0,0.0,0.0,0,1.0,1.0,0,0)
DispatchTrackball(-1,532930,2,-3.0,-3.0,0.0,0.0,0,1.0,1.0,0,0)
DispatchTrackball(-1,532949,2,-4.0,1.0,0.0,0.0,0,1.0,1.0,0,0)
DispatchTrackball(-1,533026,2,-2.0,-4.0,0.0,0.0,0,1.0,1.0,0,0)
DispatchTrackball(-1,533063,2,-1.0,3.0,0.0,0.0,0,1.0,1.0,0,0)
DispatchTrackball(-1,533085,2,2.0,4.0,0.0,0.0,0,1.0,1.0,0,0)
DispatchTrackball(-1,533185,2,3.0,0.0,0.0,0.0,0,1.0,1.0,0,0)
DispatchTrackball(-1,533240,2,-3.0,2.0,0.0,0.0,0,1.0,1.0,0,0)
DispatchKey(533268,533268,0,181,0,0,-1,0)
DispatchKey(533518,533518,1,181,0,0,-1,0)
DispatchKey(533573,533573,0,82,0,0,-1,0)
DispatchKey(533747,533747,1,82,0,0,-1,0)
DispatchKey(533868,533868,0,82,0,0,-1,0)
DispatchKey(534267,534267,1,82,0,0,-1,0)
DispatchPointer(534319,534331,0,212.0,438.0,0.0,0.0,0,1.0,1.0,0,0)
DispatchPointer(534319,534367,2,212.17397,451.25623,0.0,0.0,0,1.0,1.0,0,0)
DispatchPointer(534319,534380,1,213.58548,454.61642,0.0,0.0,0,1.0,1.0,0,0)
DispatchTrackball(-1,534441,2,3.0,-1.0,0.0,0.0,0,1.0,1.0,0,0)
DispatchTrackball(-1,534481,2,4.0,-1.0,0.0,0.0,0,1.0,1.0,0,0)
DispatchTrackball(-1,534489,2,-2.0,3.0,0.0,0.0,0,1.0,1.0,0,0)
DispatchTrackball(-1,534503,2,3.0,0.0,0.0,0.0,0,1.0,1.0,0,0)
DispatchTrackball(-1,534524,2,-3.0,-5.0,0.0,0.0,0,1.0,1.0,0,0)
DispatchTrackball(-1,534535,2,4.0,1.0,0.0,0.0,0,1.0,1.0,0,0)
DispatchTrackball(-1,534547,2,4.0,0.0,0.0,0.0,0,1.0,1.0,0,0)
DispatchTrackball(-1,534556,2,0.0,2.0,0.0,0.0,0,1.0,1.0,0,0)
DispatchTrackball(-1,534575,2,-3.0,-5.0,0.0,0.0,0,1.0,1.0,0,0)
DispatchTrackball(-1,534598,2,-2.0,-5.0,0.0,0.0,0,1.0,1.0,0,0)
DispatchKey(534608,534608,0,22,0,0,-1,0)
DispatchKey(535090,535090,1,22,0,0,-1,0)
DispatchPointer(535263,535265,0,319.0,378.0,0.0,0.0,0,1.0,1.0,0,0)
DispatchPointer(535263,535299,2,317.95886,377.98547,0.0,0.0,0,1.0,1.0,0,0)
DispatchPointer(535263,535330,2,317.33115,377.8516,0.0,0.0,0,1.0,1.0,0,0)
DispatchPointer(535263,535343,2,316.95837,377.67313,0.0,0.0,0,1.0,1.0,0,0)
DispatchPointer(535263,535356,2,315.45465,377.6009,0.0,0.0,0,1.0,1.0,0,0)
DispatchPointer(535263,535392,2,313.68002,377.46518,0.0,0.0,0,1.0,1.0,0,0)
DispatchPointer(535263,535503,2,311.94318,377.34174,0.0,0.0,0,1.0,1.0,0,0)
DispatchPointer(535263,535525,2,311.84808,377.21234,0.0,0.0,0,1.0,1.0,0,0)
DispatchPointer(535263,535534,1,310.6718,377.17392,0.0,0.0,0,1.0,1.0,0,0)
DispatchPointer(535626,535626,0,277.0,668.0,0.0,0.0,0,1.0,1.0,0,0)
DispatchPointer(535626,535654,2,276.84247,656.00165,0.0,0.0,0,1.0,1.0,0,0)
DispatchPointer(535626,535673,2,276.6783,647.6405,0.0,0.0,0,1.0,1.0,0,0)
DispatchPointer(535626,535685,2,276.51492,637.52545,0.0,0.0,0,1.0,1.0,0,0)
DispatchPointer(535626,535703,2,276.36893,635.9376,0.0,0.0,0,1.0,1.0,0,0)
DispatchPointer(535626,535721,2,276.2563,628.7397,0.0,0.0,0,1.0,1.0,0,0)
DispatchPointer(535626,535743,2,276.11035,621.9402,0.0,0.0,0,1.0,1.0,0,0)
DispatchPointer(535626,535780,1,276.04196,615.22687,0.0,0.0,0,1.0,1.0,0,0)
DispatchPointer(535953,535954,0,438.0,494.0,0.0,0.0,0,1.0,1.0,0,0)
DispatchPointer(535953,535995,1,438.19412,494.631,0.0,0.0,0,1.0,1.0,0,0)
DispatchTrackball(-1,536051,2,2.0,-4.0,0.0,0.0,0,1.0,1.0,0,0)
DispatchTrackball(-1,536124,2,-1.0,-5.0,0.0,0.0,0,1.0,1.0,0,0)
DispatchTrackball(-1,536136,2,-5.0,-1.0,0.0,0.0,0,1.0,1.0,0,0)
DispatchTrackball(-1,536146,2,-2.0,4.0,0.0,0.0,0,1.0,1.0,0,0)
DispatchTrackball(-1,536179,2,-5.0,-2.0,0.0,0.0,0,1.0,1.0,0,0)
DispatchTrackball(-1,536197,2,-1.0,-5.0,0.0,0.0,0,1.0,1.0,0,0)
DispatchTrackball(-1,536208,2,-4.0,4.0,0.0,0.0,0,1.0,1.0,0,0)
DispatchTrackball(-1,536304,2,1.0,3.0,0.0,0.0,0,1.0,1.0,0,0)
DispatchTrackball(-1,536325,2,4.0,-1.0,0.0,0.0,0,1.0,1.0,0,0)
DispatchTrackball(-1,536334,2,-4.0,2.0,0.0,0.0,0,1.0,1.0,0,0)
DispatchKey(536379,536379,0,82,0,0,-1,0)
DispatchKey(536721,536721,1,82,0,0,-1,0)
DispatchPointer(536811,536813,0,441.0,471.0,0.0,0.0,0,1.0,1.0,0,0)
DispatchPointer(536811,536829,2,428.195,469.08606,0.0,0.0,0,1.0,1.0,0,0)
DispatchPointer(536811,536907,2,425.13794,466.94547,0.0,0.0,0,1.0,1.0,0,0)
DispatchPointer(536811,536953,2,417.9894,466.6923,0.0,0.0,0,1.0,1.0,0,0)
DispatchPointer(536811,536973,2,405.9301,464.52283,0.0,0.0,0,1.0,1.0,0,0)
DispatchPointer(536811,536989,2,394.1342,463.59012,0.0,0.0,0,1.0,1.0,0,0)
DispatchPointer(536811,536998,2,385.0647,462.23926,0.0,0.0,0,1.0,1.0,0,0)
DispatchPointer(536811,537058,2,380.43774,460.76428,0.0,0.0,0,1.0,1.0,0,0)
DispatchPointer(536811,537073,2,372.28604,459.34082,0.0,0.0,0,1.0,1.0,0,0)
DispatchPointer(536811,537094,1,364.69467,457.13373,0.0,0.0,0,1.0,1.0,0,0)
DispatchTrackball(-1,537143,2,3.0,-1.0,0.0,0.0,0,1.0,1.0,0,0)
DispatchTrackball(-1,537201,2,1.0,-1.0,0.0,0.0,0,1.0,1.0,0,0)
DispatchTrackball(-1,537224,2,-3.0,1.0,0.0,0.0,0,1.0,1.0,0,0)
DispatchTrackball(-1,537245,2,4.0,-3.0,0.0,0.0,0,1.0,1.0,0,0)
DispatchTrackball(-1,537255,2,2.0,4.0,0.0,0.0,0,1.0,1.0,0,0)
DispatchTrackball(-1,537274,2,-5.0,4.0,0.0,0.0,0,1.0,1.0,0,0)
DispatchTrackball(-1,537282,2,4.0,-2.0,0.0,0.0,0,1.0,1.0,0,0)
DispatchTrackball(-1,537302,2,0.0,-4.0,0.0,0.0,0,1.0,1.0,0,0)
DispatchTrackball(-1,537323,2,4.0,1.0,0.0,0.0,0,1.0,1.0,0,0)
DispatchTrackball(-1,537344,2,0.0,-5.0,0.0,0.0,0,1.0,1.0,0,0)
DispatchPointer(537369,537369,0,38.0,112.0,0.0,0.0,0,1.0,1.0,0,0)
DispatchPointer(537369,537402,1,39.770157,123.64789,0.0,0.0,0,1.0,1.0,0,0)
DispatchTrackball(-1,537445,2,0.0,3.0,0.0,0.0,0,1.0,1.0,0,0)
DispatchTrackball(-1,537486,2,-3.0,-3.0,0.0,0.0,0,1.0,1.0,0,0)
DispatchTrackball(-1,537495,2,-1.0,3.0,0.0,0.0,0,1.0,1.0,0,0)
DispatchTrackball(-1,537514,2,-2.0,-1.0,0.0,0.0,0,1.0,1.0,0,0)
DispatchTrackball(-1,537525,2,1.0,-2.0,0.0,0.0,0,1.0,1.0,0,0)
DispatchTrackball(-1,537534,2,-1.0,3.0,0.0,0.0,0,1.0,1.0,0,0)
DispatchTrackball(-1,537552,2,-1.0,-5.0,0.0,0.0,0,1.0,1.0,0,0)
DispatchTrackball(-1,537559,2,-2.0,-3.0,0.0,0.0,0,1.0,1.0,0,0)
DispatchTrackball(-1,537611,2,2.0,-3.0,0.0,0.0,0,1.0,1.0,0,0)
DispatchTrackball(-1,537642,2,-5.0,1.0,0.0,0.0,0,1.0,1.0,0,0)
DispatchKey(537664,537664,0,167,0,0,-1,0)
DispatchKey(538171,538171,1,167,0,0,-1,0)
DispatchTrackball(-1,538190,2,-3.0,-3.0,0.0,0.0,0,1.0,1.0,0,0)
DispatchTrackball(-1,538219,2,0.0,-4.0,0.0,0.0,0,1.0,1.0,0,0)
DispatchTrackball(-1,538291,2,-4.0,-1.0,0.0,0.0,0,1.0,1.0,0,0)
DispatchTrackball(-1,538314,2,-3.0,3.0,0.0,0.0,0,1.0,1.0,0,0)
DispatchTrackball(-1,538335,2,1.0,2.0,0.0,0.0,0,1.0,1.0,0,0)
DispatchTrackball(-1,538352,2,-5.0,-5.0,0.0,0.0,0,1.0,1.0,0,0)
DispatchTrackball(-1,538361,2,1.0,-5.0,0.0,0.0,0,1.0,1.0,0,0)
DispatchTrackball(-1,538373,2,-3.0,2.0,0.0,0.0,0,1.0,1.0,0,0)
DispatchTrackball(-1,538388,2,4.0,4.0,0.0,0.0,0,1.0,1.0,0,0)
DispatchTrackball(-1,538466,2,4.0,4.0,0.0,0.0,0,1.0,1.0,0,0)
LaunchActivity(com.google.android.photostream,com.google.android.photostream.LoginActivity)
DispatchKey(538548,538548,0,21,0,0,-1,0)
DispatchKey(538772,538772,1,21,0,0,-1,0)
DispatchKey(538922,538922,0,22,0,0,-1,0)
DispatchKey(538946,538946,1,22,0,0,-1,0)
DispatchKey(539141,539141,0,21,0,0,-1,0)
DispatchKey(539188,539188,1,21,0,0,-1,0)
DispatchPointer(539359,539360,0,285.0,191.0,0.0,0.0,0,1.0,1.0,0,0)
DispatchPointer(539359,539405,1,282.55304,196.03607,0.0,0.0,0,1.0,1.0,0,0)
DispatchTrackball(-1,539439,2,-5.0,0.0,0.0,0.0,0,1.0,1.0,0,0)
DispatchTrackball(-1,539469,2,4.0,-5.0,0.0,0.0,0,1.0,1.0,0,0)
DispatchTrackball(-1,539476,2,-2.0,0.0,0.0,0.0,0,1.0,1.0,0,0)
DispatchTrackball(-1,539493,2,-3.0,2.0,0.0,0.0,0,1.0,1.0,0,0)
DispatchTrackball(-1,539500,2,0.0,3.0,0.0,0.0,0,1.0,1.0,0,0)
DispatchTrackball(-1,539520,2,-3.0,-2.0,0.0,0.0,0,1.0,1.0,0,0)
DispatchTrackball(-1,539536,2,-5.0,1.0,0.0,0.0,0,1.0,1.0,0,0)
DispatchTrackball(-1,539552,2,3.0,-3.0,0.0,0.0,0,1.0,1.0,0,0)
DispatchTrackball(-1,539558,2,4.0,2.0,0.0,0.0,0,1.0,1.0,0,0)
DispatchTrackball(-1,539563,2,4.0,1.0,0.0,0.0,0,1.0,1.0,0,0)
DispatchTrackball(539439,539568,0,0.0,0.0,0.0,0.0,0,1.0,1.0,0,0)
DispatchTrackball(539439,539583,1,0.0,0.0,0.0,0.0,0,1.0,1.0,0,0)
DispatchPointer(539611,539611,0,434.0,632.0,0.0,0.0,0,1.0,1.0,0,0)
DispatchPointer(539611,539665,1,433.88675,639.4056,0.0,0.0,0,1.0,1.0,0,0)
DispatchPointer(539704,539705,0,50.0,250.0,0.0,0.0,0,1.0,1.0,0,0)
DispatchPointer(539704,539719,1,67.61515,252.95453,0.0,0.0,0,1.0,1.0,0,0)
DispatchKey(539766,539766,0,19,0,0,-1,0)
DispatchKey(539785,539785,1,19,0,0,-1,0)
DispatchKey(540767,540767,0,21,0,0,-1,0)
DispatchKey(541159,541159,1,21,0,0,-1,0)
DispatchKey(541264,541264,0,20,0,0,-1,0)
DispatchKey(542340,542340,1,20,0,0,-1,0)
DispatchKey(542386,542386,0,22,0,0,-1,0)
DispatchKey(542470,542470,1,22,0,0,-1,0)
DispatchKey(542506,542506,0,20,0,0,-1,0)
DispatchKey(542516,542516,1,20,0,0,-1,0)
DispatchKey(543149,543149,0,24,0,0,-1,0)
DispatchKey(543250,543250,1,24,0,0,-1,0)
DispatchPointer(543381,543381,0,0.0,418.0,0.0,0.0,0,1.0,1.0,0,0)
DispatchPointer(543381,543438,2,12.817551,408.9373,0.0,0.0,0,1.0,1.0,0,0)
DispatchPointer(543381,543568,1,18.192368,387.98154,0.0,0.0,0,1.0,1.0,0,0)
DispatchKey(543687,543687,0,22,0,0,-1,0)
DispatchKey(543740,543740,1,22,0,0,-1,0)
DispatchTrackball(-1,543810,2,-1.0,0.0,0.0,0.0,0,1.0,1.0,0,0)
DispatchTrackball(-1,543837,2,1.0,4.0,0.0,0.0,0,1.0,1.0,0,0)
DispatchTrackball(-1,543848,2,2.0,-1.0,0.0,0.0,0,1.0,1.0,0,0)
DispatchTrackball(-1,543873,2,4.0,-4.0,0.0,0.0,0,1.0,1.0,0,0)
DispatchTrackball(-1,543890,2,-3.0,-2.0,0.0,0.0,0,1.0,1.0,0,0)
DispatchTrackball(-1,543899,2,2.0,3.0,0.0,0.0,0,1.0,1.0,0,0)
DispatchTrackball(-1,543914,2,4.0,-2.0,0.0,0.0,0,1.0,1.0,0,0)
DispatchTrackball(-1,543932,2,3.0,-4.0,0.0,0.0,0,1.0,1.0,0,0)
DispatchTrackball(-1,543941,2,3.0,1.0,0.0,0.0,0,1.0,1.0,0,0)
DispatchTrackball(-1,543949,2,-3.0,2.0,0.0,0.0,0,1.0,1.0,0,0)
DispatchKey(543957,543957,0,19,0,0,-1,0)
DispatchKey(544025,544025,1,19,0,0,-1,0)
DispatchKey(544059,544059,0,95,0,0,-1,0)
DispatchKey(544079,544079,1,95,0,0,-1,0)
DispatchPointer(544115,544116,0,395.0,464.0,0.0,0.0,0,1.0,1.0,0,0)
DispatchPointer(544115,544353,1,408.37024,473.2675,0.0,0.0,0,1.0,1.0,0,0)
DispatchTrackball(-1,544520,2,1.0,-3.0,0.0,0.0,0,1.0,1.0,0,0)
DispatchTrackball(-1,544601,2,0.0,-4.0,0.0,0.0,0,1.0,1.0,0,0)
DispatchTrackball(-1,544619,2,-5.0,-4.0,0.0,0.0,0,1.0,1.0,0,0)
DispatchTrackball(-1,544737,2,0.0,-3.0,0.0,0.0,0,1.0,1.0,0,0)
DispatchTrackball(-1,544803,2,0.0,3.0,0.0,0.0,0,1.0,1.0,0,0)
DispatchTrackball(-1,544934,2,-1.0,1.0,0.0,0.0,0,1.0,1.0,0,0)
DispatchTrackball(-1,545151,2,3.0,0.0,0.0,0.0,0,1.0,1.0,0,0)
DispatchTrackball(-1,545328,2,4.0,-3.0,0.0,0.0,0,1.0,1.0,0,0)
DispatchTrackball(-1,545384,2,1.0,4.0,0.0,0.0,0,1.0,1.0,0,0)
DispatchTrackball(-1,545407,2,-1.0,0.0,0.0,0.0,0,1.0,1.0,0,0)
DispatchKey(545416,545416,0,23,0,0,-1,0)
DispatchKey(545607,545607,1,23,0,0,-1,0)
DispatchKey(545699,545699,0,21,0,0,-1,0)
DispatchKey(545737,545737,1,21,0,0,-1,0)
DispatchPointer(545858,545859,0,440.0,306.0,0.0,0.0,0,1.0,1.0,0,0)
DispatchPointer(545858,545886,1,436.1458,313.18295,0.0,0.0,0,1.0,1.0,0,0)
LaunchActivity(com.google.android.photostream,com.google.android.photostream.LoginActivity)
DispatchKey(546307,546307,0,142,0,0,-1,0)
DispatchKey(546336,546336,1,142,0,0,-1,0)
DispatchKey(546356,546356,0,19,0,0,-1,0)
DispatchKey(546379,546379,1,19,0,0,-1,0)
DispatchPointer(546427,546427,0,155.0,377.0,0.0,0.0,0,1.0,1.0,0,0)
DispatchPointer(546427,546478,1,151.25778,378.3957,0.0,0.0,0,1.0,1.0,0,0)
DispatchKey(546515,546515,0,21,0,0,-1,0)
DispatchKey(546534,546534,1,21,0,0,-1,0)
DispatchKey(546562,546562,0,23,0,0,-1,0)
DispatchKey(546573,546573,1,23,0,0,-1,0)
DispatchPointer(546629,546638,0,55.0,516.0,0.0,0.0,0,1.0,1.0,0,0)
DispatchPointer(546629,546659,2,58.61562,528.3538,0.0,0.0,0,1.0,1.0,0,0)
DispatchPointer(546629,546678,2,63.37397,528.5479,0.0,0.0,0,1.0,1.0,0,0)
DispatchPointer(546629,546687,2,67.50145,536.57544,0.0,0.0,0,1.0,1.0,0,0)
DispatchPointer(546629,546695,2,80.69766,544.5644,0.0,0.0,0,1.0,1.0,0,0)
DispatchPointer(546629,546703,2,87.27338,546.9762,0.0,0.0,0,1.0,1.0,0,0)
DispatchPointer(546629,546726,2,91.87827,557.57074,0.0,0.0,0,1.0,1.0,0,0)
DispatchPointer(546629,546736,1,102.32207,568.5283,0.0,0.0,0,1.0,1.0,0,0)
DispatchTrackball(-1,546750,2,-3.0,-1.0,0.0,0.0,0,1.0,1.0,0,0)
DispatchTrackball(-1,546786,2,-3.0,4.0,0.0,0.0,0,1.0,1.0,0,0)
DispatchTrackball(-1,546796,2,1.0,-2.0,0.0,0.0,0,1.0,1.0,0,0)
DispatchTrackball(-1,546814,2,-2.0,-1.0,0.0,0.0,0,1.0,1.0,0,0)
DispatchTrackball(-1,546824,2,0.0,-5.0,0.0,0.0,0,1.0,1.0,0,0)
DispatchTrackball(-1,546832,2,4.0,2.0,0.0,0.0,0,1.0,1.0,0,0)
DispatchTrackball(-1,546845,2,-4.0,2.0,0.0,0.0,0,1.0,1.0,0,0)
DispatchTrackball(-1,546877,2,-2.0,2.0,0.0,0.0,0,1.0,1.0,0,0)
DispatchTrackball(-1,546888,2,-4.0,-4.0,0.0,0.0,0,1.0,1.0,0,0)
DispatchTrackball(-1,546919,2,-5.0,-4.0,0.0,0.0,0,1.0,1.0,0,0)
DispatchPointer(546961,546962,0,440.0,650.0,0.0,0.0,0,1.0,1.0,0,0)
DispatchPointer(546961,547004,1,446.49808,640.82996,0.0,0.0,0,1.0,1.0,0,0)
DispatchTrackball(-1,547044,2,-5.0,2.0,0.0,0.0,0,1.0,1.0,0,0)
