type= raw events
count= -1
speed= 1.0
start data >>
DispatchTrackball(-1,584843,2,-2.0,-3.0,0.0,0.0,0,1.0,1.0,0,0)
DispatchTrackball(-1,584339,2,4.0,-1.0,0.0,0.0,0,1.0,1.0,0,0)
DispatchTrackball(-1,585005,2,2.0,0.0,0.0,0.0,0,1.0,1.0,0,0)
DispatchTrackball(-1,583593,2,-3.0,-1.0,0.0,0.0,0,1.0,1.0,0,0)
DispatchTrackball(-1,583550,2,-5.0,0.0,0.0,0.0,0,1.0,1.0,0,0)
DispatchTrackball(-1,608304,2,3.0,4.0,0.0,0.0,0,1.0,1.0,0,0)
DispatchTrackball(-1,608322,2,4.0,3.0,0.0,0.0,0,1.0,1.0,0,0)
DispatchTrackball(-1,583644,2,-1.0,-2.0,0.0,0.0,0,1.0,1.0,0,0)
DispatchTrackball(-1,608291,2,3.0,4.0,0.0,0.0,0,1.0,1.0,0,0)
DispatchTrackball(-1,584371,2,0.0,-4.0,0.0,0.0,0,1.0,1.0,0,0)
DispatchTrackball(-1,608345,2,-5.0,-1.0,0.0,0.0,0,1.0,1.0,0,0)
DispatchPointer(609328,609361,2,159.34904,515.1253,0.0,0.0,0,1.0,1.0,0,0)
DispatchKey(582896,582896,1,5,0,0,-1,0)
DispatchTrackball(-1,584450,2,1.0,-5.0,0.0,0.0,0,1.0,1.0,0,0)
DispatchKey(609912,609912,0,3,0,0,-1,0)
DispatchPointer(609328,609464,2,164.20924,496.99896,0.0,0.0,0,1.0,1.0,0,0)
DispatchTrackball(-1,584624,2,-3.0,-4.0,0.0,0.0,0,1.0,1.0,0,0)
DispatchKey(608712,608712,1,82,0,0,-1,0)
DispatchTrackball(-1,584928,2,2.0,-4.0,0.0,0.0,0,1.0,1.0,0,0)
DispatchTrackball(-1,585051,2,4.0,-4.0,0.0,0.0,0,1.0,1.0,0,0)
DispatchKey(583269,583269,1,20,0,0,-1,0)
DispatchTrackball(-1,584287,2,-3.0,-1.0,0.0,0.0,0,1.0,1.0,0,0)
DispatchPointer(609328,609329,0,158.0,522.0,0.0,0.0,0,1.0,1.0,0,0)
DispatchPointer(608483,608483,0,280.0,654.0,0.0,0.0,0,1.0,1.0,0,0)
DispatchTrackball(604923,608428,1,0.0,0.0,0.0,0.0,0,1.0,1.0,0,0)
DispatchTrackball(-1,583519,2,2.0,1.0,0.0,0.0,0,1.0,1.0,0,0)
DispatchPointer(609328,609482,1,164.84436,491.924,0.0,0.0,0,1.0,1.0,0,0)
DispatchKey(609509,609509,0,20,0,0,-1,0)
DispatchPointer(582468,582576,1,480.0,746.66296,0.0,0.0,0,1.0,1.0,0,0)
DispatchKey(609723,609723,0,72,0,0,-1,0)
DispatchTrackball(-1,584652,2,-4.0,-2.0,0.0,0.0,0,1.0,1.0,0,0)
DispatchPointer(609818,609818,0,361.0,329.0,0.0,0.0,0,1.0,1.0,0,0)
DispatchTrackball(-1,584414,2,-2.0,4.0,0.0,0.0,0,1.0,1.0,0,0)
DispatchKey(608597,608597,0,82,0,0,-1,0)
DispatchPointer(582468,582548,2,480.0,736.1212,0.0,0.0,0,1.0,1.0,0,0)
DispatchTrackball(-1,583457,2,3.0,-3.0,0.0,0.0,0,1.0,1.0,0,0)
DispatchKey(582608,582608,0,5,0,0,-1,0)
DispatchTrackball(-1,584551,2,-1.0,1.0,0.0,0.0,0,1.0,1.0,0,0)
DispatchKey(609107,609107,1,82,0,0,-1,0)
DispatchTrackball(-1,584148,2,4.0,-3.0,0.0,0.0,0,1.0,1.0,0,0)
DispatchTrackball(-1,583432,2,-5.0,-5.0,0.0,0.0,0,1.0,1.0,0,0)
DispatchKey(609256,609256,1,22,0,0,-1,0)
DispatchTrackball(-1,608226,2,-4.0,-1.0,0.0,0.0,0,1.0,1.0,0,0)
DispatchTrackball(-1,584255,2,3.0,-5.0,0.0,0.0,0,1.0,1.0,0,0)
DispatchTrackball(-1,608358,2,1.0,-2.0,0.0,0.0,0,1.0,1.0,0,0)
DispatchTrackball(-1,585028,2,-2.0,-4.0,0.0,0.0,0,1.0,1.0,0,0)
DispatchTrackball(-1,585165,2,4.0,2.0,0.0,0.0,0,1.0,1.0,0,0)
DispatchTrackball(-1,608244,2,-1.0,3.0,0.0,0.0,0,1.0,1.0,0,0)
DispatchTrackball(-1,583625,2,4.0,2.0,0.0,0.0,0,1.0,1.0,0,0)
DispatchKey(608729,608729,0,82,0,0,-1,0)
DispatchKey(609767,609767,1,72,0,0,-1,0)
DispatchKey(583828,583828,1,92,0,0,-1,0)
DispatchPointer(584002,584035,1,302.00247,770.0733,0.0,0.0,0,1.0,1.0,0,0)
DispatchTrackball(-1,608212,2,1.0,-5.0,0.0,0.0,0,1.0,1.0,0,0)
DispatchKey(584084,584084,0,19,0,0,-1,0)
DispatchKey(584114,584114,1,19,0,0,-1,0)
DispatchKey(609242,609242,0,22,0,0,-1,0)
DispatchTrackball(-1,584214,2,4.0,-3.0,0.0,0.0,0,1.0,1.0,0,0)
DispatchTrackball(-1,584247,2,-1.0,2.0,0.0,0.0,0,1.0,1.0,0,0)
DispatchKey(582963,582963,0,20,0,0,-1,0)
DispatchKey(584748,584748,1,19,0,0,-1,0)
DispatchTrackball(-1,584906,2,-2.0,4.0,0.0,0.0,0,1.0,1.0,0,0)
DispatchTrackball(-1,584298,2,-5.0,1.0,0.0,0.0,0,1.0,1.0,0,0)
DispatchPointer(584002,584002,0,302.0,772.0,0.0,0.0,0,1.0,1.0,0,0)
DispatchTrackball(-1,608365,2,3.0,1.0,0.0,0.0,0,1.0,1.0,0,0)
DispatchTrackball(-1,584386,2,4.0,3.0,0.0,0.0,0,1.0,1.0,0,0)
DispatchTrackball(-1,584641,2,0.0,-3.0,0.0,0.0,0,1.0,1.0,0,0)
DispatchTrackball(-1,584527,2,-5.0,-2.0,0.0,0.0,0,1.0,1.0,0,0)
DispatchTrackball(-1,604923,2,-1.0,-2.0,0.0,0.0,0,1.0,1.0,0,0)
DispatchTrackball(-1,583506,2,-1.0,1.0,0.0,0.0,0,1.0,1.0,0,0)
DispatchPointer(608483,608539,1,267.18155,653.6529,0.0,0.0,0,1.0,1.0,0,0)
DispatchPointer(609328,609389,2,161.47513,506.13223,0.0,0.0,0,1.0,1.0,0,0)
DispatchTrackball(-1,584559,2,-5.0,-1.0,0.0,0.0,0,1.0,1.0,0,0)
DispatchTrackball(604923,608415,0,0.0,0.0,0.0,0.0,0,1.0,1.0,0,0)
DispatchTrackball(-1,583558,2,2.0,1.0,0.0,0.0,0,1.0,1.0,0,0)
DispatchKey(583657,583657,0,92,0,0,-1,0)
DispatchKey(584674,584674,0,19,0,0,-1,0)
DispatchTrackball(-1,584274,2,4.0,-1.0,0.0,0.0,0,1.0,1.0,0,0)
DispatchTrackball(-1,584796,2,-1.0,-3.0,0.0,0.0,0,1.0,1.0,0,0)
DispatchTrackball(-1,584476,2,-4.0,1.0,0.0,0.0,0,1.0,1.0,0,0)
DispatchPointer(609177,609177,0,412.0,518.0,0.0,0.0,0,1.0,1.0,0,0)
DispatchKey(609634,609634,1,20,0,0,-1,0)
DispatchTrackball(-1,584892,2,-1.0,0.0,0.0,0.0,0,1.0,1.0,0,0)
DispatchTrackball(-1,584535,2,0.0,2.0,0.0,0.0,0,1.0,1.0,0,0)
DispatchPointer(609818,609839,1,361.5214,332.9262,0.0,0.0,0,1.0,1.0,0,0)
DispatchPointer(609177,609201,1,408.52313,504.01117,0.0,0.0,0,1.0,1.0,0,0)
DispatchTrackball(-1,585075,2,-4.0,-5.0,0.0,0.0,0,1.0,1.0,0,0)
DispatchTrackball(-1,585097,2,0.0,-2.0,0.0,0.0,0,1.0,1.0,0,0)
DispatchTrackball(-1,585132,2,-3.0,-5.0,0.0,0.0,0,1.0,1.0,0,0)
DispatchTrackball(-1,583616,2,2.0,-5.0,0.0,0.0,0,1.0,1.0,0,0)
