type= raw events
count= -1
speed= 1.0
start data >>
DispatchKey(319154,319154,0,82,0,0,-1,0)
DispatchKey(321270,321270,1,22,0,0,-1,0)
DispatchTrackball(-1,320207,2,4.0,-4.0,0.0,0.0,0,1.0,1.0,0,0)
DispatchKey(319948,319948,1,23,0,0,-1,0)
DispatchTrackball(-1,320182,2,-3.0,-1.0,0.0,0.0,0,1.0,1.0,0,0)
DispatchKey(319393,319393,1,82,0,0,-1,0)
DispatchKey(319475,319475,0,82,0,0,-1,0)
DispatchTrackball(-1,320355,2,2.0,-1.0,0.0,0.0,0,1.0,1.0,0,0)
DispatchTrackball(-1,320408,2,0.0,-4.0,0.0,0.0,0,1.0,1.0,0,0)
DispatchTrackball(-1,321775,2,-1.0,-4.0,0.0,0.0,0,1.0,1.0,0,0)
DispatchTrackball(-1,320433,2,-3.0,-2.0,0.0,0.0,0,1.0,1.0,0,0)
DispatchKey(319112,319112,0,20,0,0,-1,0)
DispatchKey(319133,319133,1,20,0,0,-1,0)
DispatchTrackball(-1,320242,2,0.0,0.0,0.0,0.0,0,1.0,1.0,0,0)
DispatchTrackball(-1,321766,2,3.0,2.0,0.0,0.0,0,1.0,1.0,0,0)
DispatchTrackball(-1,320266,2,-1.0,2.0,0.0,0.0,0,1.0,1.0,0,0)
DispatchTrackball(-1,321752,2,3.0,4.0,0.0,0.0,0,1.0,1.0,0,0)
DispatchTrackball(-1,320291,2,1.0,-4.0,0.0,0.0,0,1.0,1.0,0,0)
DispatchPointer(320481,320482,0,208.0,503.0,0.0,0.0,0,1.0,1.0,0,0)
DispatchTrackball(-1,320226,2,-4.0,-4.0,0.0,0.0,0,1.0,1.0,0,0)
DispatchTrackball(-1,320311,2,4.0,-1.0,0.0,0.0,0,1.0,1.0,0,0)
DispatchTrackball(-1,320337,2,-2.0,-1.0,0.0,0.0,0,1.0,1.0,0,0)
DispatchTrackball(-1,321712,2,0.0,-3.0,0.0,0.0,0,1.0,1.0,0,0)
DispatchKey(319645,319645,1,82,0,0,-1,0)
DispatchTrackball(-1,320275,2,0.0,-5.0,0.0,0.0,0,1.0,1.0,0,0)
DispatchTrackball(-1,320382,2,-3.0,-4.0,0.0,0.0,0,1.0,1.0,0,0)
DispatchTrackball(-1,320400,2,-3.0,-5.0,0.0,0.0,0,1.0,1.0,0,0)
DispatchKey(319936,319936,0,23,0,0,-1,0)
DispatchTrackball(-1,320414,2,-2.0,4.0,0.0,0.0,0,1.0,1.0,0,0)
DispatchKey(316585,316585,0,82,0,0,-1,0)
DispatchTrackball(-1,320325,2,2.0,-4.0,0.0,0.0,0,1.0,1.0,0,0)
DispatchPointer(320481,320511,1,206.62419,503.10233,0.0,0.0,0,1.0,1.0,0,0)
DispatchKey(320542,320542,0,22,0,0,-1,0)
DispatchKey(319009,319009,1,82,0,0,-1,0)
DispatchPointer(321593,321594,0,297.0,187.0,0.0,0.0,0,1.0,1.0,0,0)
DispatchPointer(321593,321665,1,295.4377,188.65932,0.0,0.0,0,1.0,1.0,0,0)
DispatchTrackball(-1,320349,2,2.0,-1.0,0.0,0.0,0,1.0,1.0,0,0)
DispatchTrackball(-1,320366,2,-3.0,-2.0,0.0,0.0,0,1.0,1.0,0,0)
DispatchTrackball(-1,321814,2,-3.0,1.0,0.0,0.0,0,1.0,1.0,0,0)
DispatchTrackball(-1,320250,2,-1.0,-5.0,0.0,0.0,0,1.0,1.0,0,0)
DispatchTrackball(-1,320317,2,3.0,2.0,0.0,0.0,0,1.0,1.0,0,0)
DispatchTrackball(-1,321782,2,1.0,-1.0,0.0,0.0,0,1.0,1.0,0,0)
DispatchTrackball(-1,321790,2,4.0,0.0,0.0,0.0,0,1.0,1.0,0,0)
DispatchTrackball(-1,321807,2,-4.0,0.0,0.0,0.0,0,1.0,1.0,0,0)
DispatchTrackball(-1,321759,2,-2.0,0.0,0.0,0.0,0,1.0,1.0,0,0)
