type= raw events
count= -1
speed= 1.0
start data >>
DispatchTrackball(-1,731538,2,-1.0,1.0,0.0,0.0,0,1.0,1.0,0,0)
DispatchTrackball(-1,734996,2,1.0,-4.0,0.0,0.0,0,1.0,1.0,0,0)
DispatchPointer(735119,735279,2,233.44693,214.99162,0.0,0.0,0,1.0,1.0,0,0)
DispatchPointer(733932,734041,1,480.0,368.59637,0.0,0.0,0,1.0,1.0,0,0)
DispatchTrackball(-1,733677,2,-1.0,3.0,0.0,0.0,0,1.0,1.0,0,0)
DispatchPointer(739695,739835,2,91.4967,74.478935,0.0,0.0,0,1.0,1.0,0,0)
DispatchTrackball(-1,733713,2,-1.0,-1.0,0.0,0.0,0,1.0,1.0,0,0)
DispatchPointer(735119,735200,2,284.44672,257.58157,0.0,0.0,0,1.0,1.0,0,0)
DispatchPointer(733932,734006,2,480.0,365.8183,0.0,0.0,0,1.0,1.0,0,0)
DispatchTrackball(-1,737234,2,0.0,-1.0,0.0,0.0,0,1.0,1.0,0,0)
DispatchTrackball(-1,735014,2,3.0,-1.0,0.0,0.0,0,1.0,1.0,0,0)
DispatchKey(733859,733859,1,21,0,0,-1,0)
DispatchTrackball(-1,733696,2,3.0,-3.0,0.0,0.0,0,1.0,1.0,0,0)
DispatchPointer(735119,735271,2,233.94208,220.01009,0.0,0.0,0,1.0,1.0,0,0)
DispatchPointer(745644,745710,1,218.67783,761.8691,0.0,0.0,0,1.0,1.0,0,0)
DispatchKey(735642,735642,1,82,0,0,-1,0)
DispatchKey(734073,734073,0,23,0,0,-1,0)
DispatchTrackball(-1,733744,2,2.0,-5.0,0.0,0.0,0,1.0,1.0,0,0)
DispatchKey(745872,745872,0,22,0,0,-1,0)
DispatchPointer(734369,734483,2,472.61295,609.2852,0.0,0.0,0,1.0,1.0,0,0)
DispatchTrackball(-1,735033,2,1.0,-1.0,0.0,0.0,0,1.0,1.0,0,0)
DispatchPointer(734369,734568,1,480.0,607.8701,0.0,0.0,0,1.0,1.0,0,0)
DispatchTrackball(-1,733761,2,-5.0,-2.0,0.0,0.0,0,1.0,1.0,0,0)
DispatchTrackball(-1,735682,2,-5.0,-2.0,0.0,0.0,0,1.0,1.0,0,0)
DispatchTrackball(-1,737358,2,-4.0,-5.0,0.0,0.0,0,1.0,1.0,0,0)
DispatchTrackball(-1,734958,2,-2.0,2.0,0.0,0.0,0,1.0,1.0,0,0)
DispatchTrackball(-1,746285,2,0.0,-3.0,0.0,0.0,0,1.0,1.0,0,0)
DispatchTrackball(-1,734977,2,0.0,-3.0,0.0,0.0,0,1.0,1.0,0,0)
DispatchTrackball(-1,734968,2,1.0,-3.0,0.0,0.0,0,1.0,1.0,0,0)
DispatchKey(737973,737973,1,21,0,0,-1,0)
DispatchPointer(735119,735215,2,271.5407,249.555,0.0,0.0,0,1.0,1.0,0,0)
DispatchTrackball(-1,738537,2,-5.0,3.0,0.0,0.0,0,1.0,1.0,0,0)
DispatchTrackball(-1,735052,2,-2.0,1.0,0.0,0.0,0,1.0,1.0,0,0)
DispatchTrackball(-1,735105,2,-4.0,0.0,0.0,0.0,0,1.0,1.0,0,0)
DispatchTrackball(-1,738579,2,2.0,-4.0,0.0,0.0,0,1.0,1.0,0,0)
DispatchTrackball(-1,737315,2,-1.0,-3.0,0.0,0.0,0,1.0,1.0,0,0)
DispatchTrackball(-1,746247,2,0.0,-3.0,0.0,0.0,0,1.0,1.0,0,0)
DispatchTrackball(-1,738609,2,0.0,3.0,0.0,0.0,0,1.0,1.0,0,0)
DispatchTrackball(-1,737351,2,3.0,-5.0,0.0,0.0,0,1.0,1.0,0,0)
DispatchTrackball(-1,746221,2,-1.0,2.0,0.0,0.0,0,1.0,1.0,0,0)
DispatchTrackball(-1,746409,2,2.0,-1.0,0.0,0.0,0,1.0,1.0,0,0)
DispatchTrackball(-1,738922,2,-5.0,-4.0,0.0,0.0,0,1.0,1.0,0,0)
DispatchPointer(733932,733993,2,479.0447,358.14584,0.0,0.0,0,1.0,1.0,0,0)
DispatchPointer(735119,735315,2,230.50247,209.80978,0.0,0.0,0,1.0,1.0,0,0)
DispatchPointer(737165,737187,1,45.969738,204.45212,0.0,0.0,0,1.0,1.0,0,0)
DispatchPointer(735119,735334,262,222.86536,203.2744,0.0,0.0,0,1.0,1.0,0,0)
DispatchPointer(735119,735361,1,208.26216,203.20287,0.0,0.0,0,1.0,1.0,0,0)
DispatchTrackball(-1,746440,2,-1.0,-4.0,0.0,0.0,0,1.0,1.0,0,0)
DispatchKey(739213,739213,1,82,0,0,-1,0)
DispatchPointer(739555,739662,1,84.45818,682.4445,0.0,0.0,0,1.0,1.0,0,0)
DispatchKey(734682,734682,1,11,0,0,-1,0)
DispatchKey(738152,738152,0,20,0,0,-1,0)
DispatchTrackball(-1,735713,2,-5.0,3.0,0.0,0.0,0,1.0,1.0,0,0)
DispatchTrackball(-1,735722,2,-3.0,3.0,0.0,0.0,0,1.0,1.0,0,0)
DispatchTrackball(-1,738569,2,3.0,-2.0,0.0,0.0,0,1.0,1.0,0,0)
DispatchTrackball(-1,735738,2,1.0,-2.0,0.0,0.0,0,1.0,1.0,0,0)
DispatchTrackball(-1,735757,2,1.0,-2.0,0.0,0.0,0,1.0,1.0,0,0)
DispatchTrackball(-1,735763,2,1.0,2.0,0.0,0.0,0,1.0,1.0,0,0)
DispatchKey(735382,735382,0,82,0,0,-1,0)
DispatchPointer(739695,739749,2,116.906586,45.82275,0.0,0.0,0,1.0,1.0,0,0)
DispatchKey(736168,736168,1,23,0,0,-1,0)
DispatchKey(734580,734580,0,11,0,0,-1,0)
DispatchKey(736616,736616,1,23,0,0,-1,0)
DispatchPointer(739695,739817,2,99.52428,60.75019,0.0,0.0,0,1.0,1.0,0,0)
DispatchKey(740039,740039,1,21,0,0,-1,0)
DispatchPointer(737165,737165,0,38.0,197.0,0.0,0.0,0,1.0,1.0,0,0)
DispatchTrackball(-1,737294,2,3.0,3.0,0.0,0.0,0,1.0,1.0,0,0)
DispatchTrackball(-1,737211,2,-2.0,1.0,0.0,0.0,0,1.0,1.0,0,0)
DispatchKey(736522,736522,0,23,0,0,-1,0)
DispatchTrackball(-1,733656,2,1.0,-4.0,0.0,0.0,0,1.0,1.0,0,0)
DispatchTrackball(-1,737272,2,2.0,2.0,0.0,0.0,0,1.0,1.0,0,0)
DispatchTrackball(-1,737278,2,-2.0,0.0,0.0,0.0,0,1.0,1.0,0,0)
DispatchPointer(739555,739644,2,85.94035,680.58685,0.0,0.0,0,1.0,1.0,0,0)
DispatchPointer(735119,735164,261,308.56827,275.55353,0.0,0.0,0,1.0,1.0,0,0)
DispatchKey(737386,737386,0,21,0,0,-1,0)
DispatchKey(738371,738371,1,20,0,0,-1,0)
DispatchPointer(735119,735130,0,318.0,283.0,0.0,0.0,0,1.0,1.0,0,0)
DispatchTrackball(-1,735704,2,-5.0,-2.0,0.0,0.0,0,1.0,1.0,0,0)
DispatchTrackball(-1,737253,2,-4.0,-2.0,0.0,0.0,0,1.0,1.0,0,0)
DispatchPointer(745766,745767,0,319.0,757.0,0.0,0.0,0,1.0,1.0,0,0)
DispatchTrackball(-1,733724,2,1.0,-4.0,0.0,0.0,0,1.0,1.0,0,0)
DispatchTrackball(-1,738460,2,0.0,0.0,0.0,0.0,0,1.0,1.0,0,0)
DispatchTrackball(-1,738508,2,2.0,-2.0,0.0,0.0,0,1.0,1.0,0,0)
DispatchTrackball(-1,738527,2,-4.0,-3.0,0.0,0.0,0,1.0,1.0,0,0)
DispatchPointer(734369,734540,2,477.7669,609.1953,0.0,0.0,0,1.0,1.0,0,0)
DispatchTrackball(-1,738557,2,4.0,4.0,0.0,0.0,0,1.0,1.0,0,0)
DispatchPointer(746335,746338,0,303.0,752.0,0.0,0.0,0,1.0,1.0,0,0)
DispatchTrackball(-1,735731,2,2.0,0.0,0.0,0.0,0,1.0,1.0,0,0)
DispatchTrackball(-1,738904,2,3.0,2.0,0.0,0.0,0,1.0,1.0,0,0)
DispatchTrackball(-1,738589,2,-4.0,-5.0,0.0,0.0,0,1.0,1.0,0,0)
DispatchPointer(735119,735183,2,296.6313,262.41534,0.0,0.0,0,1.0,1.0,0,0)
DispatchPointer(738644,738644,0,402.0,564.0,0.0,0.0,0,1.0,1.0,0,0)
DispatchPointer(738644,738673,1,406.0665,560.74536,0.0,0.0,0,1.0,1.0,0,0)
DispatchTrackball(-1,735768,2,-5.0,-1.0,0.0,0.0,0,1.0,1.0,0,0)
DispatchTrackball(-1,738729,2,0.0,4.0,0.0,0.0,0,1.0,1.0,0,0)
DispatchPointer(735119,735223,2,260.67392,242.38953,0.0,0.0,0,1.0,1.0,0,0)
DispatchTrackball(-1,738822,2,1.0,4.0,0.0,0.0,0,1.0,1.0,0,0)
DispatchTrackball(-1,738840,2,-2.0,0.0,0.0,0.0,0,1.0,1.0,0,0)
DispatchTrackball(-1,738849,2,2.0,3.0,0.0,0.0,0,1.0,1.0,0,0)
DispatchTrackball(-1,746431,2,3.0,3.0,0.0,0.0,0,1.0,1.0,0,0)
DispatchKey(740017,740017,0,21,0,0,-1,0)
DispatchPointer(735119,735243,2,245.78084,229.82697,0.0,0.0,0,1.0,1.0,0,0)
DispatchPointer(739695,739730,2,122.58984,40.992886,0.0,0.0,0,1.0,1.0,0,0)
DispatchTrackball(-1,746531,2,-5.0,2.0,0.0,0.0,0,1.0,1.0,0,0)
DispatchTrackball(-1,733672,2,4.0,-1.0,0.0,0.0,0,1.0,1.0,0,0)
DispatchPointer(739695,739766,2,113.22518,47.21072,0.0,0.0,0,1.0,1.0,0,0)
DispatchTrackball(-1,746316,2,-3.0,3.0,0.0,0.0,0,1.0,1.0,0,0)
DispatchPointer(739555,739556,0,112.0,649.0,0.0,0.0,0,1.0,1.0,0,0)
DispatchPointer(739555,739582,2,107.492805,656.1519,0.0,0.0,0,1.0,1.0,0,0)
DispatchPointer(739555,739606,2,99.18472,664.9292,0.0,0.0,0,1.0,1.0,0,0)
DispatchTrackball(-1,733666,2,4.0,3.0,0.0,0.0,0,1.0,1.0,0,0)
DispatchTrackball(-1,739080,2,-5.0,1.0,0.0,0.0,0,1.0,1.0,0,0)
DispatchTrackball(-1,735666,2,-4.0,1.0,0.0,0.0,0,1.0,1.0,0,0)
DispatchPointer(733932,733933,0,472.0,356.0,0.0,0.0,0,1.0,1.0,0,0)
DispatchPointer(739555,739625,2,92.35486,674.55133,0.0,0.0,0,1.0,1.0,0,0)
DispatchKey(739088,739088,0,82,0,0,-1,0)
DispatchKey(746034,746034,1,20,0,0,-1,0)
DispatchPointer(739695,739792,2,109.42025,57.380272,0.0,0.0,0,1.0,1.0,0,0)
DispatchTrackball(-1,737332,2,-4.0,-4.0,0.0,0.0,0,1.0,1.0,0,0)
DispatchPointer(739695,739828,2,91.71669,68.86858,0.0,0.0,0,1.0,1.0,0,0)
DispatchTrackball(-1,746136,2,-5.0,4.0,0.0,0.0,0,1.0,1.0,0,0)
DispatchTrackball(-1,746495,2,-3.0,0.0,0.0,0.0,0,1.0,1.0,0,0)
DispatchPointer(739695,739882,2,77.65251,88.15498,0.0,0.0,0,1.0,1.0,0,0)
DispatchPointer(739695,739925,1,74.31752,90.78287,0.0,0.0,0,1.0,1.0,0,0)
DispatchTrackball(-1,734777,2,-3.0,4.0,0.0,0.0,0,1.0,1.0,0,0)
DispatchKey(736896,736896,1,23,0,0,-1,0)
GUIGen(1)
DispatchKey(746004,746004,0,20,0,0,-1,0)
DispatchKey(734307,734307,1,23,0,0,-1,0)
DispatchKey(736855,736855,0,23,0,0,-1,0)
DispatchPointer(745766,745794,2,311.7436,760.7666,0.0,0.0,0,1.0,1.0,0,0)
DispatchPointer(745766,745805,2,310.36826,762.9739,0.0,0.0,0,1.0,1.0,0,0)
DispatchPointer(745766,745834,1,307.55566,772.0191,0.0,0.0,0,1.0,1.0,0,0)
DispatchPointer(734369,734369,0,470.0,610.0,0.0,0.0,0,1.0,1.0,0,0)
DispatchKey(745950,745950,1,22,0,0,-1,0)
DispatchPointer(745644,745645,0,222.0,758.0,0.0,0.0,0,1.0,1.0,0,0)
DispatchTrackball(-1,746556,2,3.0,1.0,0.0,0.0,0,1.0,1.0,0,0)
DispatchPointer(735119,735177,2,306.9721,269.92624,0.0,0.0,0,1.0,1.0,0,0)
DispatchTrackball(-1,746167,2,2.0,-4.0,0.0,0.0,0,1.0,1.0,0,0)
DispatchTrackball(-1,746197,2,-2.0,1.0,0.0,0.0,0,1.0,1.0,0,0)
DispatchKey(733781,733781,0,21,0,0,-1,0)
DispatchPointer(739695,739696,0,133.0,35.0,0.0,0.0,0,1.0,1.0,0,0)
DispatchTrackball(-1,746262,2,-2.0,-1.0,0.0,0.0,0,1.0,1.0,0,0)
DispatchTrackball(-1,734986,2,-3.0,1.0,0.0,0.0,0,1.0,1.0,0,0)
DispatchTrackball(-1,746295,2,3.0,0.0,0.0,0.0,0,1.0,1.0,0,0)
DispatchTrackball(-1,746307,2,-2.0,-1.0,0.0,0.0,0,1.0,1.0,0,0)
DispatchKey(739457,739457,1,23,0,0,-1,0)
DispatchTrackball(-1,738564,2,2.0,4.0,0.0,0.0,0,1.0,1.0,0,0)
DispatchPointer(746335,746349,1,291.12024,745.55585,0.0,0.0,0,1.0,1.0,0,0)
DispatchTrackball(-1,738806,2,-1.0,0.0,0.0,0.0,0,1.0,1.0,0,0)
DispatchTrackball(-1,738882,2,-4.0,3.0,0.0,0.0,0,1.0,1.0,0,0)
DispatchTrackball(-1,738706,2,-1.0,0.0,0.0,0.0,0,1.0,1.0,0,0)
DispatchTrackball(-1,746480,2,-1.0,0.0,0.0,0.0,0,1.0,1.0,0,0)
DispatchPointer(739695,739851,2,81.80061,80.43873,0.0,0.0,0,1.0,1.0,0,0)
DispatchKey(739350,739350,0,23,0,0,-1,0)
DispatchKey(735783,735783,0,23,0,0,-1,0)
DispatchTrackball(-1,746510,2,1.0,1.0,0.0,0.0,0,1.0,1.0,0,0)
