type= raw events
count= -1
speed= 2.0
start data >>
DispatchKey(5341517,5341517,0,22,0,0,-1,0)
DispatchKey(5344529,5344529,1,22,0,0,-1,0)
DispatchTrackball(-1,5344712,2,-3.0,3.0,0.0,0.0,0,1.0,1.0,0,0)
DispatchTrackball(-1,5344796,2,-2.0,-1.0,0.0,0.0,0,1.0,1.0,0,0)
DispatchTrackball(-1,5344820,2,-1.0,-3.0,0.0,0.0,0,1.0,1.0,0,0)
DispatchTrackball(-1,5344851,2,3.0,-5.0,0.0,0.0,0,1.0,1.0,0,0)
DispatchTrackball(-1,5344875,2,-2.0,4.0,0.0,0.0,0,1.0,1.0,0,0)
DispatchTrackball(-1,5344886,2,1.0,-3.0,0.0,0.0,0,1.0,1.0,0,0)
DispatchTrackball(-1,5344903,2,-1.0,3.0,0.0,0.0,0,1.0,1.0,0,0)
DispatchTrackball(-1,5344926,2,2.0,0.0,0.0,0.0,0,1.0,1.0,0,0)
DispatchTrackball(-1,5344944,2,2.0,-3.0,0.0,0.0,0,1.0,1.0,0,0)
DispatchTrackball(-1,5344966,2,-3.0,-2.0,0.0,0.0,0,1.0,1.0,0,0)
DispatchKey(5345184,5345184,0,22,0,0,-1,0)
DispatchKey(5345686,5345686,1,22,0,0,-1,0)
DispatchKey(5345720,5345720,0,23,0,0,-1,0)
DispatchKey(5345744,5345744,1,23,0,0,-1,0)
LaunchActivity(com.nloko.android.syncmypix,com.nloko.android.syncmypix.MainActivity)
DispatchKey(5346267,5346267,0,134,0,0,-1,0)
DispatchKey(5346374,5346374,1,134,0,0,-1,0)
DispatchTrackball(-1,5346770,2,-1.0,2.0,0.0,0.0,0,1.0,1.0,0,0)
DispatchTrackball(-1,5346799,2,1.0,2.0,0.0,0.0,0,1.0,1.0,0,0)
DispatchTrackball(-1,5346834,2,-4.0,2.0,0.0,0.0,0,1.0,1.0,0,0)
DispatchTrackball(-1,5346853,2,0.0,-1.0,0.0,0.0,0,1.0,1.0,0,0)
DispatchTrackball(-1,5346870,2,-2.0,0.0,0.0,0.0,0,1.0,1.0,0,0)
DispatchTrackball(-1,5346885,2,0.0,3.0,0.0,0.0,0,1.0,1.0,0,0)
DispatchTrackball(-1,5346904,2,4.0,0.0,0.0,0.0,0,1.0,1.0,0,0)
DispatchTrackball(-1,5346923,2,0.0,2.0,0.0,0.0,0,1.0,1.0,0,0)
DispatchTrackball(-1,5346932,2,2.0,4.0,0.0,0.0,0,1.0,1.0,0,0)
DispatchTrackball(-1,5346955,2,0.0,-5.0,0.0,0.0,0,1.0,1.0,0,0)
DispatchTrackball(-1,5346972,2,2.0,1.0,0.0,0.0,0,1.0,1.0,0,0)
DispatchTrackball(-1,5346992,2,3.0,1.0,0.0,0.0,0,1.0,1.0,0,0)
DispatchTrackball(-1,5347014,2,1.0,1.0,0.0,0.0,0,1.0,1.0,0,0)
DispatchTrackball(-1,5347030,2,-2.0,4.0,0.0,0.0,0,1.0,1.0,0,0)
DispatchTrackball(-1,5347039,2,2.0,2.0,0.0,0.0,0,1.0,1.0,0,0)
DispatchTrackball(-1,5347157,2,-4.0,-5.0,0.0,0.0,0,1.0,1.0,0,0)
DispatchTrackball(-1,5347164,2,4.0,-5.0,0.0,0.0,0,1.0,1.0,0,0)
DispatchTrackball(-1,5347182,2,-1.0,-4.0,0.0,0.0,0,1.0,1.0,0,0)
DispatchTrackball(-1,5347187,2,-5.0,-5.0,0.0,0.0,0,1.0,1.0,0,0)
DispatchTrackball(-1,5347223,2,2.0,-1.0,0.0,0.0,0,1.0,1.0,0,0)
DispatchPointer(5347244,5347245,0,70.0,492.0,0.0,0.0,0,1.0,1.0,0,0)
DispatchPointer(5347244,5347279,1,68.88259,493.30704,0.0,0.0,0,1.0,1.0,0,0)
DispatchKey(5347321,5347321,0,20,0,0,-1,0)
DispatchKey(5347630,5347630,1,20,0,0,-1,0)
DispatchKey(5347784,5347784,0,20,0,0,-1,0)
DispatchKey(5347823,5347823,1,20,0,0,-1,0)
DispatchTrackball(-1,5347879,2,-5.0,-3.0,0.0,0.0,0,1.0,1.0,0,0)
DispatchTrackball(-1,5347906,2,-3.0,2.0,0.0,0.0,0,1.0,1.0,0,0)
DispatchTrackball(-1,5347970,2,0.0,3.0,0.0,0.0,0,1.0,1.0,0,0)
DispatchTrackball(-1,5347988,2,4.0,-2.0,0.0,0.0,0,1.0,1.0,0,0)
DispatchTrackball(-1,5347998,2,2.0,4.0,0.0,0.0,0,1.0,1.0,0,0)
DispatchTrackball(-1,5348009,2,-5.0,-1.0,0.0,0.0,0,1.0,1.0,0,0)
DispatchTrackball(-1,5348027,2,1.0,1.0,0.0,0.0,0,1.0,1.0,0,0)
DispatchTrackball(-1,5348039,2,2.0,3.0,0.0,0.0,0,1.0,1.0,0,0)
DispatchTrackball(-1,5348072,2,4.0,2.0,0.0,0.0,0,1.0,1.0,0,0)
DispatchTrackball(-1,5348084,2,3.0,3.0,0.0,0.0,0,1.0,1.0,0,0)
DispatchPointer(5348097,5348098,0,465.0,335.0,0.0,0.0,0,1.0,1.0,0,0)
DispatchPointer(5348097,5348116,1,456.4344,341.37582,0.0,0.0,0,1.0,1.0,0,0)
DispatchPointer(5351017,5351025,0,323.0,331.0,0.0,0.0,0,1.0,1.0,0,0)
DispatchPointer(5351017,5351046,261,319.88174,335.15918,0.0,0.0,0,1.0,1.0,0,0)
DispatchPointer(5351017,5351057,2,314.95483,339.1316,0.0,0.0,0,1.0,1.0,0,0)
DispatchPointer(5351017,5351077,2,299.767,346.14963,0.0,0.0,0,1.0,1.0,0,0)
DispatchPointer(5351017,5351087,2,282.76712,349.78375,0.0,0.0,0,1.0,1.0,0,0)
DispatchPointer(5351017,5351109,2,264.54544,355.36514,0.0,0.0,0,1.0,1.0,0,0)
DispatchPointer(5351017,5351129,2,256.359,360.95215,0.0,0.0,0,1.0,1.0,0,0)
DispatchPointer(5351017,5351145,2,253.08572,367.95987,0.0,0.0,0,1.0,1.0,0,0)
DispatchPointer(5351017,5351164,2,236.50565,372.49463,0.0,0.0,0,1.0,1.0,0,0)
DispatchPointer(5351017,5351173,2,231.56702,375.71783,0.0,0.0,0,1.0,1.0,0,0)
DispatchPointer(5351017,5351185,2,217.06992,376.02332,0.0,0.0,0,1.0,1.0,0,0)
DispatchPointer(5351017,5351206,262,212.68814,382.8689,0.0,0.0,0,1.0,1.0,0,0)
DispatchPointer(5351017,5351216,1,202.39427,384.48843,0.0,0.0,0,1.0,1.0,0,0)
DispatchKey(5351239,5351239,0,19,0,0,-1,0)
DispatchKey(5351281,5351281,1,19,0,0,-1,0)
DispatchPointer(5351345,5351346,0,34.0,323.0,0.0,0.0,0,1.0,1.0,0,0)
DispatchPointer(5351345,5351378,2,32.947247,331.11386,0.0,0.0,0,1.0,1.0,0,0)
DispatchPointer(5351345,5351396,1,32.142616,335.27426,0.0,0.0,0,1.0,1.0,0,0)
DispatchKey(5351426,5351426,0,67,0,0,-1,0)
DispatchKey(5351588,5351588,1,67,0,0,-1,0)
DispatchKey(5351605,5351605,0,20,0,0,-1,0)
DispatchKey(5351622,5351622,1,20,0,0,-1,0)
DispatchPointer(5351665,5351666,0,462.0,544.0,0.0,0.0,0,1.0,1.0,0,0)
DispatchPointer(5351665,5351701,1,475.35822,538.24316,0.0,0.0,0,1.0,1.0,0,0)
DispatchPointer(5351866,5351867,0,357.0,510.0,0.0,0.0,0,1.0,1.0,0,0)
DispatchPointer(5351866,5351923,1,347.34628,523.9595,0.0,0.0,0,1.0,1.0,0,0)
DispatchKey(5352802,5352802,0,20,0,0,-1,0)
DispatchKey(5352823,5352823,1,20,0,0,-1,0)
DispatchKey(5352875,5352875,0,23,0,0,-1,0)
DispatchKey(5352976,5352976,1,23,0,0,-1,0)
DispatchKey(5353016,5353016,0,96,0,0,-1,0)
DispatchKey(5353026,5353026,1,96,0,0,-1,0)
DispatchKey(5353111,5353111,0,23,0,0,-1,0)
DispatchKey(5353143,5353143,1,23,0,0,-1,0)
DispatchKey(5354004,5354004,0,19,0,0,-1,0)
DispatchKey(5354051,5354051,1,19,0,0,-1,0)
DispatchKey(5354071,5354071,0,82,0,0,-1,0)
DispatchKey(5354094,5354094,1,82,0,0,-1,0)
DispatchKey(5354113,5354113,0,21,0,0,-1,0)
DispatchKey(5354129,5354129,1,21,0,0,-1,0)
DispatchPointer(5354213,5354214,0,96.0,495.0,0.0,0.0,0,1.0,1.0,0,0)
DispatchPointer(5354213,5354240,1,85.363686,489.0805,0.0,0.0,0,1.0,1.0,0,0)
DispatchTrackball(-1,5354294,2,-2.0,-3.0,0.0,0.0,0,1.0,1.0,0,0)
DispatchTrackball(-1,5354313,2,1.0,-1.0,0.0,0.0,0,1.0,1.0,0,0)
DispatchTrackball(-1,5354336,2,3.0,-3.0,0.0,0.0,0,1.0,1.0,0,0)
DispatchTrackball(-1,5354347,2,-2.0,3.0,0.0,0.0,0,1.0,1.0,0,0)
DispatchTrackball(-1,5354399,2,-5.0,-2.0,0.0,0.0,0,1.0,1.0,0,0)
DispatchTrackball(-1,5354438,2,1.0,1.0,0.0,0.0,0,1.0,1.0,0,0)
DispatchTrackball(-1,5354448,2,-3.0,-5.0,0.0,0.0,0,1.0,1.0,0,0)
DispatchTrackball(-1,5354469,2,-5.0,4.0,0.0,0.0,0,1.0,1.0,0,0)
DispatchTrackball(-1,5354492,2,-4.0,3.0,0.0,0.0,0,1.0,1.0,0,0)
DispatchTrackball(-1,5354514,2,-4.0,3.0,0.0,0.0,0,1.0,1.0,0,0)
DispatchPointer(5354551,5354552,0,464.0,614.0,0.0,0.0,0,1.0,1.0,0,0)
DispatchPointer(5354551,5354566,1,466.71744,609.9913,0.0,0.0,0,1.0,1.0,0,0)
DispatchKey(5354685,5354685,0,19,0,0,-1,0)
DispatchKey(5354742,5354742,1,19,0,0,-1,0)
DispatchTrackball(-1,5354885,2,-4.0,-1.0,0.0,0.0,0,1.0,1.0,0,0)
DispatchTrackball(-1,5354921,2,-3.0,4.0,0.0,0.0,0,1.0,1.0,0,0)
DispatchTrackball(-1,5354942,2,-1.0,3.0,0.0,0.0,0,1.0,1.0,0,0)
DispatchTrackball(-1,5354966,2,2.0,-2.0,0.0,0.0,0,1.0,1.0,0,0)
DispatchTrackball(-1,5354976,2,-3.0,0.0,0.0,0.0,0,1.0,1.0,0,0)
DispatchTrackball(-1,5354993,2,-1.0,1.0,0.0,0.0,0,1.0,1.0,0,0)
DispatchTrackball(-1,5355023,2,-4.0,3.0,0.0,0.0,0,1.0,1.0,0,0)
DispatchTrackball(-1,5355041,2,-5.0,0.0,0.0,0.0,0,1.0,1.0,0,0)
DispatchTrackball(-1,5355049,2,3.0,4.0,0.0,0.0,0,1.0,1.0,0,0)
DispatchTrackball(-1,5355058,2,-2.0,4.0,0.0,0.0,0,1.0,1.0,0,0)
DispatchTrackball(5354885,5355066,0,0.0,0.0,0.0,0.0,0,1.0,1.0,0,0)
DispatchTrackball(5354885,5355114,1,0.0,0.0,0.0,0.0,0,1.0,1.0,0,0)
DispatchPointer(5355174,5355174,0,137.0,680.0,0.0,0.0,0,1.0,1.0,0,0)
DispatchPointer(5355174,5355199,1,136.92776,686.68353,0.0,0.0,0,1.0,1.0,0,0)
DispatchKey(5355231,5355231,0,20,0,0,-1,0)
DispatchKey(5355433,5355433,1,20,0,0,-1,0)
DispatchTrackball(-1,5355570,2,-1.0,3.0,0.0,0.0,0,1.0,1.0,0,0)
DispatchTrackball(-1,5355587,2,-1.0,-3.0,0.0,0.0,0,1.0,1.0,0,0)
DispatchTrackball(-1,5355605,2,-4.0,1.0,0.0,0.0,0,1.0,1.0,0,0)
DispatchTrackball(-1,5355614,2,-4.0,-2.0,0.0,0.0,0,1.0,1.0,0,0)
DispatchTrackball(-1,5355687,2,-2.0,-4.0,0.0,0.0,0,1.0,1.0,0,0)
DispatchTrackball(-1,5355912,2,-5.0,-1.0,0.0,0.0,0,1.0,1.0,0,0)
DispatchTrackball(-1,5359291,2,-2.0,-4.0,0.0,0.0,0,1.0,1.0,0,0)
DispatchTrackball(-1,5359299,2,0.0,-3.0,0.0,0.0,0,1.0,1.0,0,0)
DispatchTrackball(-1,5359401,2,-2.0,-4.0,0.0,0.0,0,1.0,1.0,0,0)
DispatchTrackball(-1,5359410,2,-5.0,-4.0,0.0,0.0,0,1.0,1.0,0,0)
LaunchActivity(com.nloko.android.syncmypix,com.nloko.android.syncmypix.MainActivity)
DispatchPointer(5359849,5359860,0,220.0,657.0,0.0,0.0,0,1.0,1.0,0,0)
DispatchPointer(5359849,5359986,2,219.93352,655.4131,0.0,0.0,0,1.0,1.0,0,0)
DispatchPointer(5359849,5359996,2,213.42412,650.4733,0.0,0.0,0,1.0,1.0,0,0)
DispatchPointer(5359849,5360016,2,210.33038,639.01996,0.0,0.0,0,1.0,1.0,0,0)
DispatchPointer(5359849,5360024,2,206.99866,633.1436,0.0,0.0,0,1.0,1.0,0,0)
DispatchPointer(5359849,5360045,2,201.11627,620.67676,0.0,0.0,0,1.0,1.0,0,0)
DispatchPointer(5359849,5360062,2,184.7777,614.4727,0.0,0.0,0,1.0,1.0,0,0)
DispatchPointer(5359849,5360081,1,174.24759,609.4169,0.0,0.0,0,1.0,1.0,0,0)
DispatchKey(5360129,5360129,0,5,0,0,-1,0)
DispatchKey(5360199,5360199,1,5,0,0,-1,0)
DispatchTrackball(-1,5360292,2,1.0,3.0,0.0,0.0,0,1.0,1.0,0,0)
DispatchTrackball(-1,5360340,2,-4.0,1.0,0.0,0.0,0,1.0,1.0,0,0)
DispatchTrackball(-1,5360369,2,-2.0,-5.0,0.0,0.0,0,1.0,1.0,0,0)
DispatchTrackball(-1,5360449,2,2.0,-4.0,0.0,0.0,0,1.0,1.0,0,0)
DispatchTrackball(-1,5360459,2,4.0,1.0,0.0,0.0,0,1.0,1.0,0,0)
DispatchTrackball(-1,5360505,2,3.0,-5.0,0.0,0.0,0,1.0,1.0,0,0)
DispatchTrackball(-1,5360526,2,4.0,2.0,0.0,0.0,0,1.0,1.0,0,0)
DispatchTrackball(-1,5360538,2,-2.0,-2.0,0.0,0.0,0,1.0,1.0,0,0)
DispatchTrackball(-1,5360602,2,-5.0,3.0,0.0,0.0,0,1.0,1.0,0,0)
DispatchTrackball(-1,5360639,2,1.0,-5.0,0.0,0.0,0,1.0,1.0,0,0)
DispatchTrackball(-1,5360683,2,-5.0,3.0,0.0,0.0,0,1.0,1.0,0,0)
DispatchTrackball(-1,5360749,2,3.0,4.0,0.0,0.0,0,1.0,1.0,0,0)
DispatchTrackball(-1,5360780,2,1.0,3.0,0.0,0.0,0,1.0,1.0,0,0)
DispatchTrackball(-1,5360827,2,4.0,-3.0,0.0,0.0,0,1.0,1.0,0,0)
DispatchTrackball(-1,5360883,2,-5.0,-4.0,0.0,0.0,0,1.0,1.0,0,0)
DispatchTrackball(-1,5360960,2,-4.0,-3.0,0.0,0.0,0,1.0,1.0,0,0)
DispatchTrackball(-1,5361035,2,2.0,3.0,0.0,0.0,0,1.0,1.0,0,0)
DispatchTrackball(-1,5361045,2,-1.0,3.0,0.0,0.0,0,1.0,1.0,0,0)
DispatchTrackball(-1,5361055,2,-1.0,0.0,0.0,0.0,0,1.0,1.0,0,0)
DispatchTrackball(-1,5361062,2,1.0,4.0,0.0,0.0,0,1.0,1.0,0,0)
DispatchTrackball(5360683,5361074,0,0.0,0.0,0.0,0.0,0,1.0,1.0,0,0)
DispatchTrackball(5360683,5361118,1,0.0,0.0,0.0,0.0,0,1.0,1.0,0,0)
DispatchPointer(5361195,5361196,0,181.0,749.0,0.0,0.0,0,1.0,1.0,0,0)
DispatchPointer(5361195,5361225,1,178.20862,740.2574,0.0,0.0,0,1.0,1.0,0,0)
DispatchPointer(5361323,5361325,0,205.0,335.0,0.0,0.0,0,1.0,1.0,0,0)
DispatchPointer(5361323,5361454,261,205.48851,336.23334,0.0,0.0,0,1.0,1.0,0,0)
DispatchPointer(5361323,5361473,2,206.86575,338.0863,0.0,0.0,0,1.0,1.0,0,0)
DispatchPointer(5361323,5361490,2,208.2807,339.79056,0.0,0.0,0,1.0,1.0,0,0)
DispatchPointer(5361323,5361513,2,209.44328,342.00027,0.0,0.0,0,1.0,1.0,0,0)
DispatchPointer(5361323,5361534,2,209.46225,344.1423,0.0,0.0,0,1.0,1.0,0,0)
DispatchPointer(5361323,5361545,2,210.56001,345.04443,0.0,0.0,0,1.0,1.0,0,0)
DispatchPointer(5361323,5361566,2,211.10141,346.39987,0.0,0.0,0,1.0,1.0,0,0)
DispatchPointer(5361323,5361574,2,212.49974,346.53122,0.0,0.0,0,1.0,1.0,0,0)




GUIGen(3)






































































































DispatchKey(5389101,5389101,1,188,0,0,-1,0)
DispatchPointer(5389313,5389314,0,231.0,159.0,0.0,0.0,0,1.0,1.0,0,0)
DispatchPointer(5389313,5389326,2,219.55768,152.57826,0.0,0.0,0,1.0,1.0,0,0)
DispatchPointer(5389313,5389401,2,202.66971,132.72499,0.0,0.0,0,1.0,1.0,0,0)
DispatchPointer(5389313,5389456,2,198.09703,123.87267,0.0,0.0,0,1.0,1.0,0,0)
DispatchPointer(5389313,5389463,2,191.25546,113.51603,0.0,0.0,0,1.0,1.0,0,0)
DispatchPointer(5389313,5389522,2,187.51587,95.76854,0.0,0.0,0,1.0,1.0,0,0)
DispatchPointer(5389313,5389529,2,174.6163,93.0712,0.0,0.0,0,1.0,1.0,0,0)
DispatchPointer(5389313,5389564,2,171.3405,76.96642,0.0,0.0,0,1.0,1.0,0,0)
DispatchPointer(5389313,5389582,1,158.54494,72.74624,0.0,0.0,0,1.0,1.0,0,0)
DispatchKey(5389633,5389633,0,28,0,0,-1,0)
DispatchKey(5389806,5389806,1,28,0,0,-1,0)
DispatchPointer(5389830,5389830,0,136.0,358.0,0.0,0.0,0,1.0,1.0,0,0)
DispatchPointer(5389830,5389856,1,139.13026,359.21628,0.0,0.0,0,1.0,1.0,0,0)
DispatchTrackball(-1,5389901,2,-5.0,4.0,0.0,0.0,0,1.0,1.0,0,0)
DispatchTrackball(-1,5389919,2,-4.0,-3.0,0.0,0.0,0,1.0,1.0,0,0)
DispatchTrackball(-1,5389940,2,1.0,2.0,0.0,0.0,0,1.0,1.0,0,0)
DispatchTrackball(-1,5389956,2,0.0,-2.0,0.0,0.0,0,1.0,1.0,0,0)
DispatchTrackball(-1,5389983,2,1.0,-5.0,0.0,0.0,0,1.0,1.0,0,0)
DispatchTrackball(-1,5390012,2,-2.0,-2.0,0.0,0.0,0,1.0,1.0,0,0)
DispatchTrackball(-1,5390019,2,3.0,3.0,0.0,0.0,0,1.0,1.0,0,0)
DispatchTrackball(-1,5390040,2,0.0,-1.0,0.0,0.0,0,1.0,1.0,0,0)
DispatchTrackball(-1,5390056,2,0.0,-2.0,0.0,0.0,0,1.0,1.0,0,0)
DispatchTrackball(-1,5390086,2,-3.0,4.0,0.0,0.0,0,1.0,1.0,0,0)
DispatchKey(5390105,5390105,0,22,0,0,-1,0)
DispatchKey(5390274,5390274,1,22,0,0,-1,0)
LaunchActivity(com.nloko.android.syncmypix,com.nloko.android.syncmypix.MainActivity)
DispatchPointer(5390954,5390955,0,378.0,10.0,0.0,0.0,0,1.0,1.0,0,0)
DispatchPointer(5390954,5391008,1,367.47037,2.4156775,0.0,0.0,0,1.0,1.0,0,0)
DispatchTrackball(-1,5391036,2,-5.0,-4.0,0.0,0.0,0,1.0,1.0,0,0)
DispatchTrackball(-1,5391266,2,4.0,-4.0,0.0,0.0,0,1.0,1.0,0,0)
DispatchTrackball(-1,5391285,2,2.0,-5.0,0.0,0.0,0,1.0,1.0,0,0)
DispatchTrackball(-1,5391294,2,-3.0,-5.0,0.0,0.0,0,1.0,1.0,0,0)
DispatchTrackball(-1,5391345,2,-4.0,4.0,0.0,0.0,0,1.0,1.0,0,0)
DispatchTrackball(-1,5391365,2,-4.0,2.0,0.0,0.0,0,1.0,1.0,0,0)
DispatchTrackball(-1,5391387,2,-1.0,3.0,0.0,0.0,0,1.0,1.0,0,0)
DispatchTrackball(-1,5391395,2,1.0,3.0,0.0,0.0,0,1.0,1.0,0,0)
DispatchTrackball(-1,5391432,2,-3.0,4.0,0.0,0.0,0,1.0,1.0,0,0)
DispatchTrackball(-1,5391438,2,0.0,-2.0,0.0,0.0,0,1.0,1.0,0,0)
DispatchKey(5391493,5391493,0,22,0,0,-1,0)
DispatchKey(5391580,5391580,1,22,0,0,-1,0)
DispatchKey(5391721,5391721,0,19,0,0,-1,0)
DispatchKey(5392229,5392229,1,19,0,0,-1,0)
DispatchPointer(5393257,5393259,0,97.0,81.0,0.0,0.0,0,1.0,1.0,0,0)
DispatchPointer(5393257,5393295,2,85.691284,82.34409,0.0,0.0,0,1.0,1.0,0,0)
DispatchPointer(5393257,5393303,2,81.83339,82.50202,0.0,0.0,0,1.0,1.0,0,0)
DispatchPointer(5393257,5393309,2,74.96409,85.239815,0.0,0.0,0,1.0,1.0,0,0)
DispatchPointer(5393257,5393316,2,62.239258,85.71836,0.0,0.0,0,1.0,1.0,0,0)
DispatchPointer(5393257,5393330,2,57.84529,89.76958,0.0,0.0,0,1.0,1.0,0,0)
DispatchPointer(5393257,5393336,2,50.898026,91.560036,0.0,0.0,0,1.0,1.0,0,0)
DispatchPointer(5393257,5393392,2,44.38813,92.83763,0.0,0.0,0,1.0,1.0,0,0)
DispatchPointer(5393257,5393400,2,43.495575,93.26145,0.0,0.0,0,1.0,1.0,0,0)
DispatchPointer(5393257,5393453,2,42.84729,95.01588,0.0,0.0,0,1.0,1.0,0,0)
DispatchPointer(5393257,5393460,1,30.013096,97.015816,0.0,0.0,0,1.0,1.0,0,0)
DispatchKey(5393596,5393596,0,21,0,0,-1,0)
DispatchKey(5393677,5393677,1,21,0,0,-1,0)
DispatchPointer(5393805,5393806,0,97.0,760.0,0.0,0.0,0,1.0,1.0,0,0)
DispatchPointer(5393805,5393847,1,108.00151,750.06067,0.0,0.0,0,1.0,1.0,0,0)
DispatchPointer(5393889,5393901,0,339.0,509.0,0.0,0.0,0,1.0,1.0,0,0)
DispatchPointer(5393889,5393953,1,335.3417,504.4488,0.0,0.0,0,1.0,1.0,0,0)
DispatchKey(5393999,5393999,0,19,0,0,-1,0)
DispatchKey(5394018,5394018,1,19,0,0,-1,0)
DispatchTrackball(-1,5394094,2,4.0,3.0,0.0,0.0,0,1.0,1.0,0,0)
DispatchTrackball(-1,5394118,2,-5.0,-1.0,0.0,0.0,0,1.0,1.0,0,0)
DispatchTrackball(-1,5394128,2,-2.0,-5.0,0.0,0.0,0,1.0,1.0,0,0)
DispatchTrackball(-1,5394259,2,-5.0,-1.0,0.0,0.0,0,1.0,1.0,0,0)
DispatchTrackball(-1,5394297,2,-2.0,-4.0,0.0,0.0,0,1.0,1.0,0,0)
DispatchTrackball(-1,5394308,2,-1.0,-1.0,0.0,0.0,0,1.0,1.0,0,0)
DispatchTrackball(-1,5394316,2,-1.0,-5.0,0.0,0.0,0,1.0,1.0,0,0)
DispatchTrackball(-1,5394333,2,-5.0,1.0,0.0,0.0,0,1.0,1.0,0,0)
DispatchTrackball(-1,5394353,2,-5.0,-3.0,0.0,0.0,0,1.0,1.0,0,0)
DispatchTrackball(-1,5394375,2,1.0,2.0,0.0,0.0,0,1.0,1.0,0,0)
DispatchPointer(5394531,5394537,0,310.0,449.0,0.0,0.0,0,1.0,1.0,0,0)
DispatchPointer(5394531,5394695,261,305.03015,458.48334,0.0,0.0,0,1.0,1.0,0,0)
DispatchPointer(5394531,5394714,2,301.83133,462.98083,0.0,0.0,0,1.0,1.0,0,0)
DispatchPointer(5394531,5394757,2,299.7995,465.70886,0.0,0.0,0,1.0,1.0,0,0)
DispatchPointer(5394531,5394862,2,296.9828,472.38278,0.0,0.0,0,1.0,1.0,0,0)
DispatchPointer(5394531,5394869,2,295.72385,485.79474,0.0,0.0,0,1.0,1.0,0,0)
