type= raw events
count= -1
speed= 2.0
start data >>
DispatchTrackball(-1,5668756,2,-4.0,-4.0,0.0,0.0,0,1.0,1.0,0,0)
DispatchTrackball(-1,5671507,2,-3.0,-3.0,0.0,0.0,0,1.0,1.0,0,0)
DispatchTrackball(-1,5671532,2,1.0,3.0,0.0,0.0,0,1.0,1.0,0,0)
DispatchTrackball(-1,5671556,2,2.0,-3.0,0.0,0.0,0,1.0,1.0,0,0)
DispatchTrackball(-1,5671573,2,0.0,-4.0,0.0,0.0,0,1.0,1.0,0,0)
DispatchTrackball(-1,5671592,2,2.0,1.0,0.0,0.0,0,1.0,1.0,0,0)
DispatchTrackball(-1,5671605,2,-3.0,2.0,0.0,0.0,0,1.0,1.0,0,0)
DispatchTrackball(-1,5671622,2,-5.0,-1.0,0.0,0.0,0,1.0,1.0,0,0)
DispatchTrackball(-1,5671643,2,-3.0,1.0,0.0,0.0,0,1.0,1.0,0,0)
DispatchTrackball(-1,5671662,2,-2.0,1.0,0.0,0.0,0,1.0,1.0,0,0)
DispatchTrackball(-1,5671681,2,-4.0,3.0,0.0,0.0,0,1.0,1.0,0,0)
DispatchTrackball(-1,5671704,2,-2.0,-2.0,0.0,0.0,0,1.0,1.0,0,0)
DispatchTrackball(-1,5671724,2,4.0,-2.0,0.0,0.0,0,1.0,1.0,0,0)
DispatchTrackball(-1,5671733,2,2.0,-1.0,0.0,0.0,0,1.0,1.0,0,0)
DispatchTrackball(-1,5671757,2,0.0,-1.0,0.0,0.0,0,1.0,1.0,0,0)
DispatchTrackball(-1,5671764,2,1.0,-2.0,0.0,0.0,0,1.0,1.0,0,0)
DispatchTrackball(-1,5671785,2,-2.0,-1.0,0.0,0.0,0,1.0,1.0,0,0)
DispatchTrackball(-1,5671795,2,0.0,4.0,0.0,0.0,0,1.0,1.0,0,0)
DispatchTrackball(-1,5671814,2,-5.0,-2.0,0.0,0.0,0,1.0,1.0,0,0)
DispatchTrackball(-1,5671833,2,-5.0,3.0,0.0,0.0,0,1.0,1.0,0,0)
DispatchKey(5671842,5671842,0,20,0,0,-1,0)
DispatchKey(5672367,5672367,1,20,0,0,-1,0)
DispatchKey(5672710,5672710,0,22,0,0,-1,0)
DispatchKey(5672723,5672723,1,22,0,0,-1,0)
DispatchKey(5672779,5672779,0,24,0,0,-1,0)
DispatchKey(5672880,5672880,1,24,0,0,-1,0)
DispatchKey(5672933,5672933,0,20,0,0,-1,0)
DispatchKey(5673116,5673116,1,20,0,0,-1,0)
DispatchPointer(5673518,5673519,0,279.0,556.0,0.0,0.0,0,1.0,1.0,0,0)
DispatchPointer(5673518,5673563,1,280.44974,554.5649,0.0,0.0,0,1.0,1.0,0,0)
DispatchKey(5673602,5673602,0,22,0,0,-1,0)
DispatchKey(5673780,5673780,1,22,0,0,-1,0)
DispatchKey(5673968,5673968,0,20,0,0,-1,0)
DispatchKey(5674153,5674153,1,20,0,0,-1,0)
DispatchKey(5674361,5674361,0,19,0,0,-1,0)
DispatchKey(5674494,5674494,1,19,0,0,-1,0)
DispatchKey(5674558,5674558,0,21,0,0,-1,0)
DispatchKey(5674631,5674631,1,21,0,0,-1,0)








































































































DispatchTrackball(-1,5684415,2,-5.0,2.0,0.0,0.0,0,1.0,1.0,0,0)
DispatchTrackball(-1,5684451,2,1.0,3.0,0.0,0.0,0,1.0,1.0,0,0)
DispatchTrackball(-1,5684502,2,2.0,1.0,0.0,0.0,0,1.0,1.0,0,0)
DispatchTrackball(-1,5684513,2,3.0,-4.0,0.0,0.0,0,1.0,1.0,0,0)
DispatchTrackball(-1,5684562,2,0.0,-2.0,0.0,0.0,0,1.0,1.0,0,0)
DispatchTrackball(-1,5684569,2,0.0,4.0,0.0,0.0,0,1.0,1.0,0,0)
DispatchTrackball(-1,5684653,2,-5.0,2.0,0.0,0.0,0,1.0,1.0,0,0)
DispatchTrackball(-1,5684674,2,-1.0,-3.0,0.0,0.0,0,1.0,1.0,0,0)
DispatchTrackball(-1,5684696,2,2.0,-5.0,0.0,0.0,0,1.0,1.0,0,0)
DispatchTrackball(-1,5684748,2,-5.0,1.0,0.0,0.0,0,1.0,1.0,0,0)
DispatchTrackball(5684415,5684778,0,0.0,0.0,0.0,0.0,0,1.0,1.0,0,0)
DispatchTrackball(5684415,5684817,1,0.0,0.0,0.0,0.0,0,1.0,1.0,0,0)
DispatchKey(5684830,5684830,0,36,0,0,-1,0)
DispatchKey(5684889,5684889,1,36,0,0,-1,0)
LaunchActivity(com.nloko.android.syncmypix,com.nloko.android.syncmypix.MainActivity)









































DispatchPointer(5690039,5690051,0,8.0,10.0,0.0,0.0,0,1.0,1.0,0,0)
DispatchPointer(5690039,5690095,261,13.143345,11.499146,0.0,0.0,0,1.0,1.0,0,0)
DispatchPointer(5690039,5690108,2,23.302002,18.615717,0.0,0.0,0,1.0,1.0,0,0)
DispatchPointer(5690039,5690115,2,31.17223,27.925766,0.0,0.0,0,1.0,1.0,0,0)
DispatchPointer(5690039,5690128,262,44.04364,31.354992,0.0,0.0,0,1.0,1.0,0,0)
DispatchPointer(5690039,5690284,1,59.127605,39.59723,0.0,0.0,0,1.0,1.0,0,0)
DispatchKey(5690349,5690349,0,19,0,0,-1,0)
DispatchKey(5690517,5690517,1,19,0,0,-1,0)
DispatchKey(5690947,5690947,0,19,0,0,-1,0)
DispatchKey(5691147,5691147,1,19,0,0,-1,0)
DispatchPointer(5691284,5691285,0,265.0,555.0,0.0,0.0,0,1.0,1.0,0,0)
DispatchPointer(5691284,5691495,2,265.29575,545.5805,0.0,0.0,0,1.0,1.0,0,0)
DispatchPointer(5691284,5691527,2,266.85883,536.228,0.0,0.0,0,1.0,1.0,0,0)
DispatchPointer(5691284,5691536,2,267.03836,528.8556,0.0,0.0,0,1.0,1.0,0,0)
DispatchPointer(5691284,5691568,2,267.06702,526.02405,0.0,0.0,0,1.0,1.0,0,0)
DispatchPointer(5691284,5691574,1,268.13757,522.3139,0.0,0.0,0,1.0,1.0,0,0)
DispatchTrackball(-1,5691599,2,-1.0,-4.0,0.0,0.0,0,1.0,1.0,0,0)
DispatchTrackball(-1,5691636,2,-5.0,3.0,0.0,0.0,0,1.0,1.0,0,0)
DispatchTrackball(-1,5691718,2,-3.0,1.0,0.0,0.0,0,1.0,1.0,0,0)
DispatchTrackball(-1,5691838,2,-4.0,2.0,0.0,0.0,0,1.0,1.0,0,0)
DispatchTrackball(-1,5691869,2,0.0,4.0,0.0,0.0,0,1.0,1.0,0,0)
DispatchTrackball(-1,5691877,2,2.0,0.0,0.0,0.0,0,1.0,1.0,0,0)
DispatchTrackball(-1,5691884,2,0.0,2.0,0.0,0.0,0,1.0,1.0,0,0)
DispatchTrackball(-1,5691903,2,0.0,-5.0,0.0,0.0,0,1.0,1.0,0,0)
DispatchTrackball(-1,5691921,2,1.0,-2.0,0.0,0.0,0,1.0,1.0,0,0)
DispatchTrackball(-1,5691933,2,2.0,1.0,0.0,0.0,0,1.0,1.0,0,0)
DispatchPointer(5691948,5691949,0,389.0,731.0,0.0,0.0,0,1.0,1.0,0,0)
DispatchPointer(5691948,5692044,1,391.4967,727.42053,0.0,0.0,0,1.0,1.0,0,0)
DispatchKey(5692067,5692067,0,22,0,0,-1,0)
DispatchKey(5692230,5692230,1,22,0,0,-1,0)
DispatchTrackball(-1,5692332,2,3.0,0.0,0.0,0.0,0,1.0,1.0,0,0)
DispatchTrackball(-1,5692408,2,-3.0,-5.0,0.0,0.0,0,1.0,1.0,0,0)
DispatchTrackball(-1,5692419,2,3.0,2.0,0.0,0.0,0,1.0,1.0,0,0)
DispatchTrackball(-1,5692470,2,-5.0,-1.0,0.0,0.0,0,1.0,1.0,0,0)
DispatchTrackball(-1,5692479,2,2.0,-2.0,0.0,0.0,0,1.0,1.0,0,0)
DispatchTrackball(-1,5692507,2,-5.0,-3.0,0.0,0.0,0,1.0,1.0,0,0)
DispatchTrackball(-1,5692557,2,-4.0,4.0,0.0,0.0,0,1.0,1.0,0,0)
DispatchTrackball(-1,5692563,2,4.0,3.0,0.0,0.0,0,1.0,1.0,0,0)
DispatchTrackball(-1,5692568,2,0.0,0.0,0.0,0.0,0,1.0,1.0,0,0)
DispatchTrackball(-1,5692584,2,3.0,0.0,0.0,0.0,0,1.0,1.0,0,0)
DispatchPointer(5692606,5692606,0,204.0,357.0,0.0,0.0,0,1.0,1.0,0,0)
DispatchPointer(5692606,5692645,1,201.79468,348.95062,0.0,0.0,0,1.0,1.0,0,0)
DispatchPointer(5692737,5692737,0,421.0,333.0,0.0,0.0,0,1.0,1.0,0,0)
DispatchPointer(5692737,5692795,1,411.6786,332.73914,0.0,0.0,0,1.0,1.0,0,0)
DispatchPointer(5692894,5692896,0,175.0,544.0,0.0,0.0,0,1.0,1.0,0,0)
DispatchPointer(5692894,5692953,261,172.33203,542.64056,0.0,0.0,0,1.0,1.0,0,0)
DispatchPointer(5692894,5692969,2,170.23785,542.07135,0.0,0.0,0,1.0,1.0,0,0)
DispatchPointer(5692894,5693000,2,165.6852,540.07806,0.0,0.0,0,1.0,1.0,0,0)
DispatchPointer(5692894,5693019,2,164.12077,537.54266,0.0,0.0,0,1.0,1.0,0,0)
DispatchPointer(5692894,5693068,2,161.94188,534.0944,0.0,0.0,0,1.0,1.0,0,0)
DispatchPointer(5692894,5693078,2,152.53636,533.38556,0.0,0.0,0,1.0,1.0,0,0)
DispatchPointer(5692894,5693087,2,151.03995,531.9329,0.0,0.0,0,1.0,1.0,0,0)
DispatchPointer(5692894,5693096,2,142.77312,531.7024,0.0,0.0,0,1.0,1.0,0,0)
DispatchPointer(5692894,5693116,262,131.89478,530.4983,0.0,0.0,0,1.0,1.0,0,0)
DispatchPointer(5692894,5693123,1,131.87866,529.52576,0.0,0.0,0,1.0,1.0,0,0)
DispatchKey(5693173,5693173,0,23,0,0,-1,0)
DispatchKey(5693190,5693190,1,23,0,0,-1,0)
DispatchPointer(5693242,5693243,0,377.0,507.0,0.0,0.0,0,1.0,1.0,0,0)
DispatchPointer(5693242,5693274,1,372.01114,504.54083,0.0,0.0,0,1.0,1.0,0,0)
DispatchPointer(5693307,5693307,0,317.0,360.0,0.0,0.0,0,1.0,1.0,0,0)
DispatchPointer(5693307,5693335,1,315.30377,362.48383,0.0,0.0,0,1.0,1.0,0,0)
DispatchTrackball(-1,5693385,2,-1.0,2.0,0.0,0.0,0,1.0,1.0,0,0)
DispatchTrackball(-1,5693398,2,4.0,2.0,0.0,0.0,0,1.0,1.0,0,0)
DispatchTrackball(-1,5693433,2,4.0,-5.0,0.0,0.0,0,1.0,1.0,0,0)
DispatchTrackball(-1,5693454,2,-1.0,4.0,0.0,0.0,0,1.0,1.0,0,0)
DispatchTrackball(-1,5693463,2,-1.0,0.0,0.0,0.0,0,1.0,1.0,0,0)
DispatchTrackball(-1,5693483,2,2.0,3.0,0.0,0.0,0,1.0,1.0,0,0)
DispatchTrackball(-1,5693490,2,0.0,-3.0,0.0,0.0,0,1.0,1.0,0,0)
DispatchTrackball(-1,5693507,2,3.0,4.0,0.0,0.0,0,1.0,1.0,0,0)
DispatchTrackball(-1,5693557,2,1.0,3.0,0.0,0.0,0,1.0,1.0,0,0)
DispatchTrackball(-1,5693568,2,3.0,0.0,0.0,0.0,0,1.0,1.0,0,0)
DispatchPointer(5693610,5693611,0,233.0,367.0,0.0,0.0,0,1.0,1.0,0,0)
DispatchPointer(5693610,5693682,1,214.47896,353.25113,0.0,0.0,0,1.0,1.0,0,0)
DispatchPointer(5693717,5693718,0,264.0,507.0,0.0,0.0,0,1.0,1.0,0,0)
DispatchPointer(5693717,5693737,1,278.16833,507.07993,0.0,0.0,0,1.0,1.0,0,0)
DispatchTrackball(-1,5693869,2,-3.0,-3.0,0.0,0.0,0,1.0,1.0,0,0)
DispatchTrackball(-1,5693898,2,-3.0,4.0,0.0,0.0,0,1.0,1.0,0,0)
DispatchTrackball(-1,5693905,2,0.0,-1.0,0.0,0.0,0,1.0,1.0,0,0)
DispatchTrackball(-1,5693918,2,-1.0,4.0,0.0,0.0,0,1.0,1.0,0,0)
DispatchTrackball(-1,5694042,2,0.0,4.0,0.0,0.0,0,1.0,1.0,0,0)
DispatchTrackball(-1,5694061,2,4.0,-1.0,0.0,0.0,0,1.0,1.0,0,0)
DispatchTrackball(-1,5694069,2,-2.0,-3.0,0.0,0.0,0,1.0,1.0,0,0)
DispatchTrackball(-1,5694156,2,0.0,-1.0,0.0,0.0,0,1.0,1.0,0,0)
DispatchTrackball(-1,5694163,2,0.0,3.0,0.0,0.0,0,1.0,1.0,0,0)
DispatchTrackball(-1,5694181,2,1.0,-3.0,0.0,0.0,0,1.0,1.0,0,0)
DispatchKey(5694187,5694187,0,23,0,0,-1,0)
DispatchKey(5694285,5694285,1,23,0,0,-1,0)
DispatchKey(5694331,5694331,0,22,0,0,-1,0)
DispatchKey(5694356,5694356,1,22,0,0,-1,0)
DispatchKey(5694434,5694434,0,33,0,0,-1,0)
DispatchKey(5694455,5694455,1,33,0,0,-1,0)
DispatchKey(5694490,5694490,0,22,0,0,-1,0)
DispatchKey(5694539,5694539,1,22,0,0,-1,0)
DispatchKey(5694614,5694614,0,151,0,0,-1,0)
DispatchKey(5694643,5694643,1,151,0,0,-1,0)
DispatchKey(5694664,5694664,0,19,0,0,-1,0)
DispatchKey(5694709,5694709,1,19,0,0,-1,0)
DispatchKey(5697989,5697989,0,23,0,0,-1,0)
DispatchKey(5698903,5698903,1,23,0,0,-1,0)
DispatchKey(5699027,5699027,0,149,0,0,-1,0)
DispatchKey(5699133,5699133,1,149,0,0,-1,0)
DispatchKey(5699700,5699700,0,23,0,0,-1,0)
DispatchKey(5699968,5699968,1,23,0,0,-1,0)
DispatchPointer(5700124,5700125,0,27.0,205.0,0.0,0.0,0,1.0,1.0,0,0)
DispatchPointer(5700124,5700214,2,28.86855,187.77191,0.0,0.0,0,1.0,1.0,0,0)
DispatchPointer(5700124,5700234,2,40.785637,185.08014,0.0,0.0,0,1.0,1.0,0,0)
DispatchPointer(5700124,5700294,1,53.62563,178.85283,0.0,0.0,0,1.0,1.0,0,0)
DispatchKey(5700309,5700309,0,23,0,0,-1,0)
DispatchKey(5702118,5702118,1,23,0,0,-1,0)
DispatchKey(5702170,5702170,0,22,0,0,-1,0)
DispatchKey(5702269,5702269,1,22,0,0,-1,0)
DispatchKey(5702283,5702283,0,128,0,0,-1,0)
DispatchKey(5702310,5702310,1,128,0,0,-1,0)
LaunchActivity(com.nloko.android.syncmypix,com.nloko.android.syncmypix.MainActivity)
DispatchKey(5702642,5702642,0,23,0,0,-1,0)
DispatchKey(5702657,5702657,1,23,0,0,-1,0)
DispatchTrackball(-1,5702735,2,-3.0,-5.0,0.0,0.0,0,1.0,1.0,0,0)
DispatchTrackball(-1,5702746,2,1.0,1.0,0.0,0.0,0,1.0,1.0,0,0)
DispatchTrackball(-1,5702802,2,-3.0,-2.0,0.0,0.0,0,1.0,1.0,0,0)
DispatchTrackball(-1,5702902,2,-1.0,-4.0,0.0,0.0,0,1.0,1.0,0,0)
DispatchTrackball(-1,5702910,2,4.0,-1.0,0.0,0.0,0,1.0,1.0,0,0)
DispatchTrackball(-1,5703005,2,2.0,4.0,0.0,0.0,0,1.0,1.0,0,0)
DispatchTrackball(-1,5703023,2,-1.0,3.0,0.0,0.0,0,1.0,1.0,0,0)
DispatchTrackball(-1,5703032,2,-4.0,4.0,0.0,0.0,0,1.0,1.0,0,0)
DispatchTrackball(-1,5703039,2,0.0,3.0,0.0,0.0,0,1.0,1.0,0,0)
DispatchTrackball(-1,5703069,2,-5.0,-3.0,0.0,0.0,0,1.0,1.0,0,0)
DispatchTrackball(5702734,5703089,0,0.0,0.0,0.0,0.0,0,1.0,1.0,0,0)
DispatchTrackball(5702734,5703147,1,0.0,0.0,0.0,0.0,0,1.0,1.0,0,0)
DispatchKey(5703173,5703173,0,23,0,0,-1,0)
DispatchKey(5703456,5703456,1,23,0,0,-1,0)
DispatchPointer(5703596,5703599,0,200.0,209.0,0.0,0.0,0,1.0,1.0,0,0)
DispatchPointer(5703596,5703665,261,202.64299,214.05989,0.0,0.0,0,1.0,1.0,0,0)
DispatchPointer(5703596,5703683,2,206.8791,224.7069,0.0,0.0,0,1.0,1.0,0,0)
DispatchPointer(5703596,5703700,2,210.50258,231.94742,0.0,0.0,0,1.0,1.0,0,0)
DispatchPointer(5703596,5703707,2,214.80823,237.90562,0.0,0.0,0,1.0,1.0,0,0)
DispatchPointer(5703596,5703714,2,218.52393,247.5828,0.0,0.0,0,1.0,1.0,0,0)
DispatchPointer(5703596,5703731,2,220.82135,250.64043,0.0,0.0,0,1.0,1.0,0,0)
DispatchPointer(5703596,5703737,262,222.95934,255.60248,0.0,0.0,0,1.0,1.0,0,0)
DispatchPointer(5703596,5703747,1,223.02847,261.35623,0.0,0.0,0,1.0,1.0,0,0)
DispatchKey(5703837,5703837,0,19,0,0,-1,0)
DispatchKey(5703936,5703936,1,19,0,0,-1,0)
DispatchKey(5703956,5703956,0,84,0,0,-1,0)
DispatchKey(5704070,5704070,1,84,0,0,-1,0)
DispatchKey(5705441,5705441,0,23,0,0,-1,0)
DispatchKey(5705555,5705555,1,23,0,0,-1,0)
DispatchKey(5705635,5705635,0,56,0,0,-1,0)
DispatchKey(5705661,5705661,1,56,0,0,-1,0)
DispatchKey(5706145,5706145,0,82,0,0,-1,0)
DispatchKey(5706196,5706196,1,82,0,0,-1,0)
DispatchKey(5706254,5706254,0,23,0,0,-1,0)
DispatchKey(5706535,5706535,1,23,0,0,-1,0)
DispatchKey(5706569,5706569,0,21,0,0,-1,0)
DispatchKey(5707041,5707041,1,21,0,0,-1,0)
DispatchPointer(5707116,5707117,0,217.0,416.0,0.0,0.0,0,1.0,1.0,0,0)
DispatchPointer(5707116,5707149,1,210.43187,416.68875,0.0,0.0,0,1.0,1.0,0,0)
DispatchPointer(5707254,5707255,0,35.0,308.0,0.0,0.0,0,1.0,1.0,0,0)
DispatchPointer(5707254,5707343,2,41.070126,311.76837,0.0,0.0,0,1.0,1.0,0,0)
DispatchPointer(5707254,5707364,2,48.418182,316.40344,0.0,0.0,0,1.0,1.0,0,0)
DispatchPointer(5707254,5707385,2,61.277275,320.40613,0.0,0.0,0,1.0,1.0,0,0)
DispatchPointer(5707254,5707393,2,62.77532,324.6319,0.0,0.0,0,1.0,1.0,0,0)
DispatchPointer(5707254,5707429,1,71.41725,326.18228,0.0,0.0,0,1.0,1.0,0,0)
DispatchKey(5707457,5707457,0,23,0,0,-1,0)
DispatchKey(5707505,5707505,1,23,0,0,-1,0)
DispatchPointer(5707542,5707542,0,250.0,133.0,0.0,0.0,0,1.0,1.0,0,0)
DispatchPointer(5707542,5707557,1,245.86655,147.19179,0.0,0.0,0,1.0,1.0,0,0)
DispatchPointer(5707604,5707605,0,374.0,754.0,0.0,0.0,0,1.0,1.0,0,0)
DispatchPointer(5707604,5707633,2,379.16818,768.8628,0.0,0.0,0,1.0,1.0,0,0)
DispatchPointer(5707604,5707662,2,381.35712,773.75275,0.0,0.0,0,1.0,1.0,0,0)
DispatchPointer(5707604,5707677,2,388.3251,774.32306,0.0,0.0,0,1.0,1.0,0,0)
DispatchPointer(5707604,5707706,2,394.97,781.78973,0.0,0.0,0,1.0,1.0,0,0)
DispatchPointer(5707604,5707722,2,401.08447,782.5231,0.0,0.0,0,1.0,1.0,0,0)
DispatchPointer(5707604,5707730,2,408.17737,800.0,0.0,0.0,0,1.0,1.0,0,0)
DispatchPointer(5707604,5707754,2,414.23068,800.0,0.0,0.0,0,1.0,1.0,0,0)
DispatchPointer(5707604,5707785,1,416.38907,800.0,0.0,0.0,0,1.0,1.0,0,0)
DispatchKey(5707831,5707831,0,19,0,0,-1,0)
DispatchKey(5707860,5707860,1,19,0,0,-1,0)
DispatchPointer(5707904,5707905,0,218.0,262.0,0.0,0.0,0,1.0,1.0,0,0)
DispatchPointer(5707904,5707941,2,231.16632,254.81883,0.0,0.0,0,1.0,1.0,0,0)
DispatchPointer(5707904,5707960,2,236.38608,251.18184,0.0,0.0,0,1.0,1.0,0,0)
DispatchPointer(5707904,5707979,2,238.85684,241.31937,0.0,0.0,0,1.0,1.0,0,0)
DispatchPointer(5707904,5708022,2,251.56638,231.87416,0.0,0.0,0,1.0,1.0,0,0)
DispatchPointer(5707904,5708052,2,253.06981,230.83339,0.0,0.0,0,1.0,1.0,0,0)
DispatchPointer(5707904,5708078,2,263.81277,224.12064,0.0,0.0,0,1.0,1.0,0,0)
DispatchPointer(5707904,5708089,2,268.1954,216.63669,0.0,0.0,0,1.0,1.0,0,0)
DispatchPointer(5707904,5708105,2,283.2855,208.44078,0.0,0.0,0,1.0,1.0,0,0)
DispatchPointer(5707904,5708125,1,285.84326,201.70316,0.0,0.0,0,1.0,1.0,0,0)
DispatchKey(5708153,5708153,0,19,0,0,-1,0)
DispatchKey(5708184,5708184,1,19,0,0,-1,0)
DispatchKey(5708352,5708352,0,20,0,0,-1,0)
DispatchKey(5708378,5708378,1,20,0,0,-1,0)
DispatchKey(5708429,5708429,0,25,0,0,-1,0)
DispatchKey(5708783,5708783,1,25,0,0,-1,0)
