type= raw events
count= -1
speed= 2.0
start data >>
LaunchActivity(com.nloko.android.syncmypix,com.nloko.android.syncmypix.MainActivity)
DispatchKey(5632566,5632566,0,22,0,0,-1,0)
DispatchKey(5634809,5634809,1,22,0,0,-1,0)
DispatchKey(5634912,5634912,0,82,0,0,-1,0)
DispatchKey(5634938,5634938,1,82,0,0,-1,0)





























LaunchActivity(com.nloko.android.syncmypix,com.nloko.android.syncmypix.MainActivity)























































































































DispatchPointer(5641577,5641577,0,91.0,654.0,0.0,0.0,0,1.0,1.0,0,0)
DispatchPointer(5641577,5641631,1,78.55538,652.9592,0.0,0.0,0,1.0,1.0,0,0)
DispatchPointer(5641677,5641677,0,55.0,116.0,0.0,0.0,0,1.0,1.0,0,0)
DispatchPointer(5641677,5641711,1,61.66324,126.287384,0.0,0.0,0,1.0,1.0,0,0)
DispatchKey(5641732,5641732,0,82,0,0,-1,0)
DispatchKey(5642130,5642130,1,82,0,0,-1,0)
DispatchKey(5642162,5642162,0,23,0,0,-1,0)
DispatchKey(5642219,5642219,1,23,0,0,-1,0)
DispatchKey(5642246,5642246,0,20,0,0,-1,0)
DispatchKey(5642661,5642661,1,20,0,0,-1,0)
DispatchKey(5642739,5642739,0,82,0,0,-1,0)
DispatchKey(5642771,5642771,1,82,0,0,-1,0)
DispatchKey(5642973,5642973,0,12,0,0,-1,0)
DispatchKey(5642987,5642987,1,12,0,0,-1,0)
DispatchPointer(5643025,5643025,0,415.0,79.0,0.0,0.0,0,1.0,1.0,0,0)
DispatchPointer(5643025,5643072,1,422.8019,78.080315,0.0,0.0,0,1.0,1.0,0,0)
DispatchKey(5643148,5643148,0,22,0,0,-1,0)
DispatchKey(5643335,5643335,1,22,0,0,-1,0)
DispatchTrackball(-1,5643350,2,0.0,1.0,0.0,0.0,0,1.0,1.0,0,0)
DispatchTrackball(-1,5643437,2,0.0,-3.0,0.0,0.0,0,1.0,1.0,0,0)
DispatchTrackball(-1,5643570,2,1.0,4.0,0.0,0.0,0,1.0,1.0,0,0)
DispatchTrackball(-1,5643615,2,2.0,1.0,0.0,0.0,0,1.0,1.0,0,0)
DispatchTrackball(-1,5643629,2,-3.0,1.0,0.0,0.0,0,1.0,1.0,0,0)
DispatchTrackball(-1,5643637,2,-5.0,-4.0,0.0,0.0,0,1.0,1.0,0,0)
DispatchTrackball(-1,5643686,2,-3.0,-1.0,0.0,0.0,0,1.0,1.0,0,0)
DispatchTrackball(-1,5643704,2,-4.0,4.0,0.0,0.0,0,1.0,1.0,0,0)
DispatchTrackball(-1,5643745,2,-5.0,0.0,0.0,0.0,0,1.0,1.0,0,0)
DispatchTrackball(-1,5643767,2,-1.0,-5.0,0.0,0.0,0,1.0,1.0,0,0)
DispatchTrackball(5643350,5643775,0,0.0,0.0,0.0,0.0,0,1.0,1.0,0,0)
DispatchTrackball(5643350,5643796,1,0.0,0.0,0.0,0.0,0,1.0,1.0,0,0)
DispatchKey(5643879,5643879,0,19,0,0,-1,0)
DispatchKey(5644390,5644390,1,19,0,0,-1,0)
DispatchKey(5644570,5644570,0,19,0,0,-1,0)
DispatchKey(5644629,5644629,1,19,0,0,-1,0)
DispatchKey(5644679,5644679,0,82,0,0,-1,0)
DispatchKey(5644695,5644695,1,82,0,0,-1,0)
DispatchKey(5644718,5644718,0,23,0,0,-1,0)
DispatchKey(5644764,5644764,1,23,0,0,-1,0)
DispatchPointer(5644828,5644830,0,87.0,286.0,0.0,0.0,0,1.0,1.0,0,0)
DispatchPointer(5644828,5644890,2,97.76841,286.8863,0.0,0.0,0,1.0,1.0,0,0)
DispatchPointer(5644828,5644899,2,110.36452,295.65854,0.0,0.0,0,1.0,1.0,0,0)
DispatchPointer(5644828,5644946,2,119.12798,300.72708,0.0,0.0,0,1.0,1.0,0,0)
DispatchPointer(5644828,5644964,2,123.57221,303.34555,0.0,0.0,0,1.0,1.0,0,0)
DispatchPointer(5644828,5644972,1,129.19342,317.16068,0.0,0.0,0,1.0,1.0,0,0)
DispatchKey(5645043,5645043,0,22,0,0,-1,0)
DispatchKey(5645108,5645108,1,22,0,0,-1,0)
DispatchKey(5645136,5645136,0,19,0,0,-1,0)
DispatchKey(5645190,5645190,1,19,0,0,-1,0)
DispatchKey(5645234,5645234,0,132,0,0,-1,0)
DispatchKey(5645253,5645253,1,132,0,0,-1,0)
DispatchKey(5645265,5645265,0,23,0,0,-1,0)
DispatchKey(5645279,5645279,1,23,0,0,-1,0)
DispatchKey(5645338,5645338,0,13,0,0,-1,0)
DispatchKey(5645402,5645402,1,13,0,0,-1,0)
DispatchFlip(true)
DispatchKey(5647896,5647896,0,21,0,0,-1,0)
DispatchKey(5647938,5647938,1,21,0,0,-1,0)
DispatchPointer(5647973,5647974,0,203.0,730.0,0.0,0.0,0,1.0,1.0,0,0)
DispatchPointer(5647973,5647999,1,203.64682,739.68713,0.0,0.0,0,1.0,1.0,0,0)
DispatchKey(5648055,5648055,0,19,0,0,-1,0)
DispatchKey(5648158,5648158,1,19,0,0,-1,0)
DispatchKey(5648238,5648238,0,20,0,0,-1,0)
DispatchKey(5648328,5648328,1,20,0,0,-1,0)
DispatchPointer(5648370,5648380,0,432.0,639.0,0.0,0.0,0,1.0,1.0,0,0)
DispatchPointer(5648370,5648441,1,439.1089,627.45,0.0,0.0,0,1.0,1.0,0,0)
DispatchTrackball(-1,5648496,2,-3.0,-5.0,0.0,0.0,0,1.0,1.0,0,0)
DispatchTrackball(-1,5648546,2,-5.0,-2.0,0.0,0.0,0,1.0,1.0,0,0)
DispatchTrackball(-1,5648565,2,3.0,-4.0,0.0,0.0,0,1.0,1.0,0,0)
DispatchTrackball(-1,5648584,2,-2.0,-2.0,0.0,0.0,0,1.0,1.0,0,0)
DispatchTrackball(-1,5648606,2,2.0,-2.0,0.0,0.0,0,1.0,1.0,0,0)
DispatchTrackball(-1,5648630,2,2.0,-5.0,0.0,0.0,0,1.0,1.0,0,0)
DispatchTrackball(-1,5648640,2,-4.0,3.0,0.0,0.0,0,1.0,1.0,0,0)
DispatchTrackball(-1,5648657,2,4.0,3.0,0.0,0.0,0,1.0,1.0,0,0)
DispatchTrackball(-1,5648664,2,4.0,2.0,0.0,0.0,0,1.0,1.0,0,0)
DispatchTrackball(-1,5648681,2,-2.0,-4.0,0.0,0.0,0,1.0,1.0,0,0)
DispatchFlip(false)
DispatchTrackball(-1,5648743,2,3.0,3.0,0.0,0.0,0,1.0,1.0,0,0)
DispatchTrackball(-1,5648801,2,-5.0,-1.0,0.0,0.0,0,1.0,1.0,0,0)
DispatchTrackball(-1,5648831,2,4.0,1.0,0.0,0.0,0,1.0,1.0,0,0)
DispatchTrackball(-1,5648849,2,-3.0,1.0,0.0,0.0,0,1.0,1.0,0,0)
DispatchTrackball(-1,5648867,2,2.0,-5.0,0.0,0.0,0,1.0,1.0,0,0)
DispatchTrackball(-1,5648903,2,-3.0,-1.0,0.0,0.0,0,1.0,1.0,0,0)
DispatchTrackball(-1,5648928,2,-5.0,3.0,0.0,0.0,0,1.0,1.0,0,0)
DispatchTrackball(-1,5649019,2,-3.0,4.0,0.0,0.0,0,1.0,1.0,0,0)
DispatchTrackball(-1,5649044,2,2.0,-1.0,0.0,0.0,0,1.0,1.0,0,0)
DispatchTrackball(-1,5649052,2,-2.0,2.0,0.0,0.0,0,1.0,1.0,0,0)
DispatchTrackball(5648743,5649060,0,0.0,0.0,0.0,0.0,0,1.0,1.0,0,0)
DispatchTrackball(5648743,5649077,1,0.0,0.0,0.0,0.0,0,1.0,1.0,0,0)
DispatchKey(5649095,5649095,0,21,0,0,-1,0)
DispatchKey(5649239,5649239,1,21,0,0,-1,0)
DispatchPointer(5651841,5651842,0,109.0,515.0,0.0,0.0,0,1.0,1.0,0,0)
DispatchPointer(5651841,5651870,2,121.85387,513.80176,0.0,0.0,0,1.0,1.0,0,0)
DispatchPointer(5651841,5651902,2,139.25551,512.77454,0.0,0.0,0,1.0,1.0,0,0)
DispatchPointer(5651841,5651962,2,141.82994,512.6634,0.0,0.0,0,1.0,1.0,0,0)
DispatchPointer(5651841,5651984,2,150.15617,511.67697,0.0,0.0,0,1.0,1.0,0,0)
DispatchPointer(5651841,5652035,2,164.16992,511.14963,0.0,0.0,0,1.0,1.0,0,0)
DispatchPointer(5651841,5652065,1,173.0849,511.09366,0.0,0.0,0,1.0,1.0,0,0)
DispatchKey(5652096,5652096,0,172,0,0,-1,0)
DispatchKey(5652229,5652229,1,172,0,0,-1,0)
DispatchKey(5653808,5653808,0,9,0,0,-1,0)
DispatchKey(5654084,5654084,1,9,0,0,-1,0)
DispatchPointer(5654113,5654113,0,300.0,695.0,0.0,0.0,0,1.0,1.0,0,0)
DispatchPointer(5654113,5654138,1,299.41876,701.867,0.0,0.0,0,1.0,1.0,0,0)
DispatchPointer(5654233,5654243,0,161.0,732.0,0.0,0.0,0,1.0,1.0,0,0)
DispatchPointer(5654233,5654278,2,170.39949,712.2939,0.0,0.0,0,1.0,1.0,0,0)
DispatchPointer(5654233,5654299,2,186.9897,694.8376,0.0,0.0,0,1.0,1.0,0,0)
DispatchPointer(5654233,5654351,2,202.99663,681.42145,0.0,0.0,0,1.0,1.0,0,0)
DispatchPointer(5654233,5654358,1,212.70074,670.7106,0.0,0.0,0,1.0,1.0,0,0)
DispatchKey(5654405,5654405,0,20,0,0,-1,0)
DispatchKey(5654748,5654748,1,20,0,0,-1,0)
DispatchKey(5654820,5654820,0,5,0,0,-1,0)
DispatchKey(5655048,5655048,1,5,0,0,-1,0)
DispatchKey(5655082,5655082,0,21,0,0,-1,0)
DispatchKey(5655246,5655246,1,21,0,0,-1,0)
DispatchKey(5655271,5655271,0,4,0,0,-1,0)
DispatchKey(5655446,5655446,1,4,0,0,-1,0)
DispatchKey(5655514,5655514,0,22,0,0,-1,0)
DispatchKey(5656672,5656672,1,22,0,0,-1,0)
DispatchKey(5656704,5656704,0,82,0,0,-1,0)
DispatchKey(5656768,5656768,1,82,0,0,-1,0)
DispatchPointer(5657018,5657020,0,377.0,40.0,0.0,0.0,0,1.0,1.0,0,0)
DispatchPointer(5657018,5657072,2,364.40198,42.961052,0.0,0.0,0,1.0,1.0,0,0)
DispatchPointer(5657018,5657082,2,354.60043,48.090626,0.0,0.0,0,1.0,1.0,0,0)
DispatchPointer(5657018,5657097,2,347.04492,49.57072,0.0,0.0,0,1.0,1.0,0,0)
DispatchPointer(5657018,5657104,2,331.2254,56.45791,0.0,0.0,0,1.0,1.0,0,0)
DispatchPointer(5657018,5657152,2,326.47302,59.671135,0.0,0.0,0,1.0,1.0,0,0)
DispatchPointer(5657018,5657181,2,306.48856,62.09007,0.0,0.0,0,1.0,1.0,0,0)
DispatchPointer(5657018,5657204,2,299.5327,68.52613,0.0,0.0,0,1.0,1.0,0,0)
DispatchPointer(5657018,5657256,2,284.54666,73.41737,0.0,0.0,0,1.0,1.0,0,0)
