type= raw events
count= -1
speed= 1.0
start data >>
DispatchKey(5195224,5195224,1,82,0,0,-1,0)
DispatchKey(5198386,5198386,0,19,0,0,-1,0)
DispatchKey(5198510,5198510,1,19,0,0,-1,0)
DispatchKey(5198547,5198547,0,66,0,0,-1,0)
DispatchKey(5199247,5199247,1,66,0,0,-1,0)
DispatchKey(5199277,5199277,0,82,0,0,-1,0)
DispatchKey(5199435,5199435,1,82,0,0,-1,0)
DispatchKey(5199484,5199484,0,82,0,0,-1,0)
DispatchKey(5199533,5199533,1,82,0,0,-1,0)
DispatchTrackball(-1,5217233,2,-2.0,1.0,0.0,0.0,0,1.0,1.0,0,0)
DispatchTrackball(-1,5217272,2,2.0,4.0,0.0,0.0,0,1.0,1.0,0,0)
DispatchTrackball(-1,5217299,2,-3.0,-4.0,0.0,0.0,0,1.0,1.0,0,0)
DispatchTrackball(-1,5217310,2,2.0,-3.0,0.0,0.0,0,1.0,1.0,0,0)
DispatchTrackball(-1,5217341,2,-3.0,-5.0,0.0,0.0,0,1.0,1.0,0,0)
DispatchTrackball(-1,5217369,2,1.0,-5.0,0.0,0.0,0,1.0,1.0,0,0)
DispatchTrackball(-1,5217394,2,1.0,1.0,0.0,0.0,0,1.0,1.0,0,0)
DispatchTrackball(-1,5217406,2,-1.0,2.0,0.0,0.0,0,1.0,1.0,0,0)
DispatchTrackball(-1,5217417,2,4.0,-3.0,0.0,0.0,0,1.0,1.0,0,0)
DispatchTrackball(-1,5217434,2,1.0,-2.0,0.0,0.0,0,1.0,1.0,0,0)
DispatchPointer(5217494,5217495,0,323.0,336.0,0.0,0.0,0,1.0,1.0,0,0)
DispatchPointer(5217494,5217510,1,317.26178,336.40286,0.0,0.0,0,1.0,1.0,0,0)
DispatchKey(5217636,5217636,0,48,0,0,-1,0)
DispatchKey(5217669,5217669,1,48,0,0,-1,0)
DispatchTrackball(-1,5217737,2,-4.0,2.0,0.0,0.0,0,1.0,1.0,0,0)
DispatchTrackball(-1,5217762,2,0.0,-5.0,0.0,0.0,0,1.0,1.0,0,0)
DispatchTrackball(-1,5217781,2,-3.0,0.0,0.0,0.0,0,1.0,1.0,0,0)
DispatchTrackball(-1,5217792,2,2.0,-5.0,0.0,0.0,0,1.0,1.0,0,0)
DispatchTrackball(-1,5217798,2,-1.0,1.0,0.0,0.0,0,1.0,1.0,0,0)
DispatchTrackball(-1,5217815,2,-3.0,3.0,0.0,0.0,0,1.0,1.0,0,0)
DispatchTrackball(-1,5217861,2,4.0,3.0,0.0,0.0,0,1.0,1.0,0,0)
DispatchTrackball(-1,5217879,2,-2.0,3.0,0.0,0.0,0,1.0,1.0,0,0)
DispatchTrackball(-1,5217921,2,1.0,-5.0,0.0,0.0,0,1.0,1.0,0,0)
DispatchTrackball(-1,5217944,2,3.0,-3.0,0.0,0.0,0,1.0,1.0,0,0)
DispatchTrackball(-1,5217955,2,-2.0,3.0,0.0,0.0,0,1.0,1.0,0,0)
DispatchTrackball(-1,5217968,2,-1.0,3.0,0.0,0.0,0,1.0,1.0,0,0)
DispatchTrackball(-1,5217977,2,3.0,0.0,0.0,0.0,0,1.0,1.0,0,0)
DispatchTrackball(-1,5217984,2,-4.0,-4.0,0.0,0.0,0,1.0,1.0,0,0)
DispatchTrackball(-1,5217995,2,4.0,4.0,0.0,0.0,0,1.0,1.0,0,0)
DispatchTrackball(-1,5218015,2,0.0,-3.0,0.0,0.0,0,1.0,1.0,0,0)
DispatchTrackball(-1,5218023,2,1.0,-5.0,0.0,0.0,0,1.0,1.0,0,0)
DispatchTrackball(-1,5218032,2,-1.0,2.0,0.0,0.0,0,1.0,1.0,0,0)
DispatchTrackball(-1,5218038,2,-1.0,0.0,0.0,0.0,0,1.0,1.0,0,0)
DispatchTrackball(-1,5218047,2,2.0,-4.0,0.0,0.0,0,1.0,1.0,0,0)
DispatchPointer(5218094,5218096,0,157.0,329.0,0.0,0.0,0,1.0,1.0,0,0)
DispatchPointer(5218094,5218141,1,144.3587,327.1758,0.0,0.0,0,1.0,1.0,0,0)
DispatchTrackball(-1,5218180,2,2.0,4.0,0.0,0.0,0,1.0,1.0,0,0)
DispatchTrackball(-1,5218218,2,2.0,4.0,0.0,0.0,0,1.0,1.0,0,0)
DispatchTrackball(-1,5218247,2,4.0,-3.0,0.0,0.0,0,1.0,1.0,0,0)
DispatchTrackball(-1,5218256,2,4.0,4.0,0.0,0.0,0,1.0,1.0,0,0)
DispatchTrackball(-1,5218277,2,0.0,-1.0,0.0,0.0,0,1.0,1.0,0,0)
DispatchTrackball(-1,5218286,2,0.0,1.0,0.0,0.0,0,1.0,1.0,0,0)
DispatchTrackball(-1,5218307,2,-1.0,-4.0,0.0,0.0,0,1.0,1.0,0,0)
DispatchTrackball(-1,5218316,2,-3.0,-4.0,0.0,0.0,0,1.0,1.0,0,0)
DispatchTrackball(-1,5218325,2,-2.0,-3.0,0.0,0.0,0,1.0,1.0,0,0)
DispatchTrackball(-1,5218353,2,3.0,-5.0,0.0,0.0,0,1.0,1.0,0,0)
DispatchKey(5218372,5218372,0,20,0,0,-1,0)
DispatchKey(5218607,5218607,1,20,0,0,-1,0)
DispatchKey(5218716,5218716,0,23,0,0,-1,0)
DispatchKey(5218752,5218752,1,23,0,0,-1,0)
DispatchKey(5218848,5218848,0,22,0,0,-1,0)
DispatchKey(5218913,5218913,1,22,0,0,-1,0)
DispatchKey(5218966,5218966,0,82,0,0,-1,0)
DispatchKey(5219028,5219028,1,82,0,0,-1,0)
DispatchKey(5219079,5219079,0,73,0,0,-1,0)
DispatchKey(5219122,5219122,1,73,0,0,-1,0)
DispatchTrackball(-1,5219137,2,-4.0,1.0,0.0,0.0,0,1.0,1.0,0,0)
DispatchTrackball(-1,5219149,2,2.0,-5.0,0.0,0.0,0,1.0,1.0,0,0)
DispatchTrackball(-1,5219159,2,3.0,-2.0,0.0,0.0,0,1.0,1.0,0,0)
DispatchTrackball(-1,5219209,2,1.0,2.0,0.0,0.0,0,1.0,1.0,0,0)
DispatchTrackball(-1,5219281,2,-4.0,-4.0,0.0,0.0,0,1.0,1.0,0,0)
DispatchTrackball(-1,5219295,2,2.0,-4.0,0.0,0.0,0,1.0,1.0,0,0)
DispatchTrackball(-1,5219312,2,0.0,3.0,0.0,0.0,0,1.0,1.0,0,0)
DispatchTrackball(-1,5219319,2,-3.0,1.0,0.0,0.0,0,1.0,1.0,0,0)
DispatchTrackball(-1,5219345,2,-5.0,3.0,0.0,0.0,0,1.0,1.0,0,0)
DispatchTrackball(-1,5219361,2,4.0,2.0,0.0,0.0,0,1.0,1.0,0,0)
DispatchKey(5219411,5219411,0,82,0,0,-1,0)
DispatchKey(5219512,5219512,1,82,0,0,-1,0)
DispatchKey(5219602,5219602,0,172,0,0,-1,0)
DispatchKey(5219642,5219642,1,172,0,0,-1,0)
DispatchTrackball(-1,5219708,2,-4.0,-1.0,0.0,0.0,0,1.0,1.0,0,0)
DispatchTrackball(-1,5219765,2,1.0,3.0,0.0,0.0,0,1.0,1.0,0,0)
DispatchTrackball(-1,5219774,2,-1.0,2.0,0.0,0.0,0,1.0,1.0,0,0)
DispatchTrackball(-1,5219782,2,-2.0,-5.0,0.0,0.0,0,1.0,1.0,0,0)
DispatchTrackball(-1,5219789,2,1.0,-5.0,0.0,0.0,0,1.0,1.0,0,0)
DispatchTrackball(-1,5219808,2,-5.0,0.0,0.0,0.0,0,1.0,1.0,0,0)
DispatchTrackball(-1,5219818,2,-3.0,2.0,0.0,0.0,0,1.0,1.0,0,0)
DispatchTrackball(-1,5219834,2,-1.0,-2.0,0.0,0.0,0,1.0,1.0,0,0)
DispatchTrackball(-1,5219843,2,2.0,3.0,0.0,0.0,0,1.0,1.0,0,0)
DispatchTrackball(-1,5219866,2,0.0,1.0,0.0,0.0,0,1.0,1.0,0,0)
DispatchTrackball(5219707,5219883,0,0.0,0.0,0.0,0.0,0,1.0,1.0,0,0)
DispatchTrackball(5219707,5219903,1,0.0,0.0,0.0,0.0,0,1.0,1.0,0,0)
DispatchTrackball(-1,5219936,2,-5.0,1.0,0.0,0.0,0,1.0,1.0,0,0)
DispatchTrackball(-1,5219968,2,-5.0,-2.0,0.0,0.0,0,1.0,1.0,0,0)
DispatchTrackball(-1,5219994,2,1.0,-5.0,0.0,0.0,0,1.0,1.0,0,0)
DispatchTrackball(-1,5220012,2,1.0,-2.0,0.0,0.0,0,1.0,1.0,0,0)
DispatchTrackball(-1,5220025,2,2.0,-3.0,0.0,0.0,0,1.0,1.0,0,0)
DispatchTrackball(-1,5220031,2,-2.0,-4.0,0.0,0.0,0,1.0,1.0,0,0)
DispatchTrackball(-1,5220081,2,-4.0,3.0,0.0,0.0,0,1.0,1.0,0,0)
DispatchTrackball(-1,5220103,2,-2.0,-4.0,0.0,0.0,0,1.0,1.0,0,0)
DispatchTrackball(-1,5220114,2,0.0,2.0,0.0,0.0,0,1.0,1.0,0,0)
DispatchTrackball(-1,5220131,2,1.0,4.0,0.0,0.0,0,1.0,1.0,0,0)
DispatchPointer(5220149,5220149,0,13.0,506.0,0.0,0.0,0,1.0,1.0,0,0)
DispatchPointer(5220149,5220234,1,21.225386,496.32236,0.0,0.0,0,1.0,1.0,0,0)
DispatchKey(5220257,5220257,0,21,0,0,-1,0)
DispatchKey(5220451,5220451,1,21,0,0,-1,0)
DispatchKey(5220614,5220614,0,20,0,0,-1,0)
DispatchKey(5220653,5220653,1,20,0,0,-1,0)
DispatchKey(5220743,5220743,0,19,0,0,-1,0)
DispatchKey(5220754,5220754,1,19,0,0,-1,0)
DispatchKey(5220789,5220789,0,23,0,0,-1,0)
DispatchKey(5220842,5220842,1,23,0,0,-1,0)
DispatchPointer(5220986,5220990,0,397.0,188.0,0.0,0.0,0,1.0,1.0,0,0)
DispatchPointer(5220986,5221038,2,405.29544,192.75215,0.0,0.0,0,1.0,1.0,0,0)
DispatchPointer(5220986,5221059,2,412.32526,194.99202,0.0,0.0,0,1.0,1.0,0,0)
DispatchPointer(5220986,5221100,2,414.7503,198.34503,0.0,0.0,0,1.0,1.0,0,0)
DispatchPointer(5220986,5221110,2,419.22336,204.50638,0.0,0.0,0,1.0,1.0,0,0)
DispatchPointer(5220986,5221174,2,424.91968,206.93819,0.0,0.0,0,1.0,1.0,0,0)
DispatchPointer(5220986,5221208,2,426.33966,207.69559,0.0,0.0,0,1.0,1.0,0,0)
DispatchPointer(5220986,5221219,2,431.99075,207.77032,0.0,0.0,0,1.0,1.0,0,0)
DispatchPointer(5220986,5221247,2,438.70605,208.15991,0.0,0.0,0,1.0,1.0,0,0)
DispatchPointer(5220986,5221270,1,439.2121,211.01454,0.0,0.0,0,1.0,1.0,0,0)
DispatchPointer(5221309,5221311,0,319.0,229.0,0.0,0.0,0,1.0,1.0,0,0)
DispatchPointer(5221309,5221335,2,324.2512,234.06819,0.0,0.0,0,1.0,1.0,0,0)
DispatchPointer(5221309,5221348,2,328.55203,237.43312,0.0,0.0,0,1.0,1.0,0,0)
DispatchPointer(5221309,5221368,2,329.2048,239.93419,0.0,0.0,0,1.0,1.0,0,0)
DispatchPointer(5221309,5221379,1,330.55728,241.5779,0.0,0.0,0,1.0,1.0,0,0)
DispatchKey(5221415,5221415,0,21,0,0,-1,0)
DispatchKey(5221441,5221441,1,21,0,0,-1,0)
DispatchKey(5221468,5221468,0,23,0,0,-1,0)
DispatchKey(5221549,5221549,1,23,0,0,-1,0)
DispatchKey(5221612,5221612,0,82,0,0,-1,0)
DispatchKey(5221668,5221668,1,82,0,0,-1,0)
DispatchKey(5221739,5221739,0,22,0,0,-1,0)
DispatchKey(5221752,5221752,1,22,0,0,-1,0)
DispatchTrackball(-1,5221803,2,2.0,2.0,0.0,0.0,0,1.0,1.0,0,0)
DispatchTrackball(-1,5221816,2,4.0,2.0,0.0,0.0,0,1.0,1.0,0,0)
DispatchTrackball(-1,5221865,2,0.0,-2.0,0.0,0.0,0,1.0,1.0,0,0)
DispatchTrackball(-1,5221873,2,4.0,-5.0,0.0,0.0,0,1.0,1.0,0,0)
DispatchTrackball(-1,5221890,2,-2.0,2.0,0.0,0.0,0,1.0,1.0,0,0)
DispatchTrackball(-1,5221898,2,4.0,-1.0,0.0,0.0,0,1.0,1.0,0,0)
DispatchTrackball(-1,5221905,2,-1.0,-2.0,0.0,0.0,0,1.0,1.0,0,0)
DispatchTrackball(-1,5221921,2,-1.0,1.0,0.0,0.0,0,1.0,1.0,0,0)
DispatchTrackball(-1,5221928,2,-3.0,-3.0,0.0,0.0,0,1.0,1.0,0,0)
DispatchTrackball(-1,5221937,2,0.0,0.0,0.0,0.0,0,1.0,1.0,0,0)
DispatchPointer(5221959,5221971,0,444.0,546.0,0.0,0.0,0,1.0,1.0,0,0)
DispatchPointer(5221959,5222002,2,433.80396,549.6892,0.0,0.0,0,1.0,1.0,0,0)
DispatchPointer(5221959,5222025,2,428.4302,550.5342,0.0,0.0,0,1.0,1.0,0,0)
DispatchPointer(5221959,5222043,2,410.51886,552.2425,0.0,0.0,0,1.0,1.0,0,0)
DispatchPointer(5221959,5222072,2,404.63763,553.7415,0.0,0.0,0,1.0,1.0,0,0)
DispatchPointer(5221959,5222082,2,386.34207,556.80707,0.0,0.0,0,1.0,1.0,0,0)
DispatchPointer(5221959,5222091,2,377.1506,558.614,0.0,0.0,0,1.0,1.0,0,0)
DispatchPointer(5221959,5222099,2,367.226,561.6792,0.0,0.0,0,1.0,1.0,0,0)
DispatchPointer(5221959,5222122,2,361.60233,563.8918,0.0,0.0,0,1.0,1.0,0,0)
DispatchPointer(5221959,5222129,2,355.13065,566.0853,0.0,0.0,0,1.0,1.0,0,0)
DispatchPointer(5221959,5222136,1,351.60837,566.524,0.0,0.0,0,1.0,1.0,0,0)
DispatchPointer(5222169,5222170,0,56.0,49.0,0.0,0.0,0,1.0,1.0,0,0)
DispatchPointer(5222169,5222205,1,53.388485,53.908703,0.0,0.0,0,1.0,1.0,0,0)
DispatchKey(5222219,5222219,0,22,0,0,-1,0)
DispatchKey(5222376,5222376,1,22,0,0,-1,0)
DispatchKey(5222887,5222887,0,22,0,0,-1,0)
DispatchKey(5222905,5222905,1,22,0,0,-1,0)
DispatchKey(5222919,5222919,0,19,0,0,-1,0)
DispatchKey(5222937,5222937,1,19,0,0,-1,0)
DispatchTrackball(-1,5222994,2,2.0,-5.0,0.0,0.0,0,1.0,1.0,0,0)
DispatchTrackball(-1,5223038,2,1.0,3.0,0.0,0.0,0,1.0,1.0,0,0)
DispatchTrackball(-1,5223047,2,2.0,-2.0,0.0,0.0,0,1.0,1.0,0,0)
DispatchTrackball(-1,5223056,2,1.0,-4.0,0.0,0.0,0,1.0,1.0,0,0)
DispatchTrackball(-1,5223065,2,-1.0,0.0,0.0,0.0,0,1.0,1.0,0,0)
DispatchTrackball(-1,5223071,2,-4.0,3.0,0.0,0.0,0,1.0,1.0,0,0)
DispatchTrackball(-1,5223078,2,2.0,1.0,0.0,0.0,0,1.0,1.0,0,0)
DispatchTrackball(-1,5223094,2,-3.0,4.0,0.0,0.0,0,1.0,1.0,0,0)
DispatchTrackball(-1,5223100,2,-3.0,4.0,0.0,0.0,0,1.0,1.0,0,0)
DispatchTrackball(-1,5223118,2,0.0,2.0,0.0,0.0,0,1.0,1.0,0,0)
DispatchTrackball(5222994,5223134,0,0.0,0.0,0.0,0.0,0,1.0,1.0,0,0)
DispatchTrackball(5222994,5223152,1,0.0,0.0,0.0,0.0,0,1.0,1.0,0,0)
DispatchPointer(5223196,5223196,0,88.0,517.0,0.0,0.0,0,1.0,1.0,0,0)
DispatchPointer(5223196,5223212,1,89.78943,499.18826,0.0,0.0,0,1.0,1.0,0,0)
DispatchKey(5223227,5223227,0,22,0,0,-1,0)
DispatchKey(5223434,5223434,1,22,0,0,-1,0)
DispatchPointer(5223501,5223501,0,311.0,796.0,0.0,0.0,0,1.0,1.0,0,0)
DispatchPointer(5223501,5223534,1,317.10474,786.6836,0.0,0.0,0,1.0,1.0,0,0)
DispatchPointer(5223562,5223563,0,165.0,133.0,0.0,0.0,0,1.0,1.0,0,0)
DispatchPointer(5223562,5223583,2,160.45302,132.86803,0.0,0.0,0,1.0,1.0,0,0)
DispatchPointer(5223562,5223607,2,148.12508,132.53905,0.0,0.0,0,1.0,1.0,0,0)
DispatchPointer(5223562,5223635,2,125.03976,132.41057,0.0,0.0,0,1.0,1.0,0,0)
DispatchPointer(5223562,5223654,2,112.13482,131.94615,0.0,0.0,0,1.0,1.0,0,0)
DispatchPointer(5223562,5223673,2,111.46867,131.5185,0.0,0.0,0,1.0,1.0,0,0)
DispatchPointer(5223562,5223683,2,98.178085,131.18126,0.0,0.0,0,1.0,1.0,0,0)
DispatchPointer(5223562,5223692,2,78.26423,131.12444,0.0,0.0,0,1.0,1.0,0,0)
DispatchPointer(5223562,5223714,2,63.504234,130.96204,0.0,0.0,0,1.0,1.0,0,0)
DispatchPointer(5223562,5223729,2,55.18361,130.48369,0.0,0.0,0,1.0,1.0,0,0)
DispatchPointer(5223562,5223758,1,47.241432,130.08022,0.0,0.0,0,1.0,1.0,0,0)
DispatchPointer(5223825,5223827,0,401.0,62.0,0.0,0.0,0,1.0,1.0,0,0)
DispatchPointer(5223825,5223860,261,416.17523,48.091156,0.0,0.0,0,1.0,1.0,0,0)
DispatchPointer(5223825,5223878,2,423.86572,41.993904,0.0,0.0,0,1.0,1.0,0,0)
DispatchPointer(5223825,5223948,2,438.47153,31.82302,0.0,0.0,0,1.0,1.0,0,0)
DispatchPointer(5223825,5224002,2,445.26065,18.518517,0.0,0.0,0,1.0,1.0,0,0)
DispatchPointer(5223825,5224024,2,457.36172,6.1916494,0.0,0.0,0,1.0,1.0,0,0)
DispatchPointer(5223825,5224052,2,468.32697,0.0,0.0,0.0,0,1.0,1.0,0,0)
DispatchPointer(5223825,5224076,2,480.0,0.0,0.0,0.0,0,1.0,1.0,0,0)
DispatchPointer(5223825,5224218,262,480.0,0.0,0.0,0.0,0,1.0,1.0,0,0)
DispatchPointer(5223825,5224230,1,480.0,0.0,0.0,0.0,0,1.0,1.0,0,0)
LaunchActivity(com.nloko.android.syncmypix,com.nloko.android.syncmypix.MainActivity)
DispatchPointer(5224388,5224389,0,207.0,609.0,0.0,0.0,0,1.0,1.0,0,0)
DispatchPointer(5224388,5224415,1,199.70186,607.8105,0.0,0.0,0,1.0,1.0,0,0)
DispatchPointer(5224471,5224472,0,389.0,692.0,0.0,0.0,0,1.0,1.0,0,0)
DispatchPointer(5224471,5224581,2,392.06625,693.95593,0.0,0.0,0,1.0,1.0,0,0)
DispatchPointer(5224471,5224590,2,399.3946,704.23206,0.0,0.0,0,1.0,1.0,0,0)
DispatchPointer(5224471,5224599,2,406.82437,714.54486,0.0,0.0,0,1.0,1.0,0,0)
DispatchPointer(5224471,5224608,2,410.66296,719.32935,0.0,0.0,0,1.0,1.0,0,0)
DispatchPointer(5224471,5224647,2,411.44745,729.57776,0.0,0.0,0,1.0,1.0,0,0)
DispatchKey(5224751,5224751,0,19,0,0,-1,0)
DispatchKey(5224766,5224766,1,19,0,0,-1,0)
DispatchKey(5227915,5227915,0,82,0,0,-1,0)
DispatchKey(5228024,5228024,1,82,0,0,-1,0)
DispatchTrackball(-1,5228042,2,3.0,-3.0,0.0,0.0,0,1.0,1.0,0,0)
DispatchTrackball(-1,5228226,2,-2.0,-4.0,0.0,0.0,0,1.0,1.0,0,0)
DispatchTrackball(-1,5228235,2,-5.0,0.0,0.0,0.0,0,1.0,1.0,0,0)
DispatchTrackball(-1,5228251,2,2.0,1.0,0.0,0.0,0,1.0,1.0,0,0)
DispatchTrackball(-1,5228259,2,-5.0,0.0,0.0,0.0,0,1.0,1.0,0,0)
DispatchTrackball(-1,5228266,2,-4.0,-5.0,0.0,0.0,0,1.0,1.0,0,0)
DispatchTrackball(-1,5228382,2,-3.0,3.0,0.0,0.0,0,1.0,1.0,0,0)
DispatchTrackball(-1,5228390,2,4.0,1.0,0.0,0.0,0,1.0,1.0,0,0)
DispatchTrackball(-1,5228408,2,-4.0,1.0,0.0,0.0,0,1.0,1.0,0,0)
DispatchTrackball(-1,5228464,2,0.0,-3.0,0.0,0.0,0,1.0,1.0,0,0)
DispatchKey(5228582,5228582,0,19,0,0,-1,0)
DispatchKey(5228650,5228650,1,19,0,0,-1,0)
DispatchTrackball(-1,5228746,2,-4.0,3.0,0.0,0.0,0,1.0,1.0,0,0)
DispatchTrackball(-1,5228775,2,4.0,-5.0,0.0,0.0,0,1.0,1.0,0,0)
DispatchTrackball(-1,5228801,2,4.0,-1.0,0.0,0.0,0,1.0,1.0,0,0)
DispatchTrackball(-1,5228816,2,-1.0,-2.0,0.0,0.0,0,1.0,1.0,0,0)
DispatchTrackball(-1,5228834,2,-2.0,-4.0,0.0,0.0,0,1.0,1.0,0,0)
DispatchTrackball(-1,5228850,2,-4.0,1.0,0.0,0.0,0,1.0,1.0,0,0)
DispatchTrackball(-1,5228857,2,1.0,0.0,0.0,0.0,0,1.0,1.0,0,0)
DispatchTrackball(-1,5228954,2,-5.0,-1.0,0.0,0.0,0,1.0,1.0,0,0)
DispatchTrackball(-1,5229046,2,-3.0,-2.0,0.0,0.0,0,1.0,1.0,0,0)
DispatchTrackball(-1,5229124,2,3.0,-1.0,0.0,0.0,0,1.0,1.0,0,0)
DispatchKey(5229145,5229145,0,20,0,0,-1,0)
DispatchKey(5229519,5229519,1,20,0,0,-1,0)
DispatchKey(5229567,5229567,0,23,0,0,-1,0)
DispatchKey(5229653,5229653,1,23,0,0,-1,0)
DispatchKey(5229687,5229687,0,23,0,0,-1,0)
DispatchKey(5229722,5229722,1,23,0,0,-1,0)
DispatchKey(5229736,5229736,0,21,0,0,-1,0)
DispatchKey(5229754,5229754,1,21,0,0,-1,0)
DispatchKey(5229778,5229778,0,82,0,0,-1,0)
DispatchKey(5229807,5229807,1,82,0,0,-1,0)
DispatchKey(5229837,5229837,0,23,0,0,-1,0)
DispatchKey(5229902,5229902,1,23,0,0,-1,0)
DispatchPointer(5229955,5229955,0,213.0,497.0,0.0,0.0,0,1.0,1.0,0,0)
DispatchPointer(5229955,5229998,1,209.74701,494.00854,0.0,0.0,0,1.0,1.0,0,0)
DispatchKey(5230202,5230202,0,75,0,0,-1,0)
DispatchKey(5230221,5230221,1,75,0,0,-1,0)
DispatchKey(5230260,5230260,0,4,0,0,-1,0)
DispatchKey(5230281,5230281,1,4,0,0,-1,0)
DispatchKey(5230296,5230296,0,142,0,0,-1,0)
DispatchKey(5230394,5230394,1,142,0,0,-1,0)
DispatchKey(5230458,5230458,0,21,0,0,-1,0)
DispatchKey(5230615,5230615,1,21,0,0,-1,0)
DispatchKey(5230628,5230628,0,8,0,0,-1,0)
DispatchKey(5230720,5230720,1,8,0,0,-1,0)
DispatchTrackball(-1,5231236,2,-2.0,-3.0,0.0,0.0,0,1.0,1.0,0,0)
DispatchTrackball(-1,5231269,2,0.0,-1.0,0.0,0.0,0,1.0,1.0,0,0)
DispatchTrackball(-1,5231632,2,2.0,4.0,0.0,0.0,0,1.0,1.0,0,0)
DispatchTrackball(-1,5231639,2,-4.0,-1.0,0.0,0.0,0,1.0,1.0,0,0)
DispatchTrackball(-1,5231823,2,-4.0,3.0,0.0,0.0,0,1.0,1.0,0,0)
DispatchTrackball(-1,5231843,2,3.0,1.0,0.0,0.0,0,1.0,1.0,0,0)
DispatchTrackball(-1,5231861,2,0.0,-1.0,0.0,0.0,0,1.0,1.0,0,0)
DispatchTrackball(-1,5232052,2,1.0,1.0,0.0,0.0,0,1.0,1.0,0,0)
DispatchTrackball(-1,5232071,2,-2.0,0.0,0.0,0.0,0,1.0,1.0,0,0)
DispatchTrackball(-1,5232094,2,-3.0,2.0,0.0,0.0,0,1.0,1.0,0,0)
LaunchActivity(com.nloko.android.syncmypix,com.nloko.android.syncmypix.MainActivity)
DispatchPointer(5232496,5232496,0,354.0,39.0,0.0,0.0,0,1.0,1.0,0,0)
DispatchPointer(5232496,5232563,1,365.01794,22.143078,0.0,0.0,0,1.0,1.0,0,0)
DispatchPointer(5232589,5232590,0,241.0,160.0,0.0,0.0,0,1.0,1.0,0,0)
DispatchPointer(5232589,5232692,261,255.47,166.63867,0.0,0.0,0,1.0,1.0,0,0)
DispatchPointer(5232589,5232708,2,255.75526,176.48627,0.0,0.0,0,1.0,1.0,0,0)
DispatchPointer(5232589,5232717,2,256.65378,180.75911,0.0,0.0,0,1.0,1.0,0,0)
DispatchPointer(5232589,5232724,262,271.70697,192.81921,0.0,0.0,0,1.0,1.0,0,0)
DispatchPointer(5232589,5232751,1,274.91183,201.08585,0.0,0.0,0,1.0,1.0,0,0)
DispatchKey(5232776,5232776,0,4,0,0,-1,0)
DispatchKey(5232882,5232882,1,4,0,0,-1,0)
DispatchPointer(5232960,5232971,0,300.0,165.0,0.0,0.0,0,1.0,1.0,0,0)
DispatchPointer(5232960,5233002,2,307.9321,169.73903,0.0,0.0,0,1.0,1.0,0,0)
DispatchPointer(5232960,5233017,2,312.73602,179.4493,0.0,0.0,0,1.0,1.0,0,0)
DispatchPointer(5232960,5233043,2,318.95746,185.84677,0.0,0.0,0,1.0,1.0,0,0)
DispatchPointer(5232960,5233062,2,327.84586,193.42242,0.0,0.0,0,1.0,1.0,0,0)
DispatchPointer(5232960,5233090,2,329.36945,200.92618,0.0,0.0,0,1.0,1.0,0,0)
DispatchPointer(5232960,5233099,2,329.9488,215.53757,0.0,0.0,0,1.0,1.0,0,0)
DispatchPointer(5232960,5233109,1,337.62564,215.73853,0.0,0.0,0,1.0,1.0,0,0)
DispatchKey(5233150,5233150,0,19,0,0,-1,0)
DispatchKey(5233198,5233198,1,19,0,0,-1,0)
DispatchPointer(5233235,5233236,0,260.0,398.0,0.0,0.0,0,1.0,1.0,0,0)
DispatchPointer(5233235,5233261,2,264.6165,399.01965,0.0,0.0,0,1.0,1.0,0,0)
DispatchPointer(5233235,5233279,1,268.45935,404.0988,0.0,0.0,0,1.0,1.0,0,0)
DispatchKey(5233309,5233309,0,82,0,0,-1,0)
DispatchKey(5233397,5233397,1,82,0,0,-1,0)
DispatchTrackball(-1,5233428,2,-2.0,3.0,0.0,0.0,0,1.0,1.0,0,0)
DispatchTrackball(-1,5233439,2,0.0,1.0,0.0,0.0,0,1.0,1.0,0,0)
DispatchTrackball(-1,5233460,2,3.0,2.0,0.0,0.0,0,1.0,1.0,0,0)
DispatchTrackball(-1,5233512,2,3.0,-1.0,0.0,0.0,0,1.0,1.0,0,0)
DispatchTrackball(-1,5233520,2,-4.0,1.0,0.0,0.0,0,1.0,1.0,0,0)
DispatchTrackball(-1,5233713,2,-5.0,-1.0,0.0,0.0,0,1.0,1.0,0,0)
DispatchTrackball(-1,5233833,2,-4.0,-5.0,0.0,0.0,0,1.0,1.0,0,0)
DispatchTrackball(-1,5233902,2,-5.0,-5.0,0.0,0.0,0,1.0,1.0,0,0)
DispatchTrackball(-1,5233934,2,-4.0,-5.0,0.0,0.0,0,1.0,1.0,0,0)
DispatchTrackball(-1,5233946,2,-2.0,-1.0,0.0,0.0,0,1.0,1.0,0,0)
DispatchKey(5233955,5233955,0,22,0,0,-1,0)
DispatchKey(5234292,5234292,1,22,0,0,-1,0)
DispatchPointer(5234351,5234353,0,110.0,274.0,0.0,0.0,0,1.0,1.0,0,0)
DispatchPointer(5234351,5234397,2,113.38052,267.34933,0.0,0.0,0,1.0,1.0,0,0)
DispatchPointer(5234351,5234421,2,119.51613,255.61626,0.0,0.0,0,1.0,1.0,0,0)
DispatchPointer(5234351,5234429,2,119.666565,248.9798,0.0,0.0,0,1.0,1.0,0,0)
DispatchPointer(5234351,5234511,2,126.44564,237.29149,0.0,0.0,0,1.0,1.0,0,0)
DispatchKey(5234645,5234645,0,35,0,0,-1,0)
DispatchKey(5234763,5234763,1,35,0,0,-1,0)
DispatchKey(5234842,5234842,0,34,0,0,-1,0)
DispatchKey(5234920,5234920,1,34,0,0,-1,0)
DispatchPointer(5234959,5234971,0,213.0,487.0,0.0,0.0,0,1.0,1.0,0,0)
DispatchPointer(5234959,5235007,1,217.64598,503.21472,0.0,0.0,0,1.0,1.0,0,0)
DispatchKey(5235105,5235105,0,22,0,0,-1,0)
DispatchKey(5235116,5235116,1,22,0,0,-1,0)
DispatchKey(5235151,5235151,0,169,0,0,-1,0)
DispatchKey(5235207,5235207,1,169,0,0,-1,0)
DispatchTrackball(-1,5235252,2,1.0,0.0,0.0,0.0,0,1.0,1.0,0,0)
DispatchTrackball(-1,5235265,2,4.0,2.0,0.0,0.0,0,1.0,1.0,0,0)
DispatchTrackball(-1,5235301,2,2.0,-2.0,0.0,0.0,0,1.0,1.0,0,0)
DispatchTrackball(-1,5235326,2,3.0,-4.0,0.0,0.0,0,1.0,1.0,0,0)
DispatchTrackball(-1,5235338,2,4.0,1.0,0.0,0.0,0,1.0,1.0,0,0)
DispatchTrackball(-1,5235362,2,-2.0,-4.0,0.0,0.0,0,1.0,1.0,0,0)
DispatchTrackball(-1,5235452,2,-1.0,3.0,0.0,0.0,0,1.0,1.0,0,0)
DispatchTrackball(-1,5235501,2,-2.0,-4.0,0.0,0.0,0,1.0,1.0,0,0)
DispatchTrackball(-1,5235508,2,-2.0,-3.0,0.0,0.0,0,1.0,1.0,0,0)
DispatchTrackball(-1,5235587,2,-1.0,2.0,0.0,0.0,0,1.0,1.0,0,0)
DispatchKey(5235646,5235646,0,20,0,0,-1,0)
DispatchKey(5235883,5235883,1,20,0,0,-1,0)
DispatchKey(5236101,5236101,0,82,0,0,-1,0)
DispatchKey(5236122,5236122,1,82,0,0,-1,0)
DispatchKey(5236192,5236192,0,23,0,0,-1,0)
DispatchKey(5236219,5236219,1,23,0,0,-1,0)
DispatchPointer(5236277,5236277,0,33.0,334.0,0.0,0.0,0,1.0,1.0,0,0)
DispatchPointer(5236277,5236293,1,50.365433,336.7437,0.0,0.0,0,1.0,1.0,0,0)
DispatchTrackball(-1,5236344,2,2.0,3.0,0.0,0.0,0,1.0,1.0,0,0)
DispatchTrackball(-1,5236355,2,-2.0,-1.0,0.0,0.0,0,1.0,1.0,0,0)
DispatchTrackball(-1,5236366,2,-2.0,-5.0,0.0,0.0,0,1.0,1.0,0,0)
DispatchTrackball(-1,5236377,2,0.0,4.0,0.0,0.0,0,1.0,1.0,0,0)
DispatchTrackball(-1,5236414,2,2.0,-1.0,0.0,0.0,0,1.0,1.0,0,0)
DispatchTrackball(-1,5236487,2,4.0,4.0,0.0,0.0,0,1.0,1.0,0,0)
DispatchTrackball(-1,5236494,2,4.0,3.0,0.0,0.0,0,1.0,1.0,0,0)
DispatchTrackball(-1,5236627,2,-1.0,-5.0,0.0,0.0,0,1.0,1.0,0,0)
DispatchTrackball(-1,5236706,2,-3.0,1.0,0.0,0.0,0,1.0,1.0,0,0)
DispatchTrackball(-1,5237107,2,-1.0,1.0,0.0,0.0,0,1.0,1.0,0,0)
DispatchTrackball(-1,5237192,2,1.0,2.0,0.0,0.0,0,1.0,1.0,0,0)
DispatchTrackball(-1,5237261,2,4.0,-5.0,0.0,0.0,0,1.0,1.0,0,0)
DispatchTrackball(-1,5237278,2,1.0,2.0,0.0,0.0,0,1.0,1.0,0,0)
DispatchTrackball(-1,5237288,2,2.0,-4.0,0.0,0.0,0,1.0,1.0,0,0)
DispatchTrackball(-1,5237295,2,2.0,-1.0,0.0,0.0,0,1.0,1.0,0,0)
DispatchTrackball(-1,5237302,2,-4.0,1.0,0.0,0.0,0,1.0,1.0,0,0)
DispatchTrackball(-1,5237374,2,-4.0,2.0,0.0,0.0,0,1.0,1.0,0,0)
DispatchTrackball(-1,5237395,2,4.0,1.0,0.0,0.0,0,1.0,1.0,0,0)
DispatchTrackball(-1,5237409,2,-4.0,0.0,0.0,0.0,0,1.0,1.0,0,0)
DispatchTrackball(-1,5237428,2,2.0,-4.0,0.0,0.0,0,1.0,1.0,0,0)
DispatchPointer(5237473,5237474,0,103.0,664.0,0.0,0.0,0,1.0,1.0,0,0)
DispatchPointer(5237473,5237502,1,108.02868,658.0438,0.0,0.0,0,1.0,1.0,0,0)
DispatchTrackball(-1,5237611,2,0.0,-2.0,0.0,0.0,0,1.0,1.0,0,0)
DispatchTrackball(-1,5237664,2,4.0,-2.0,0.0,0.0,0,1.0,1.0,0,0)
DispatchTrackball(-1,5237684,2,3.0,-1.0,0.0,0.0,0,1.0,1.0,0,0)
DispatchTrackball(-1,5237711,2,2.0,-5.0,0.0,0.0,0,1.0,1.0,0,0)
DispatchTrackball(-1,5237735,2,1.0,3.0,0.0,0.0,0,1.0,1.0,0,0)
DispatchTrackball(-1,5237745,2,-5.0,0.0,0.0,0.0,0,1.0,1.0,0,0)
DispatchTrackball(-1,5237762,2,-3.0,-4.0,0.0,0.0,0,1.0,1.0,0,0)
DispatchTrackball(-1,5237770,2,2.0,3.0,0.0,0.0,0,1.0,1.0,0,0)
DispatchTrackball(-1,5237786,2,3.0,-5.0,0.0,0.0,0,1.0,1.0,0,0)
DispatchTrackball(-1,5237806,2,-3.0,-4.0,0.0,0.0,0,1.0,1.0,0,0)
DispatchPointer(5237826,5237913,0,408.0,695.0,0.0,0.0,0,1.0,1.0,0,0)
DispatchPointer(5237826,5237935,2,405.6813,704.77515,0.0,0.0,0,1.0,1.0,0,0)
DispatchPointer(5237826,5237956,2,405.3995,713.9241,0.0,0.0,0,1.0,1.0,0,0)
DispatchPointer(5237826,5237963,2,405.34027,733.87964,0.0,0.0,0,1.0,1.0,0,0)
DispatchPointer(5237826,5237971,2,403.02954,750.35004,0.0,0.0,0,1.0,1.0,0,0)
DispatchPointer(5237826,5237978,2,401.66803,770.949,0.0,0.0,0,1.0,1.0,0,0)
DispatchPointer(5237826,5238001,2,398.11447,791.85425,0.0,0.0,0,1.0,1.0,0,0)
DispatchPointer(5237826,5238021,1,395.43094,800.0,0.0,0.0,0,1.0,1.0,0,0)
DispatchPointer(5238049,5238061,0,225.0,80.0,0.0,0.0,0,1.0,1.0,0,0)
DispatchPointer(5238049,5238094,2,239.1167,88.52997,0.0,0.0,0,1.0,1.0,0,0)
DispatchPointer(5238049,5238181,2,242.44974,97.52795,0.0,0.0,0,1.0,1.0,0,0)
DispatchPointer(5238049,5238194,2,251.9395,105.04774,0.0,0.0,0,1.0,1.0,0,0)
DispatchPointer(5238049,5238240,2,252.04407,106.01737,0.0,0.0,0,1.0,1.0,0,0)
DispatchPointer(5238049,5238267,2,262.28955,109.09892,0.0,0.0,0,1.0,1.0,0,0)
DispatchPointer(5238049,5238281,2,264.64215,110.07322,0.0,0.0,0,1.0,1.0,0,0)
DispatchPointer(5238049,5238291,2,270.1377,116.67845,0.0,0.0,0,1.0,1.0,0,0)
DispatchPointer(5238049,5238322,2,270.6003,123.69743,0.0,0.0,0,1.0,1.0,0,0)
DispatchPointer(5238049,5238393,2,278.61615,127.21743,0.0,0.0,0,1.0,1.0,0,0)
DispatchPointer(5238049,5238410,1,284.8273,134.9904,0.0,0.0,0,1.0,1.0,0,0)
DispatchKey(5238499,5238499,0,20,0,0,-1,0)
DispatchKey(5238615,5238615,1,20,0,0,-1,0)
DispatchTrackball(-1,5238700,2,3.0,-5.0,0.0,0.0,0,1.0,1.0,0,0)
DispatchTrackball(-1,5238742,2,-3.0,0.0,0.0,0.0,0,1.0,1.0,0,0)
DispatchTrackball(-1,5238758,2,4.0,-2.0,0.0,0.0,0,1.0,1.0,0,0)
DispatchTrackball(-1,5238862,2,-1.0,4.0,0.0,0.0,0,1.0,1.0,0,0)
DispatchTrackball(-1,5238891,2,0.0,1.0,0.0,0.0,0,1.0,1.0,0,0)
DispatchTrackball(-1,5238944,2,0.0,4.0,0.0,0.0,0,1.0,1.0,0,0)
DispatchTrackball(-1,5238957,2,2.0,2.0,0.0,0.0,0,1.0,1.0,0,0)
DispatchTrackball(-1,5238990,2,3.0,2.0,0.0,0.0,0,1.0,1.0,0,0)
DispatchTrackball(-1,5239020,2,-5.0,-3.0,0.0,0.0,0,1.0,1.0,0,0)
DispatchTrackball(-1,5239122,2,-2.0,-2.0,0.0,0.0,0,1.0,1.0,0,0)
DispatchTrackball(5238700,5239141,0,0.0,0.0,0.0,0.0,0,1.0,1.0,0,0)
DispatchTrackball(5238700,5239150,1,0.0,0.0,0.0,0.0,0,1.0,1.0,0,0)
DispatchKey(5239259,5239259,0,159,0,0,-1,0)
DispatchKey(5239363,5239363,1,159,0,0,-1,0)
DispatchKey(5239645,5239645,0,82,0,0,-1,0)
DispatchKey(5239690,5239690,1,82,0,0,-1,0)
DispatchTrackball(-1,5239737,2,3.0,-1.0,0.0,0.0,0,1.0,1.0,0,0)
DispatchTrackball(-1,5239773,2,-5.0,3.0,0.0,0.0,0,1.0,1.0,0,0)
DispatchTrackball(-1,5239790,2,1.0,4.0,0.0,0.0,0,1.0,1.0,0,0)
DispatchTrackball(-1,5239798,2,4.0,-1.0,0.0,0.0,0,1.0,1.0,0,0)
DispatchTrackball(-1,5239807,2,1.0,2.0,0.0,0.0,0,1.0,1.0,0,0)
DispatchTrackball(-1,5239814,2,-1.0,-5.0,0.0,0.0,0,1.0,1.0,0,0)
DispatchTrackball(-1,5239872,2,-4.0,-1.0,0.0,0.0,0,1.0,1.0,0,0)
DispatchTrackball(-1,5239880,2,2.0,-4.0,0.0,0.0,0,1.0,1.0,0,0)
DispatchTrackball(-1,5239896,2,1.0,1.0,0.0,0.0,0,1.0,1.0,0,0)
DispatchTrackball(-1,5239913,2,-1.0,-1.0,0.0,0.0,0,1.0,1.0,0,0)
DispatchPointer(5239932,5239932,0,401.0,263.0,0.0,0.0,0,1.0,1.0,0,0)
DispatchPointer(5239932,5239961,1,391.79315,256.96625,0.0,0.0,0,1.0,1.0,0,0)
DispatchPointer(5239985,5239985,0,457.0,335.0,0.0,0.0,0,1.0,1.0,0,0)
