type= raw events
count= -1
speed= 2.0
start data >>
LaunchActivity(com.nloko.android.syncmypix,com.nloko.android.syncmypix.MainActivity)
DispatchKey(5461685,5461685,0,20,0,0,-1,0)
DispatchKey(5464731,5464731,1,20,0,0,-1,0)
DispatchKey(5464836,5464836,0,21,0,0,-1,0)
DispatchKey(5464874,5464874,1,21,0,0,-1,0)
DispatchTrackball(-1,5464909,2,-3.0,1.0,0.0,0.0,0,1.0,1.0,0,0)
DispatchTrackball(-1,5464971,2,-4.0,3.0,0.0,0.0,0,1.0,1.0,0,0)
DispatchTrackball(-1,5464993,2,2.0,3.0,0.0,0.0,0,1.0,1.0,0,0)
DispatchTrackball(-1,5465014,2,2.0,2.0,0.0,0.0,0,1.0,1.0,0,0)
DispatchTrackball(-1,5465032,2,2.0,2.0,0.0,0.0,0,1.0,1.0,0,0)
DispatchTrackball(-1,5465046,2,-1.0,-2.0,0.0,0.0,0,1.0,1.0,0,0)
DispatchTrackball(-1,5465054,2,0.0,-4.0,0.0,0.0,0,1.0,1.0,0,0)
DispatchTrackball(-1,5465074,2,4.0,-2.0,0.0,0.0,0,1.0,1.0,0,0)
DispatchTrackball(-1,5465085,2,-5.0,-2.0,0.0,0.0,0,1.0,1.0,0,0)
DispatchTrackball(-1,5465092,2,-4.0,0.0,0.0,0.0,0,1.0,1.0,0,0)
DispatchKey(5465100,5465100,0,82,0,0,-1,0)
DispatchKey(5465724,5465724,1,82,0,0,-1,0)
LaunchActivity(com.nloko.android.syncmypix,com.nloko.android.syncmypix.MainActivity)
DispatchTrackball(-1,5465795,2,-1.0,4.0,0.0,0.0,0,1.0,1.0,0,0)
DispatchTrackball(-1,5465822,2,-3.0,0.0,0.0,0.0,0,1.0,1.0,0,0)
DispatchTrackball(-1,5465832,2,-1.0,1.0,0.0,0.0,0,1.0,1.0,0,0)
DispatchTrackball(-1,5465851,2,-4.0,0.0,0.0,0.0,0,1.0,1.0,0,0)
DispatchTrackball(-1,5465870,2,-5.0,0.0,0.0,0.0,0,1.0,1.0,0,0)
DispatchTrackball(-1,5465880,2,4.0,-1.0,0.0,0.0,0,1.0,1.0,0,0)
DispatchTrackball(-1,5465897,2,-1.0,3.0,0.0,0.0,0,1.0,1.0,0,0)
DispatchTrackball(-1,5465909,2,2.0,4.0,0.0,0.0,0,1.0,1.0,0,0)
DispatchTrackball(-1,5465918,2,1.0,0.0,0.0,0.0,0,1.0,1.0,0,0)
DispatchTrackball(-1,5465936,2,4.0,-2.0,0.0,0.0,0,1.0,1.0,0,0)
DispatchPointer(5465968,5465969,0,147.0,301.0,0.0,0.0,0,1.0,1.0,0,0)
DispatchPointer(5465968,5466015,1,132.92818,305.8507,0.0,0.0,0,1.0,1.0,0,0)
DispatchKey(5466045,5466045,0,20,0,0,-1,0)
DispatchKey(5466867,5466867,1,20,0,0,-1,0)
DispatchKey(5467069,5467069,0,22,0,0,-1,0)
DispatchKey(5467147,5467147,1,22,0,0,-1,0)
DispatchKey(5467210,5467210,0,23,0,0,-1,0)
DispatchKey(5467228,5467228,1,23,0,0,-1,0)
DispatchKey(5467255,5467255,0,82,0,0,-1,0)
DispatchKey(5467407,5467407,1,82,0,0,-1,0)
DispatchPointer(5467926,5467927,0,187.0,284.0,0.0,0.0,0,1.0,1.0,0,0)
DispatchPointer(5467926,5467954,261,184.32253,285.2879,0.0,0.0,0,1.0,1.0,0,0)
DispatchPointer(5467926,5467965,2,178.58405,285.43518,0.0,0.0,0,1.0,1.0,0,0)
DispatchPointer(5467926,5467989,2,177.15541,288.81442,0.0,0.0,0,1.0,1.0,0,0)
DispatchPointer(5467926,5468010,2,163.48012,297.8053,0.0,0.0,0,1.0,1.0,0,0)
DispatchPointer(5467926,5468029,262,153.1171,306.13235,0.0,0.0,0,1.0,1.0,0,0)
DispatchPointer(5467926,5468048,1,139.66608,312.01334,0.0,0.0,0,1.0,1.0,0,0)
DispatchPointer(5468097,5468098,0,450.0,511.0,0.0,0.0,0,1.0,1.0,0,0)
DispatchPointer(5468097,5468117,261,441.88867,504.5163,0.0,0.0,0,1.0,1.0,0,0)
DispatchPointer(5468097,5468131,2,441.43604,497.73917,0.0,0.0,0,1.0,1.0,0,0)
DispatchPointer(5468097,5468138,2,441.4048,493.991,0.0,0.0,0,1.0,1.0,0,0)
DispatchPointer(5468097,5468146,2,439.0837,486.89328,0.0,0.0,0,1.0,1.0,0,0)
DispatchPointer(5468097,5468165,262,430.47742,484.9597,0.0,0.0,0,1.0,1.0,0,0)
DispatchPointer(5468097,5468176,1,425.9678,479.25903,0.0,0.0,0,1.0,1.0,0,0)
DispatchKey(5468201,5468201,0,4,0,0,-1,0)
DispatchKey(5468287,5468287,1,4,0,0,-1,0)
DispatchKey(5468359,5468359,0,19,0,0,-1,0)
DispatchKey(5468391,5468391,1,19,0,0,-1,0)
DispatchPointer(5468588,5468588,0,87.0,388.0,0.0,0.0,0,1.0,1.0,0,0)
DispatchPointer(5468588,5468616,1,77.27441,379.08774,0.0,0.0,0,1.0,1.0,0,0)
DispatchKey(5468654,5468654,0,21,0,0,-1,0)
DispatchKey(5470997,5470997,1,21,0,0,-1,0)
DispatchKey(5472736,5472736,0,82,0,0,-1,0)
DispatchKey(5472822,5472822,1,82,0,0,-1,0)
LaunchActivity(com.nloko.android.syncmypix,com.nloko.android.syncmypix.MainActivity)
DispatchKey(5473417,5473417,0,21,0,0,-1,0)
DispatchKey(5474012,5474012,1,21,0,0,-1,0)
DispatchTrackball(-1,5474584,2,0.0,1.0,0.0,0.0,0,1.0,1.0,0,0)
DispatchTrackball(-1,5474630,2,3.0,3.0,0.0,0.0,0,1.0,1.0,0,0)
DispatchTrackball(-1,5474651,2,3.0,-2.0,0.0,0.0,0,1.0,1.0,0,0)
DispatchTrackball(-1,5474679,2,-3.0,-5.0,0.0,0.0,0,1.0,1.0,0,0)
DispatchTrackball(-1,5474694,2,-2.0,3.0,0.0,0.0,0,1.0,1.0,0,0)
DispatchTrackball(-1,5474711,2,-5.0,2.0,0.0,0.0,0,1.0,1.0,0,0)
DispatchTrackball(-1,5474722,2,-4.0,-2.0,0.0,0.0,0,1.0,1.0,0,0)
DispatchTrackball(-1,5474742,2,0.0,-4.0,0.0,0.0,0,1.0,1.0,0,0)
DispatchTrackball(-1,5474753,2,3.0,0.0,0.0,0.0,0,1.0,1.0,0,0)
DispatchTrackball(-1,5474762,2,1.0,-4.0,0.0,0.0,0,1.0,1.0,0,0)
DispatchTrackball(5474584,5474770,0,0.0,0.0,0.0,0.0,0,1.0,1.0,0,0)
DispatchTrackball(5474584,5474789,1,0.0,0.0,0.0,0.0,0,1.0,1.0,0,0)
DispatchKey(5474829,5474829,0,20,0,0,-1,0)
DispatchKey(5474887,5474887,1,20,0,0,-1,0)
DispatchKey(5478066,5478066,0,65,0,0,-1,0)
DispatchKey(5478207,5478207,1,65,0,0,-1,0)
DispatchKey(5478261,5478261,0,19,0,0,-1,0)
DispatchKey(5478411,5478411,1,19,0,0,-1,0)
DispatchPointer(5478623,5478623,0,468.0,297.0,0.0,0.0,0,1.0,1.0,0,0)
DispatchPointer(5478623,5478639,1,445.10767,311.60034,0.0,0.0,0,1.0,1.0,0,0)
DispatchTrackball(-1,5478743,2,-3.0,4.0,0.0,0.0,0,1.0,1.0,0,0)
DispatchTrackball(-1,5478774,2,-4.0,4.0,0.0,0.0,0,1.0,1.0,0,0)
DispatchTrackball(-1,5478794,2,-5.0,-5.0,0.0,0.0,0,1.0,1.0,0,0)
DispatchTrackball(-1,5478815,2,4.0,-4.0,0.0,0.0,0,1.0,1.0,0,0)
DispatchTrackball(-1,5478833,2,0.0,1.0,0.0,0.0,0,1.0,1.0,0,0)
DispatchTrackball(-1,5478843,2,-4.0,0.0,0.0,0.0,0,1.0,1.0,0,0)
DispatchTrackball(-1,5478863,2,-4.0,4.0,0.0,0.0,0,1.0,1.0,0,0)
DispatchTrackball(-1,5478894,2,-5.0,3.0,0.0,0.0,0,1.0,1.0,0,0)
DispatchTrackball(-1,5478906,2,4.0,-1.0,0.0,0.0,0,1.0,1.0,0,0)
DispatchTrackball(-1,5478919,2,-2.0,0.0,0.0,0.0,0,1.0,1.0,0,0)








































DispatchPointer(5482089,5482089,0,447.0,168.0,0.0,0.0,0,1.0,1.0,0,0)
DispatchPointer(5482089,5482242,1,448.34344,157.82085,0.0,0.0,0,1.0,1.0,0,0)
DispatchKey(5482362,5482362,0,216,0,0,-1,0)
DispatchKey(5482540,5482540,1,216,0,0,-1,0)
DispatchKey(5482672,5482672,0,19,0,0,-1,0)
DispatchKey(5482747,5482747,1,19,0,0,-1,0)
DispatchTrackball(-1,5482855,2,-3.0,-3.0,0.0,0.0,0,1.0,1.0,0,0)
DispatchTrackball(-1,5482888,2,0.0,-5.0,0.0,0.0,0,1.0,1.0,0,0)
DispatchTrackball(-1,5482899,2,-2.0,-4.0,0.0,0.0,0,1.0,1.0,0,0)
DispatchTrackball(-1,5482952,2,4.0,2.0,0.0,0.0,0,1.0,1.0,0,0)
DispatchTrackball(-1,5482958,2,4.0,0.0,0.0,0.0,0,1.0,1.0,0,0)
DispatchTrackball(-1,5482969,2,-2.0,4.0,0.0,0.0,0,1.0,1.0,0,0)
DispatchTrackball(-1,5483017,2,-3.0,-4.0,0.0,0.0,0,1.0,1.0,0,0)
DispatchTrackball(-1,5483027,2,-4.0,1.0,0.0,0.0,0,1.0,1.0,0,0)
DispatchTrackball(-1,5483045,2,3.0,1.0,0.0,0.0,0,1.0,1.0,0,0)
DispatchTrackball(-1,5483074,2,4.0,1.0,0.0,0.0,0,1.0,1.0,0,0)
DispatchTrackball(5482855,5483087,0,0.0,0.0,0.0,0.0,0,1.0,1.0,0,0)
DispatchTrackball(5482855,5483177,1,0.0,0.0,0.0,0.0,0,1.0,1.0,0,0)
DispatchKey(5483197,5483197,0,20,0,0,-1,0)
DispatchKey(5483286,5483286,1,20,0,0,-1,0)
DispatchKey(5483302,5483302,0,23,0,0,-1,0)
DispatchKey(5483315,5483315,1,23,0,0,-1,0)
DispatchKey(5483352,5483352,0,23,0,0,-1,0)
DispatchKey(5483363,5483363,1,23,0,0,-1,0)
DispatchPointer(5484105,5484106,0,443.0,320.0,0.0,0.0,0,1.0,1.0,0,0)
DispatchTrackball(-1,5484370,2,4.0,-1.0,0.0,0.0,0,1.0,1.0,0,0)
DispatchTrackball(-1,5484427,2,3.0,-5.0,0.0,0.0,0,1.0,1.0,0,0)
DispatchTrackball(-1,5484531,2,-3.0,-2.0,0.0,0.0,0,1.0,1.0,0,0)
DispatchTrackball(-1,5484547,2,-4.0,0.0,0.0,0.0,0,1.0,1.0,0,0)
DispatchTrackball(-1,5484559,2,0.0,-3.0,0.0,0.0,0,1.0,1.0,0,0)
DispatchTrackball(-1,5484576,2,3.0,-1.0,0.0,0.0,0,1.0,1.0,0,0)
DispatchTrackball(-1,5484603,2,2.0,0.0,0.0,0.0,0,1.0,1.0,0,0)
DispatchTrackball(-1,5484615,2,2.0,4.0,0.0,0.0,0,1.0,1.0,0,0)
DispatchTrackball(-1,5484633,2,-3.0,0.0,0.0,0.0,0,1.0,1.0,0,0)
DispatchTrackball(-1,5484640,2,-1.0,-3.0,0.0,0.0,0,1.0,1.0,0,0)
DispatchTrackball(-1,5484658,2,4.0,-2.0,0.0,0.0,0,1.0,1.0,0,0)
DispatchTrackball(-1,5484981,2,4.0,3.0,0.0,0.0,0,1.0,1.0,0,0)
DispatchTrackball(-1,5485000,2,-4.0,1.0,0.0,0.0,0,1.0,1.0,0,0)
DispatchTrackball(-1,5485035,2,0.0,1.0,0.0,0.0,0,1.0,1.0,0,0)
DispatchTrackball(-1,5485049,2,-4.0,1.0,0.0,0.0,0,1.0,1.0,0,0)
DispatchTrackball(-1,5485120,2,-5.0,-1.0,0.0,0.0,0,1.0,1.0,0,0)
DispatchTrackball(-1,5485223,2,4.0,4.0,0.0,0.0,0,1.0,1.0,0,0)
DispatchTrackball(-1,5485244,2,-2.0,2.0,0.0,0.0,0,1.0,1.0,0,0)
DispatchTrackball(-1,5485311,2,2.0,-2.0,0.0,0.0,0,1.0,1.0,0,0)
DispatchTrackball(-1,5485371,2,-4.0,1.0,0.0,0.0,0,1.0,1.0,0,0)
DispatchPointer(5485392,5485392,0,357.0,409.0,0.0,0.0,0,1.0,1.0,0,0)
DispatchPointer(5485392,5485433,1,372.3044,413.4878,0.0,0.0,0,1.0,1.0,0,0)
DispatchPointer(5485562,5485563,0,304.0,496.0,0.0,0.0,0,1.0,1.0,0,0)
DispatchPointer(5485562,5485574,261,287.02682,499.46426,0.0,0.0,0,1.0,1.0,0,0)
DispatchPointer(5485562,5485581,2,268.70963,500.09293,0.0,0.0,0,1.0,1.0,0,0)
DispatchPointer(5485562,5485589,2,266.52637,504.36005,0.0,0.0,0,1.0,1.0,0,0)
DispatchPointer(5485562,5485648,2,263.8883,507.86185,0.0,0.0,0,1.0,1.0,0,0)
DispatchPointer(5485562,5485656,262,261.87936,513.41656,0.0,0.0,0,1.0,1.0,0,0)
DispatchPointer(5485562,5485662,1,244.29182,516.7563,0.0,0.0,0,1.0,1.0,0,0)
DispatchTrackball(-1,5485831,2,0.0,4.0,0.0,0.0,0,1.0,1.0,0,0)
DispatchTrackball(-1,5485872,2,-2.0,-4.0,0.0,0.0,0,1.0,1.0,0,0)
DispatchTrackball(-1,5485882,2,-4.0,-5.0,0.0,0.0,0,1.0,1.0,0,0)
DispatchTrackball(-1,5485888,2,0.0,1.0,0.0,0.0,0,1.0,1.0,0,0)
DispatchTrackball(-1,5485957,2,0.0,3.0,0.0,0.0,0,1.0,1.0,0,0)
DispatchTrackball(-1,5485965,2,-5.0,4.0,0.0,0.0,0,1.0,1.0,0,0)
DispatchTrackball(-1,5486034,2,-2.0,-4.0,0.0,0.0,0,1.0,1.0,0,0)
DispatchTrackball(-1,5486093,2,-1.0,2.0,0.0,0.0,0,1.0,1.0,0,0)
DispatchTrackball(-1,5486156,2,2.0,-3.0,0.0,0.0,0,1.0,1.0,0,0)
DispatchTrackball(-1,5486169,2,-2.0,-5.0,0.0,0.0,0,1.0,1.0,0,0)
DispatchKey(5486188,5486188,0,20,0,0,-1,0)
DispatchKey(5486565,5486565,1,20,0,0,-1,0)
DispatchKey(5488513,5488513,0,20,0,0,-1,0)
DispatchKey(5488527,5488527,1,20,0,0,-1,0)
DispatchKey(5489200,5489200,0,21,0,0,-1,0)
DispatchKey(5489948,5489948,1,21,0,0,-1,0)
DispatchKey(5490086,5490086,0,23,0,0,-1,0)
DispatchKey(5490096,5490096,1,23,0,0,-1,0)
DispatchKey(5490124,5490124,0,73,0,0,-1,0)
DispatchKey(5492018,5492018,1,73,0,0,-1,0)
DispatchKey(5492137,5492137,0,19,0,0,-1,0)
DispatchKey(5492300,5492300,1,19,0,0,-1,0)
DispatchKey(5492319,5492319,0,23,0,0,-1,0)
DispatchKey(5492453,5492453,1,23,0,0,-1,0)
DispatchPointer(5492475,5492477,0,309.0,555.0,0.0,0.0,0,1.0,1.0,0,0)
DispatchPointer(5492475,5492542,2,314.37842,537.3909,0.0,0.0,0,1.0,1.0,0,0)
DispatchPointer(5492475,5492578,2,325.46338,523.42773,0.0,0.0,0,1.0,1.0,0,0)
DispatchPointer(5492475,5492610,2,339.7689,510.2815,0.0,0.0,0,1.0,1.0,0,0)
DispatchPointer(5492475,5492619,2,343.71396,495.41907,0.0,0.0,0,1.0,1.0,0,0)
DispatchPointer(5492475,5492672,2,351.95377,485.17618,0.0,0.0,0,1.0,1.0,0,0)
DispatchPointer(5492475,5492681,2,367.41803,483.38977,0.0,0.0,0,1.0,1.0,0,0)
DispatchPointer(5492475,5492689,2,374.64606,467.70364,0.0,0.0,0,1.0,1.0,0,0)
DispatchPointer(5492475,5492709,2,380.12985,466.55038,0.0,0.0,0,1.0,1.0,0,0)
DispatchPointer(5492475,5492750,2,389.23355,445.91025,0.0,0.0,0,1.0,1.0,0,0)
DispatchPointer(5492475,5492771,1,395.04984,424.94055,0.0,0.0,0,1.0,1.0,0,0)
DispatchPointer(5492820,5492821,0,88.0,96.0,0.0,0.0,0,1.0,1.0,0,0)
DispatchPointer(5492820,5492836,1,80.35176,94.20745,0.0,0.0,0,1.0,1.0,0,0)
DispatchKey(5492869,5492869,0,20,0,0,-1,0)
DispatchKey(5492963,5492963,1,20,0,0,-1,0)
DispatchPointer(5493047,5493048,0,364.0,239.0,0.0,0.0,0,1.0,1.0,0,0)
DispatchPointer(5493047,5493074,2,360.44513,239.70276,0.0,0.0,0,1.0,1.0,0,0)
DispatchPointer(5493047,5493116,2,355.96133,245.78313,0.0,0.0,0,1.0,1.0,0,0)
DispatchPointer(5493047,5493123,2,352.86224,257.16602,0.0,0.0,0,1.0,1.0,0,0)
DispatchPointer(5493047,5493143,2,345.6301,261.3722,0.0,0.0,0,1.0,1.0,0,0)
DispatchPointer(5493047,5493163,2,341.29813,272.37448,0.0,0.0,0,1.0,1.0,0,0)

LaunchActivity(com.nloko.android.syncmypix,com.nloko.android.syncmypix.MainActivity)

































DispatchPointer(5497405,5497405,0,103.0,14.0,0.0,0.0,0,1.0,1.0,0,0)
DispatchPointer(5497405,5497429,1,118.175354,12.831057,0.0,0.0,0,1.0,1.0,0,0)
LaunchActivity(com.nloko.android.syncmypix,com.nloko.android.syncmypix.MainActivity)
DispatchKey(5497486,5497486,0,5,0,0,-1,0)
DispatchKey(5497527,5497527,1,5,0,0,-1,0)
DispatchPointer(5497620,5497621,0,200.0,522.0,0.0,0.0,0,1.0,1.0,0,0)
DispatchPointer(5497620,5497639,1,215.63303,523.8664,0.0,0.0,0,1.0,1.0,0,0)
DispatchPointer(5497679,5497686,0,217.0,82.0,0.0,0.0,0,1.0,1.0,0,0)
DispatchPointer(5497679,5497713,261,208.2266,60.631252,0.0,0.0,0,1.0,1.0,0,0)
DispatchPointer(5497679,5497724,2,189.67581,55.40264,0.0,0.0,0,1.0,1.0,0,0)
DispatchPointer(5497679,5497773,2,171.79669,53.617702,0.0,0.0,0,1.0,1.0,0,0)
DispatchPointer(5497679,5497791,2,165.98804,50.07056,0.0,0.0,0,1.0,1.0,0,0)
DispatchPointer(5497679,5497798,2,157.95584,37.719334,0.0,0.0,0,1.0,1.0,0,0)
DispatchPointer(5497679,5497807,2,142.67184,15.606085,0.0,0.0,0,1.0,1.0,0,0)
DispatchPointer(5497679,5497816,2,136.68138,0.0,0.0,0.0,0,1.0,1.0,0,0)
DispatchPointer(5497679,5497835,2,123.66118,0.0,0.0,0.0,0,1.0,1.0,0,0)
DispatchPointer(5497679,5497914,2,109.98836,0.0,0.0,0.0,0,1.0,1.0,0,0)
DispatchPointer(5497679,5497998,262,100.83815,0.0,0.0,0.0,0,1.0,1.0,0,0)
DispatchPointer(5497679,5498079,1,77.5633,0.0,0.0,0.0,0,1.0,1.0,0,0)
DispatchKey(5498119,5498119,0,82,0,0,-1,0)
DispatchKey(5499085,5499085,1,82,0,0,-1,0)
DispatchTrackball(-1,5499127,2,-5.0,-2.0,0.0,0.0,0,1.0,1.0,0,0)
DispatchTrackball(-1,5499139,2,0.0,1.0,0.0,0.0,0,1.0,1.0,0,0)
DispatchTrackball(-1,5499216,2,-4.0,4.0,0.0,0.0,0,1.0,1.0,0,0)
DispatchTrackball(-1,5499228,2,-1.0,-4.0,0.0,0.0,0,1.0,1.0,0,0)
DispatchTrackball(-1,5499238,2,2.0,-2.0,0.0,0.0,0,1.0,1.0,0,0)
DispatchTrackball(-1,5499258,2,3.0,-3.0,0.0,0.0,0,1.0,1.0,0,0)
DispatchTrackball(-1,5499293,2,3.0,-5.0,0.0,0.0,0,1.0,1.0,0,0)
DispatchTrackball(-1,5499321,2,-5.0,1.0,0.0,0.0,0,1.0,1.0,0,0)
DispatchTrackball(-1,5499342,2,-4.0,2.0,0.0,0.0,0,1.0,1.0,0,0)
DispatchTrackball(-1,5499351,2,-4.0,-3.0,0.0,0.0,0,1.0,1.0,0,0)
DispatchPointer(5499363,5499363,0,249.0,514.0,0.0,0.0,0,1.0,1.0,0,0)
DispatchPointer(5499363,5499380,2,231.8919,512.83417,0.0,0.0,0,1.0,1.0,0,0)
DispatchPointer(5499363,5499401,2,217.1571,506.91748,0.0,0.0,0,1.0,1.0,0,0)
DispatchPointer(5499363,5499420,2,207.30167,498.3587,0.0,0.0,0,1.0,1.0,0,0)
DispatchPointer(5499363,5499435,2,190.34671,492.38226,0.0,0.0,0,1.0,1.0,0,0)
DispatchPointer(5499363,5499451,2,174.62685,492.20633,0.0,0.0,0,1.0,1.0,0,0)
DispatchPointer(5499363,5499464,2,170.69188,485.31787,0.0,0.0,0,1.0,1.0,0,0)
DispatchPointer(5499363,5499483,2,162.34279,471.172,0.0,0.0,0,1.0,1.0,0,0)
DispatchPointer(5499363,5499513,1,146.87733,456.77243,0.0,0.0,0,1.0,1.0,0,0)
DispatchKey(5499544,5499544,0,189,0,0,-1,0)
DispatchKey(5500639,5500639,1,189,0,0,-1,0)
DispatchKey(5500720,5500720,0,22,0,0,-1,0)
DispatchKey(5500752,5500752,1,22,0,0,-1,0)
DispatchKey(5501157,5501157,0,19,0,0,-1,0)
DispatchKey(5501613,5501613,1,19,0,0,-1,0)
DispatchKey(5502132,5502132,0,29,0,0,-1,0)
DispatchKey(5502147,5502147,1,29,0,0,-1,0)
DispatchKey(5502199,5502199,0,21,0,0,-1,0)
DispatchKey(5502247,5502247,1,21,0,0,-1,0)
GUIGen(1)
DispatchKey(5506204,5506204,0,82,0,0,-1,0)
DispatchKey(5506217,5506217,1,82,0,0,-1,0)
DispatchKey(5506264,5506264,0,3,0,0,-1,0)
DispatchKey(5506346,5506346,1,3,0,0,-1,0)
DispatchKey(5506417,5506417,0,22,0,0,-1,0)
DispatchKey(5506429,5506429,1,22,0,0,-1,0)
DispatchPointer(5506558,5506558,0,180.0,296.0,0.0,0.0,0,1.0,1.0,0,0)
DispatchPointer(5506558,5506581,1,180.85599,295.21054,0.0,0.0,0,1.0,1.0,0,0)
DispatchKey(5506618,5506618,0,3,0,0,-1,0)
DispatchKey(5506794,5506794,1,3,0,0,-1,0)
DispatchKey(5506948,5506948,0,169,0,0,-1,0)
DispatchKey(5507013,5507013,1,169,0,0,-1,0)
DispatchKey(5507042,5507042,0,21,0,0,-1,0)
DispatchKey(5507094,5507094,1,21,0,0,-1,0)
DispatchKey(5507118,5507118,0,20,0,0,-1,0)
DispatchKey(5507221,5507221,1,20,0,0,-1,0)
DispatchTrackball(-1,5507294,2,-3.0,0.0,0.0,0.0,0,1.0,1.0,0,0)
DispatchTrackball(-1,5507326,2,-3.0,2.0,0.0,0.0,0,1.0,1.0,0,0)
DispatchTrackball(-1,5507335,2,-5.0,2.0,0.0,0.0,0,1.0,1.0,0,0)
DispatchTrackball(-1,5507344,2,1.0,-4.0,0.0,0.0,0,1.0,1.0,0,0)
DispatchTrackball(-1,5507371,2,-2.0,-2.0,0.0,0.0,0,1.0,1.0,0,0)
DispatchTrackball(-1,5507378,2,2.0,0.0,0.0,0.0,0,1.0,1.0,0,0)
DispatchTrackball(-1,5507384,2,-4.0,-4.0,0.0,0.0,0,1.0,1.0,0,0)
DispatchTrackball(-1,5507414,2,3.0,-5.0,0.0,0.0,0,1.0,1.0,0,0)
DispatchTrackball(-1,5507423,2,3.0,-3.0,0.0,0.0,0,1.0,1.0,0,0)
DispatchTrackball(-1,5507446,2,4.0,1.0,0.0,0.0,0,1.0,1.0,0,0)
DispatchKey(5507454,5507454,0,72,0,0,-1,0)
DispatchKey(5507487,5507487,1,72,0,0,-1,0)
DispatchKey(5507619,5507619,0,109,0,0,-1,0)
DispatchKey(5507654,5507654,1,109,0,0,-1,0)
DispatchKey(5507692,5507692,0,23,0,0,-1,0)
DispatchKey(5507706,5507706,1,23,0,0,-1,0)
DispatchKey(5507719,5507719,0,23,0,0,-1,0)
DispatchKey(5507747,5507747,1,23,0,0,-1,0)
DispatchKey(5507778,5507778,0,23,0,0,-1,0)
DispatchKey(5507838,5507838,1,23,0,0,-1,0)
DispatchKey(5508006,5508006,0,21,0,0,-1,0)
DispatchKey(5508278,5508278,1,21,0,0,-1,0)
LaunchActivity(com.nloko.android.syncmypix,com.nloko.android.syncmypix.MainActivity)
DispatchPointer(5508409,5508415,0,245.0,683.0,0.0,0.0,0,1.0,1.0,0,0)
DispatchPointer(5508409,5508506,2,248.86131,681.1404,0.0,0.0,0,1.0,1.0,0,0)
DispatchPointer(5508409,5508523,2,259.7768,669.2519,0.0,0.0,0,1.0,1.0,0,0)
DispatchPointer(5508409,5508542,2,263.09573,667.8747,0.0,0.0,0,1.0,1.0,0,0)
DispatchPointer(5508409,5508575,2,264.67645,664.4942,0.0,0.0,0,1.0,1.0,0,0)
DispatchPointer(5508409,5508587,2,266.14114,663.4376,0.0,0.0,0,1.0,1.0,0,0)
DispatchPointer(5508409,5508645,2,274.55713,653.88776,0.0,0.0,0,1.0,1.0,0,0)
DispatchPointer(5508409,5508683,1,280.9834,649.16986,0.0,0.0,0,1.0,1.0,0,0)
DispatchKey(5508713,5508713,0,20,0,0,-1,0)
DispatchKey(5508808,5508808,1,20,0,0,-1,0)
DispatchPointer(5508894,5508894,0,378.0,348.0,0.0,0.0,0,1.0,1.0,0,0)
DispatchPointer(5508894,5508917,1,378.55356,328.45206,0.0,0.0,0,1.0,1.0,0,0)
DispatchTrackball(-1,5508943,2,1.0,-3.0,0.0,0.0,0,1.0,1.0,0,0)
DispatchTrackball(-1,5508957,2,-2.0,-5.0,0.0,0.0,0,1.0,1.0,0,0)
DispatchTrackball(-1,5508969,2,4.0,3.0,0.0,0.0,0,1.0,1.0,0,0)
DispatchTrackball(-1,5509044,2,4.0,-3.0,0.0,0.0,0,1.0,1.0,0,0)
DispatchTrackball(-1,5509061,2,2.0,4.0,0.0,0.0,0,1.0,1.0,0,0)
