type= raw events
count= -1
speed= 2.0
start data >>
DispatchKey(5149118,5149118,0,20,0,0,-1,0)
DispatchKey(5152176,5152176,1,20,0,0,-1,0)
DispatchKey(5152356,5152356,0,82,0,0,-1,0)
DispatchKey(5152368,5152368,1,82,0,0,-1,0)
DispatchKey(5152809,5152809,0,68,0,0,-1,0)
DispatchKey(5152829,5152829,1,68,0,0,-1,0)
DispatchKey(5152901,5152901,0,4,0,0,-1,0)
DispatchKey(5152932,5152932,1,4,0,0,-1,0)
DispatchKey(5152955,5152955,0,19,0,0,-1,0)
DispatchKey(5152967,5152967,1,19,0,0,-1,0)
DispatchKey(5152988,5152988,0,22,0,0,-1,0)
DispatchKey(5153015,5153015,1,22,0,0,-1,0)
DispatchPointer(5153029,5153043,0,245.0,637.0,0.0,0.0,0,1.0,1.0,0,0)
DispatchPointer(5153029,5153077,2,245.08519,627.98145,0.0,0.0,0,1.0,1.0,0,0)
DispatchPointer(5153029,5153098,2,245.30348,611.2482,0.0,0.0,0,1.0,1.0,0,0)
DispatchPointer(5153029,5153110,2,245.35995,600.1477,0.0,0.0,0,1.0,1.0,0,0)
DispatchPointer(5153029,5153146,2,245.37257,596.41534,0.0,0.0,0,1.0,1.0,0,0)
DispatchPointer(5153029,5153155,1,245.37872,592.60565,0.0,0.0,0,1.0,1.0,0,0)
DispatchKey(5153201,5153201,0,108,0,0,-1,0)
DispatchKey(5153237,5153237,1,108,0,0,-1,0)
DispatchKey(5153274,5153274,0,82,0,0,-1,0)
DispatchKey(5153634,5153634,1,82,0,0,-1,0)
DispatchKey(5153650,5153650,0,21,0,0,-1,0)
DispatchKey(5153756,5153756,1,21,0,0,-1,0)
DispatchKey(5154288,5154288,0,23,0,0,-1,0)
DispatchKey(5154410,5154410,1,23,0,0,-1,0)
DispatchKey(5154457,5154457,0,22,0,0,-1,0)
DispatchKey(5154494,5154494,1,22,0,0,-1,0)
DispatchTrackball(-1,5154537,2,3.0,-5.0,0.0,0.0,0,1.0,1.0,0,0)
DispatchTrackball(-1,5154642,2,3.0,-2.0,0.0,0.0,0,1.0,1.0,0,0)
DispatchTrackball(-1,5154672,2,3.0,-2.0,0.0,0.0,0,1.0,1.0,0,0)
DispatchTrackball(-1,5154761,2,3.0,-2.0,0.0,0.0,0,1.0,1.0,0,0)
DispatchTrackball(-1,5154770,2,4.0,3.0,0.0,0.0,0,1.0,1.0,0,0)
DispatchTrackball(-1,5154779,2,2.0,2.0,0.0,0.0,0,1.0,1.0,0,0)
DispatchTrackball(-1,5155134,2,2.0,-4.0,0.0,0.0,0,1.0,1.0,0,0)
DispatchTrackball(-1,5159303,2,-1.0,4.0,0.0,0.0,0,1.0,1.0,0,0)
DispatchTrackball(-1,5159318,2,-4.0,4.0,0.0,0.0,0,1.0,1.0,0,0)
DispatchTrackball(-1,5159529,2,0.0,-3.0,0.0,0.0,0,1.0,1.0,0,0)
















































































































































DispatchPointer(5175222,5175224,0,204.0,92.0,0.0,0.0,0,1.0,1.0,0,0)
DispatchPointer(5175222,5175254,2,194.10387,95.72764,0.0,0.0,0,1.0,1.0,0,0)
DispatchPointer(5175222,5175452,2,175.73297,99.20847,0.0,0.0,0,1.0,1.0,0,0)
DispatchPointer(5175222,5175473,2,154.71097,107.92232,0.0,0.0,0,1.0,1.0,0,0)
DispatchPointer(5175222,5175514,2,149.5563,116.394455,0.0,0.0,0,1.0,1.0,0,0)
DispatchPointer(5175222,5175526,2,128.89116,127.12217,0.0,0.0,0,1.0,1.0,0,0)
DispatchPointer(5175222,5175537,2,126.135765,132.33621,0.0,0.0,0,1.0,1.0,0,0)
DispatchPointer(5175222,5175555,2,112.08399,134.87389,0.0,0.0,0,1.0,1.0,0,0)
DispatchPointer(5175222,5175567,2,105.04171,142.53308,0.0,0.0,0,1.0,1.0,0,0)
