type= raw events
count= -1
speed= 1.0
start data >>
DispatchPointer(5250607,5250609,0,131.0,440.0,0.0,0.0,0,1.0,1.0,0,0)
DispatchPointer(5250607,5250653,1,128.14032,434.00278,0.0,0.0,0,1.0,1.0,0,0)
DispatchKey(5250675,5250675,0,21,0,0,-1,0)
DispatchKey(5253716,5253716,1,21,0,0,-1,0)
DispatchTrackball(-1,5254015,2,0.0,-1.0,0.0,0.0,0,1.0,1.0,0,0)
DispatchTrackball(-1,5254063,2,2.0,2.0,0.0,0.0,0,1.0,1.0,0,0)
DispatchTrackball(-1,5254082,2,-5.0,-2.0,0.0,0.0,0,1.0,1.0,0,0)
DispatchTrackball(-1,5254161,2,3.0,-4.0,0.0,0.0,0,1.0,1.0,0,0)
DispatchTrackball(-1,5254212,2,3.0,4.0,0.0,0.0,0,1.0,1.0,0,0)
DispatchTrackball(-1,5254230,2,-5.0,0.0,0.0,0.0,0,1.0,1.0,0,0)
DispatchTrackball(-1,5254249,2,0.0,1.0,0.0,0.0,0,1.0,1.0,0,0)
DispatchTrackball(-1,5254296,2,-2.0,-5.0,0.0,0.0,0,1.0,1.0,0,0)
DispatchTrackball(-1,5254342,2,4.0,-4.0,0.0,0.0,0,1.0,1.0,0,0)
DispatchTrackball(-1,5254365,2,0.0,2.0,0.0,0.0,0,1.0,1.0,0,0)
DispatchKey(5254435,5254435,0,20,0,0,-1,0)
DispatchKey(5255044,5255044,1,20,0,0,-1,0)
DispatchKey(5255075,5255075,0,82,0,0,-1,0)
DispatchKey(5255085,5255085,1,82,0,0,-1,0)
DispatchTrackball(-1,5255474,2,0.0,-3.0,0.0,0.0,0,1.0,1.0,0,0)
DispatchTrackball(-1,5255516,2,0.0,2.0,0.0,0.0,0,1.0,1.0,0,0)
DispatchTrackball(-1,5255528,2,-5.0,-4.0,0.0,0.0,0,1.0,1.0,0,0)
DispatchTrackball(-1,5255536,2,-5.0,1.0,0.0,0.0,0,1.0,1.0,0,0)
DispatchTrackball(-1,5255554,2,-1.0,2.0,0.0,0.0,0,1.0,1.0,0,0)
DispatchTrackball(-1,5255565,2,-5.0,1.0,0.0,0.0,0,1.0,1.0,0,0)
DispatchTrackball(-1,5255582,2,-1.0,-3.0,0.0,0.0,0,1.0,1.0,0,0)
DispatchTrackball(-1,5255600,2,1.0,-1.0,0.0,0.0,0,1.0,1.0,0,0)
DispatchTrackball(-1,5255608,2,-1.0,1.0,0.0,0.0,0,1.0,1.0,0,0)
DispatchTrackball(-1,5255629,2,1.0,-3.0,0.0,0.0,0,1.0,1.0,0,0)
DispatchKey(5255743,5255743,0,120,0,0,-1,0)
DispatchKey(5255892,5255892,1,120,0,0,-1,0)
DispatchKey(5255991,5255991,0,49,0,0,-1,0)
DispatchKey(5256398,5256398,1,49,0,0,-1,0)
DispatchKey(5256613,5256613,0,23,0,0,-1,0)
DispatchKey(5256636,5256636,1,23,0,0,-1,0)
DispatchKey(5256693,5256693,0,23,0,0,-1,0)
DispatchKey(5256781,5256781,1,23,0,0,-1,0)
DispatchPointer(5256848,5256849,0,478.0,687.0,0.0,0.0,0,1.0,1.0,0,0)
DispatchPointer(5256848,5256898,1,480.0,687.4214,0.0,0.0,0,1.0,1.0,0,0)
DispatchKey(5256910,5256910,0,21,0,0,-1,0)
DispatchKey(5257037,5257037,1,21,0,0,-1,0)
DispatchTrackball(-1,5257122,2,-1.0,2.0,0.0,0.0,0,1.0,1.0,0,0)
DispatchTrackball(-1,5257137,2,-2.0,-5.0,0.0,0.0,0,1.0,1.0,0,0)
DispatchTrackball(-1,5257162,2,-4.0,-2.0,0.0,0.0,0,1.0,1.0,0,0)
DispatchTrackball(-1,5257182,2,-3.0,1.0,0.0,0.0,0,1.0,1.0,0,0)
DispatchTrackball(-1,5257188,2,-2.0,-3.0,0.0,0.0,0,1.0,1.0,0,0)
DispatchTrackball(-1,5257231,2,-1.0,4.0,0.0,0.0,0,1.0,1.0,0,0)
DispatchTrackball(-1,5257238,2,-2.0,2.0,0.0,0.0,0,1.0,1.0,0,0)
DispatchTrackball(-1,5257246,2,-3.0,-4.0,0.0,0.0,0,1.0,1.0,0,0)
DispatchTrackball(-1,5257255,2,-1.0,-1.0,0.0,0.0,0,1.0,1.0,0,0)
DispatchTrackball(-1,5257277,2,4.0,-1.0,0.0,0.0,0,1.0,1.0,0,0)
LaunchActivity(com.nloko.android.syncmypix,com.nloko.android.syncmypix.MainActivity)
DispatchKey(5257364,5257364,0,23,0,0,-1,0)
DispatchKey(5257447,5257447,1,23,0,0,-1,0)
DispatchKey(5257748,5257748,0,41,0,0,-1,0)
DispatchKey(5257977,5257977,1,41,0,0,-1,0)
DispatchKey(5258076,5258076,0,22,0,0,-1,0)
DispatchKey(5258109,5258109,1,22,0,0,-1,0)
DispatchKey(5258467,5258467,0,140,0,0,-1,0)
DispatchKey(5258882,5258882,1,140,0,0,-1,0)
DispatchKey(5258924,5258924,0,20,0,0,-1,0)
DispatchKey(5258948,5258948,1,20,0,0,-1,0)
DispatchKey(5258988,5258988,0,22,0,0,-1,0)
DispatchKey(5259121,5259121,1,22,0,0,-1,0)
DispatchKey(5259271,5259271,0,82,0,0,-1,0)
DispatchKey(5259295,5259295,1,82,0,0,-1,0)
DispatchKey(5259325,5259325,0,82,0,0,-1,0)
DispatchKey(5259645,5259645,1,82,0,0,-1,0)
DispatchKey(5259712,5259712,0,82,0,0,-1,0)
DispatchKey(5259735,5259735,1,82,0,0,-1,0)
DispatchKey(5259891,5259891,0,21,0,0,-1,0)
DispatchKey(5259905,5259905,1,21,0,0,-1,0)
DispatchPointer(5259929,5259940,0,397.0,521.0,0.0,0.0,0,1.0,1.0,0,0)
DispatchPointer(5259929,5259959,1,382.14734,509.60745,0.0,0.0,0,1.0,1.0,0,0)
DispatchPointer(5259999,5259999,0,28.0,623.0,0.0,0.0,0,1.0,1.0,0,0)
DispatchPointer(5259999,5260040,1,29.683619,622.76056,0.0,0.0,0,1.0,1.0,0,0)
DispatchKey(5260127,5260127,0,19,0,0,-1,0)
DispatchKey(5260246,5260246,1,19,0,0,-1,0)
DispatchKey(5260309,5260309,0,19,0,0,-1,0)
DispatchKey(5260533,5260533,1,19,0,0,-1,0)
DispatchTrackball(-1,5260659,2,-3.0,-4.0,0.0,0.0,0,1.0,1.0,0,0)
DispatchTrackball(-1,5260701,2,-4.0,-2.0,0.0,0.0,0,1.0,1.0,0,0)
DispatchTrackball(-1,5260714,2,2.0,-2.0,0.0,0.0,0,1.0,1.0,0,0)
DispatchTrackball(-1,5260726,2,1.0,-5.0,0.0,0.0,0,1.0,1.0,0,0)
DispatchTrackball(-1,5260736,2,4.0,0.0,0.0,0.0,0,1.0,1.0,0,0)
DispatchTrackball(-1,5260757,2,2.0,2.0,0.0,0.0,0,1.0,1.0,0,0)
DispatchTrackball(-1,5260902,2,1.0,0.0,0.0,0.0,0,1.0,1.0,0,0)
DispatchTrackball(-1,5260959,2,-2.0,-5.0,0.0,0.0,0,1.0,1.0,0,0)
DispatchTrackball(-1,5261058,2,-1.0,4.0,0.0,0.0,0,1.0,1.0,0,0)
DispatchTrackball(-1,5261185,2,4.0,-4.0,0.0,0.0,0,1.0,1.0,0,0)
DispatchPointer(5261220,5261221,0,417.0,228.0,0.0,0.0,0,1.0,1.0,0,0)
DispatchPointer(5261220,5261558,1,416.35498,232.1364,0.0,0.0,0,1.0,1.0,0,0)
DispatchPointer(5261603,5261603,0,125.0,184.0,0.0,0.0,0,1.0,1.0,0,0)
DispatchPointer(5261603,5261627,1,144.9112,177.50208,0.0,0.0,0,1.0,1.0,0,0)
DispatchKey(5261691,5261691,0,19,0,0,-1,0)
DispatchKey(5261734,5261734,1,19,0,0,-1,0)
DispatchKey(5262061,5262061,0,23,0,0,-1,0)
DispatchKey(5265798,5265798,1,23,0,0,-1,0)
DispatchKey(5265950,5265950,0,22,0,0,-1,0)
DispatchKey(5265984,5265984,1,22,0,0,-1,0)
DispatchKey(5266015,5266015,0,23,0,0,-1,0)
DispatchKey(5266048,5266048,1,23,0,0,-1,0)
DispatchKey(5266119,5266119,0,142,0,0,-1,0)
DispatchKey(5266176,5266176,1,142,0,0,-1,0)
DispatchKey(5266249,5266249,0,20,0,0,-1,0)
DispatchKey(5266288,5266288,1,20,0,0,-1,0)
DispatchPointer(5270573,5270576,0,248.0,709.0,0.0,0.0,0,1.0,1.0,0,0)
DispatchPointer(5270573,5270598,261,252.00813,704.6478,0.0,0.0,0,1.0,1.0,0,0)
DispatchPointer(5270573,5270658,2,252.16307,704.47797,0.0,0.0,0,1.0,1.0,0,0)
DispatchPointer(5270573,5270684,2,254.6594,700.9242,0.0,0.0,0,1.0,1.0,0,0)
DispatchPointer(5270573,5270705,2,259.2932,697.3259,0.0,0.0,0,1.0,1.0,0,0)
DispatchPointer(5270573,5270716,2,261.58105,697.2788,0.0,0.0,0,1.0,1.0,0,0)
DispatchPointer(5270573,5270761,2,266.89197,692.2752,0.0,0.0,0,1.0,1.0,0,0)
DispatchPointer(5270573,5270778,2,270.3616,687.5077,0.0,0.0,0,1.0,1.0,0,0)
DispatchPointer(5270573,5270789,2,275.61505,682.7362,0.0,0.0,0,1.0,1.0,0,0)
DispatchPointer(5270573,5270826,2,276.41824,682.70483,0.0,0.0,0,1.0,1.0,0,0)
DispatchPointer(5270573,5270834,2,279.36597,679.55725,0.0,0.0,0,1.0,1.0,0,0)
DispatchPointer(5270573,5270852,262,280.16852,676.33386,0.0,0.0,0,1.0,1.0,0,0)
DispatchPointer(5270573,5270858,1,285.47705,670.8439,0.0,0.0,0,1.0,1.0,0,0)
DispatchPointer(5270934,5270935,0,367.0,294.0,0.0,0.0,0,1.0,1.0,0,0)
DispatchPointer(5270934,5270959,2,361.07953,290.15582,0.0,0.0,0,1.0,1.0,0,0)
DispatchPointer(5270934,5270981,2,354.64844,287.0662,0.0,0.0,0,1.0,1.0,0,0)
DispatchPointer(5270934,5271005,2,343.63608,285.06778,0.0,0.0,0,1.0,1.0,0,0)
DispatchPointer(5270934,5271025,2,341.92282,285.03076,0.0,0.0,0,1.0,1.0,0,0)
