type= raw events
count= -1
speed= 1.0
start data >>
DispatchKey(5404409,5404409,0,218,0,0,-1,0)
DispatchKey(5407290,5407290,1,218,0,0,-1,0)
DispatchTrackball(-1,5407397,2,-2.0,3.0,0.0,0.0,0,1.0,1.0,0,0)
DispatchTrackball(-1,5407471,2,-1.0,0.0,0.0,0.0,0,1.0,1.0,0,0)
DispatchTrackball(-1,5407508,2,3.0,-1.0,0.0,0.0,0,1.0,1.0,0,0)
DispatchTrackball(-1,5407539,2,4.0,3.0,0.0,0.0,0,1.0,1.0,0,0)
DispatchTrackball(-1,5407562,2,3.0,2.0,0.0,0.0,0,1.0,1.0,0,0)
DispatchTrackball(-1,5407580,2,-2.0,3.0,0.0,0.0,0,1.0,1.0,0,0)
DispatchTrackball(-1,5407602,2,-5.0,-1.0,0.0,0.0,0,1.0,1.0,0,0)
DispatchTrackball(-1,5407610,2,4.0,-4.0,0.0,0.0,0,1.0,1.0,0,0)
DispatchTrackball(-1,5407644,2,0.0,-4.0,0.0,0.0,0,1.0,1.0,0,0)
DispatchTrackball(-1,5407660,2,3.0,0.0,0.0,0.0,0,1.0,1.0,0,0)
DispatchKey(5407692,5407692,0,82,0,0,-1,0)
DispatchKey(5408137,5408137,1,82,0,0,-1,0)
DispatchKey(5408154,5408154,0,84,0,0,-1,0)
DispatchKey(5408165,5408165,1,84,0,0,-1,0)
DispatchKey(5408177,5408177,0,37,0,0,-1,0)
DispatchKey(5408189,5408189,1,37,0,0,-1,0)
DispatchKey(5408212,5408212,0,82,0,0,-1,0)
DispatchKey(5408224,5408224,1,82,0,0,-1,0)
DispatchTrackball(-1,5408741,2,-1.0,-2.0,0.0,0.0,0,1.0,1.0,0,0)
DispatchTrackball(-1,5408774,2,2.0,-5.0,0.0,0.0,0,1.0,1.0,0,0)
DispatchTrackball(-1,5408785,2,-4.0,0.0,0.0,0.0,0,1.0,1.0,0,0)
DispatchTrackball(-1,5408792,2,-2.0,-2.0,0.0,0.0,0,1.0,1.0,0,0)
DispatchTrackball(-1,5408798,2,0.0,2.0,0.0,0.0,0,1.0,1.0,0,0)
DispatchTrackball(-1,5408874,2,1.0,-3.0,0.0,0.0,0,1.0,1.0,0,0)
DispatchTrackball(-1,5408895,2,-4.0,4.0,0.0,0.0,0,1.0,1.0,0,0)
DispatchTrackball(-1,5408906,2,2.0,-4.0,0.0,0.0,0,1.0,1.0,0,0)
DispatchTrackball(-1,5408949,2,4.0,4.0,0.0,0.0,0,1.0,1.0,0,0)
DispatchTrackball(-1,5409034,2,-3.0,2.0,0.0,0.0,0,1.0,1.0,0,0)
DispatchKey(5409076,5409076,0,24,0,0,-1,0)
DispatchKey(5409576,5409576,1,24,0,0,-1,0)
DispatchPointer(5409763,5409764,0,177.0,691.0,0.0,0.0,0,1.0,1.0,0,0)
DispatchPointer(5409763,5409807,1,178.95744,698.35,0.0,0.0,0,1.0,1.0,0,0)
DispatchKey(5409858,5409858,0,58,0,0,-1,0)
DispatchKey(5409995,5409995,1,58,0,0,-1,0)
LaunchActivity(com.nloko.android.syncmypix,com.nloko.android.syncmypix.MainActivity)
DispatchTrackball(-1,5410261,2,-1.0,4.0,0.0,0.0,0,1.0,1.0,0,0)
DispatchTrackball(-1,5410338,2,3.0,-1.0,0.0,0.0,0,1.0,1.0,0,0)
DispatchTrackball(-1,5410356,2,-2.0,-3.0,0.0,0.0,0,1.0,1.0,0,0)
DispatchTrackball(-1,5410381,2,4.0,-5.0,0.0,0.0,0,1.0,1.0,0,0)
DispatchTrackball(-1,5410390,2,-4.0,3.0,0.0,0.0,0,1.0,1.0,0,0)
DispatchTrackball(-1,5410433,2,-1.0,3.0,0.0,0.0,0,1.0,1.0,0,0)
DispatchTrackball(-1,5410496,2,-1.0,1.0,0.0,0.0,0,1.0,1.0,0,0)
DispatchTrackball(-1,5410551,2,0.0,4.0,0.0,0.0,0,1.0,1.0,0,0)
DispatchTrackball(-1,5410559,2,-5.0,4.0,0.0,0.0,0,1.0,1.0,0,0)
DispatchTrackball(-1,5410603,2,1.0,3.0,0.0,0.0,0,1.0,1.0,0,0)
DispatchKey(5410610,5410610,0,21,0,0,-1,0)
DispatchKey(5410901,5410901,1,21,0,0,-1,0)
DispatchKey(5410977,5410977,0,19,0,0,-1,0)
DispatchKey(5411003,5411003,1,19,0,0,-1,0)
DispatchKey(5411029,5411029,0,23,0,0,-1,0)
DispatchKey(5411128,5411128,1,23,0,0,-1,0)
DispatchKey(5411197,5411197,0,19,0,0,-1,0)
DispatchKey(5411316,5411316,1,19,0,0,-1,0)
DispatchKey(5411409,5411409,0,23,0,0,-1,0)
DispatchKey(5411503,5411503,1,23,0,0,-1,0)
DispatchKey(5411583,5411583,0,21,0,0,-1,0)
DispatchKey(5411653,5411653,1,21,0,0,-1,0)
DispatchKey(5411724,5411724,0,79,0,0,-1,0)
DispatchKey(5411742,5411742,1,79,0,0,-1,0)
DispatchKey(5411803,5411803,0,8,0,0,-1,0)
DispatchKey(5411831,5411831,1,8,0,0,-1,0)
DispatchPointer(5411860,5411871,0,287.0,72.0,0.0,0.0,0,1.0,1.0,0,0)
DispatchPointer(5411860,5411913,2,301.40622,57.700623,0.0,0.0,0,1.0,1.0,0,0)
DispatchPointer(5411860,5411943,1,312.74045,37.140804,0.0,0.0,0,1.0,1.0,0,0)
DispatchTrackball(-1,5411973,2,4.0,-4.0,0.0,0.0,0,1.0,1.0,0,0)
DispatchTrackball(-1,5411992,2,-4.0,-1.0,0.0,0.0,0,1.0,1.0,0,0)
DispatchTrackball(-1,5412037,2,-1.0,-5.0,0.0,0.0,0,1.0,1.0,0,0)
DispatchTrackball(-1,5412132,2,2.0,0.0,0.0,0.0,0,1.0,1.0,0,0)
DispatchTrackball(-1,5412158,2,-3.0,-4.0,0.0,0.0,0,1.0,1.0,0,0)
DispatchTrackball(-1,5412209,2,-4.0,3.0,0.0,0.0,0,1.0,1.0,0,0)
DispatchTrackball(-1,5412229,2,-2.0,-1.0,0.0,0.0,0,1.0,1.0,0,0)
DispatchTrackball(-1,5412280,2,1.0,-3.0,0.0,0.0,0,1.0,1.0,0,0)
DispatchTrackball(-1,5412301,2,2.0,1.0,0.0,0.0,0,1.0,1.0,0,0)
DispatchTrackball(-1,5412324,2,-2.0,2.0,0.0,0.0,0,1.0,1.0,0,0)
DispatchPointer(5412352,5412352,0,154.0,216.0,0.0,0.0,0,1.0,1.0,0,0)
DispatchPointer(5412352,5412453,1,158.7854,217.20325,0.0,0.0,0,1.0,1.0,0,0)
DispatchPointer(5412505,5412505,0,298.0,776.0,0.0,0.0,0,1.0,1.0,0,0)
DispatchPointer(5412505,5412536,1,305.9902,774.0729,0.0,0.0,0,1.0,1.0,0,0)
DispatchKey(5412566,5412566,0,52,0,0,-1,0)
DispatchKey(5413034,5413034,1,52,0,0,-1,0)
DispatchPointer(5413166,5413166,0,326.0,542.0,0.0,0.0,0,1.0,1.0,0,0)
DispatchPointer(5413166,5413193,1,311.84726,540.60614,0.0,0.0,0,1.0,1.0,0,0)
DispatchKey(5413225,5413225,0,160,0,0,-1,0)
DispatchKey(5413330,5413330,1,160,0,0,-1,0)
DispatchKey(5413565,5413565,0,82,0,0,-1,0)
DispatchKey(5413657,5413657,1,82,0,0,-1,0)
DispatchKey(5413734,5413734,0,22,0,0,-1,0)
DispatchKey(5413749,5413749,1,22,0,0,-1,0)
DispatchPointer(5413827,5413827,0,157.0,495.0,0.0,0.0,0,1.0,1.0,0,0)
DispatchPointer(5413827,5413851,1,151.7342,497.0775,0.0,0.0,0,1.0,1.0,0,0)
DispatchTrackball(-1,5413883,2,-2.0,0.0,0.0,0.0,0,1.0,1.0,0,0)
DispatchTrackball(-1,5413898,2,1.0,3.0,0.0,0.0,0,1.0,1.0,0,0)
DispatchTrackball(-1,5413907,2,0.0,3.0,0.0,0.0,0,1.0,1.0,0,0)
DispatchTrackball(-1,5413917,2,4.0,4.0,0.0,0.0,0,1.0,1.0,0,0)
DispatchTrackball(-1,5413926,2,-5.0,2.0,0.0,0.0,0,1.0,1.0,0,0)
DispatchTrackball(-1,5413942,2,0.0,-1.0,0.0,0.0,0,1.0,1.0,0,0)
DispatchTrackball(-1,5413961,2,2.0,-2.0,0.0,0.0,0,1.0,1.0,0,0)
DispatchTrackball(-1,5414020,2,-3.0,0.0,0.0,0.0,0,1.0,1.0,0,0)
DispatchTrackball(-1,5414065,2,-2.0,-1.0,0.0,0.0,0,1.0,1.0,0,0)
DispatchTrackball(-1,5414181,2,-2.0,1.0,0.0,0.0,0,1.0,1.0,0,0)
DispatchKey(5414203,5414203,0,212,0,0,-1,0)
DispatchKey(5414322,5414322,1,212,0,0,-1,0)
DispatchKey(5414349,5414349,0,5,0,0,-1,0)
DispatchKey(5414403,5414403,1,5,0,0,-1,0)
DispatchPointer(5414465,5414465,0,369.0,149.0,0.0,0.0,0,1.0,1.0,0,0)
DispatchPointer(5414465,5414506,1,361.62286,150.00244,0.0,0.0,0,1.0,1.0,0,0)
DispatchPointer(5414567,5414567,0,111.0,273.0,0.0,0.0,0,1.0,1.0,0,0)
DispatchPointer(5414567,5414594,2,114.11931,259.24414,0.0,0.0,0,1.0,1.0,0,0)
DispatchPointer(5414567,5414617,2,121.155266,247.50749,0.0,0.0,0,1.0,1.0,0,0)
DispatchPointer(5414567,5414680,2,121.94773,234.55424,0.0,0.0,0,1.0,1.0,0,0)
DispatchPointer(5414567,5414721,1,126.82662,226.36998,0.0,0.0,0,1.0,1.0,0,0)
DispatchKey(5414737,5414737,0,20,0,0,-1,0)
DispatchKey(5414766,5414766,1,20,0,0,-1,0)
DispatchFlip(false)
DispatchKey(5417468,5417468,0,9,0,0,-1,0)
DispatchKey(5417485,5417485,1,9,0,0,-1,0)
DispatchKey(5417520,5417520,0,21,0,0,-1,0)
DispatchKey(5417579,5417579,1,21,0,0,-1,0)
DispatchKey(5417639,5417639,0,19,0,0,-1,0)
DispatchKey(5417662,5417662,1,19,0,0,-1,0)
DispatchKey(5417680,5417680,0,82,0,0,-1,0)
DispatchKey(5417705,5417705,1,82,0,0,-1,0)
DispatchKey(5417737,5417737,0,21,0,0,-1,0)
DispatchKey(5417756,5417756,1,21,0,0,-1,0)
DispatchPointer(5417781,5417782,0,17.0,120.0,0.0,0.0,0,1.0,1.0,0,0)
DispatchPointer(5417781,5417806,2,32.5867,99.07626,0.0,0.0,0,1.0,1.0,0,0)
DispatchPointer(5417781,5417843,2,40.03396,78.1398,0.0,0.0,0,1.0,1.0,0,0)
DispatchPointer(5417781,5417853,2,61.57077,68.6008,0.0,0.0,0,1.0,1.0,0,0)
DispatchPointer(5417781,5417901,2,80.05239,55.000732,0.0,0.0,0,1.0,1.0,0,0)
DispatchPointer(5417781,5417909,2,90.15563,33.679497,0.0,0.0,0,1.0,1.0,0,0)
DispatchPointer(5417781,5417942,1,103.78674,23.74842,0.0,0.0,0,1.0,1.0,0,0)
DispatchKey(5417969,5417969,0,23,0,0,-1,0)
DispatchKey(5417987,5417987,1,23,0,0,-1,0)
DispatchPointer(5418034,5418034,0,174.0,304.0,0.0,0.0,0,1.0,1.0,0,0)
DispatchPointer(5418034,5418049,1,175.52722,301.76538,0.0,0.0,0,1.0,1.0,0,0)
DispatchTrackball(-1,5418074,2,-5.0,4.0,0.0,0.0,0,1.0,1.0,0,0)
DispatchTrackball(-1,5418086,2,-5.0,-1.0,0.0,0.0,0,1.0,1.0,0,0)
DispatchTrackball(-1,5418148,2,-5.0,1.0,0.0,0.0,0,1.0,1.0,0,0)
DispatchTrackball(-1,5418174,2,-2.0,-3.0,0.0,0.0,0,1.0,1.0,0,0)
DispatchTrackball(-1,5418204,2,1.0,4.0,0.0,0.0,0,1.0,1.0,0,0)
DispatchTrackball(-1,5418218,2,1.0,0.0,0.0,0.0,0,1.0,1.0,0,0)
DispatchTrackball(-1,5418236,2,1.0,-4.0,0.0,0.0,0,1.0,1.0,0,0)
DispatchTrackball(-1,5418255,2,0.0,3.0,0.0,0.0,0,1.0,1.0,0,0)
DispatchTrackball(-1,5418275,2,1.0,0.0,0.0,0.0,0,1.0,1.0,0,0)
DispatchTrackball(-1,5418284,2,-4.0,1.0,0.0,0.0,0,1.0,1.0,0,0)
DispatchTrackball(-1,5418295,2,-5.0,2.0,0.0,0.0,0,1.0,1.0,0,0)
DispatchTrackball(-1,5418321,2,2.0,2.0,0.0,0.0,0,1.0,1.0,0,0)
DispatchTrackball(-1,5418341,2,0.0,-1.0,0.0,0.0,0,1.0,1.0,0,0)
DispatchTrackball(-1,5418348,2,0.0,3.0,0.0,0.0,0,1.0,1.0,0,0)
DispatchTrackball(-1,5418367,2,2.0,4.0,0.0,0.0,0,1.0,1.0,0,0)
DispatchTrackball(-1,5418377,2,2.0,1.0,0.0,0.0,0,1.0,1.0,0,0)
DispatchTrackball(-1,5418387,2,2.0,-1.0,0.0,0.0,0,1.0,1.0,0,0)
DispatchTrackball(-1,5418405,2,-2.0,-5.0,0.0,0.0,0,1.0,1.0,0,0)
DispatchTrackball(-1,5418446,2,2.0,-5.0,0.0,0.0,0,1.0,1.0,0,0)
DispatchTrackball(-1,5418459,2,3.0,0.0,0.0,0.0,0,1.0,1.0,0,0)
DispatchKey(5418467,5418467,0,23,0,0,-1,0)
DispatchKey(5418619,5418619,1,23,0,0,-1,0)
DispatchKey(5418722,5418722,0,23,0,0,-1,0)
DispatchKey(5418786,5418786,1,23,0,0,-1,0)
DispatchPointer(5418815,5418815,0,63.0,142.0,0.0,0.0,0,1.0,1.0,0,0)
DispatchKey(5418864,5418864,0,22,0,0,-1,0)
DispatchKey(5418878,5418878,1,22,0,0,-1,0)
DispatchKey(5419035,5419035,0,112,0,0,-1,0)
DispatchKey(5419046,5419046,1,112,0,0,-1,0)
DispatchKey(5419346,5419346,0,21,0,0,-1,0)
DispatchKey(5419401,5419401,1,21,0,0,-1,0)
DispatchPointer(5419452,5419452,0,466.0,28.0,0.0,0.0,0,1.0,1.0,0,0)
DispatchPointer(5419452,5419487,1,474.30328,27.7551,0.0,0.0,0,1.0,1.0,0,0)
DispatchKey(5419538,5419538,0,23,0,0,-1,0)
DispatchKey(5419555,5419555,1,23,0,0,-1,0)
DispatchKey(5419602,5419602,0,23,0,0,-1,0)
DispatchKey(5420450,5420450,1,23,0,0,-1,0)
DispatchTrackball(-1,5420507,2,-3.0,-1.0,0.0,0.0,0,1.0,1.0,0,0)
DispatchTrackball(-1,5420526,2,-5.0,-5.0,0.0,0.0,0,1.0,1.0,0,0)
DispatchTrackball(-1,5420559,2,-2.0,-3.0,0.0,0.0,0,1.0,1.0,0,0)
DispatchTrackball(-1,5420572,2,-5.0,1.0,0.0,0.0,0,1.0,1.0,0,0)
DispatchTrackball(-1,5420588,2,0.0,-2.0,0.0,0.0,0,1.0,1.0,0,0)
DispatchTrackball(-1,5420645,2,-3.0,1.0,0.0,0.0,0,1.0,1.0,0,0)
DispatchTrackball(-1,5420654,2,-1.0,-2.0,0.0,0.0,0,1.0,1.0,0,0)
DispatchTrackball(-1,5420731,2,-4.0,3.0,0.0,0.0,0,1.0,1.0,0,0)
DispatchTrackball(-1,5420742,2,4.0,-3.0,0.0,0.0,0,1.0,1.0,0,0)
DispatchTrackball(-1,5420762,2,-3.0,4.0,0.0,0.0,0,1.0,1.0,0,0)
DispatchPointer(5420779,5420780,0,123.0,730.0,0.0,0.0,0,1.0,1.0,0,0)
DispatchPointer(5420779,5420821,2,131.52519,731.754,0.0,0.0,0,1.0,1.0,0,0)
DispatchPointer(5420779,5420834,2,132.1517,750.45276,0.0,0.0,0,1.0,1.0,0,0)
DispatchPointer(5420779,5420842,2,132.3799,765.6028,0.0,0.0,0,1.0,1.0,0,0)
DispatchPointer(5420779,5420941,2,136.50676,787.12213,0.0,0.0,0,1.0,1.0,0,0)
DispatchPointer(5420779,5420950,2,143.48628,800.0,0.0,0.0,0,1.0,1.0,0,0)
DispatchPointer(5420779,5420957,2,149.06221,800.0,0.0,0.0,0,1.0,1.0,0,0)
DispatchPointer(5420779,5420973,2,150.83852,800.0,0.0,0.0,0,1.0,1.0,0,0)
DispatchPointer(5420779,5420980,2,151.983,800.0,0.0,0.0,0,1.0,1.0,0,0)
DispatchPointer(5420779,5421010,1,161.12372,800.0,0.0,0.0,0,1.0,1.0,0,0)
DispatchKey(5421310,5421310,0,22,0,0,-1,0)
DispatchKey(5421564,5421564,1,22,0,0,-1,0)
DispatchPointer(5421590,5421600,0,465.0,542.0,0.0,0.0,0,1.0,1.0,0,0)
DispatchPointer(5421590,5421688,1,459.91583,558.6728,0.0,0.0,0,1.0,1.0,0,0)
DispatchKey(5421941,5421941,0,187,0,0,-1,0)
DispatchKey(5422064,5422064,1,187,0,0,-1,0)
DispatchKey(5422570,5422570,1,23,0,0,-1,0)
DispatchKey(5426579,5426579,0,21,0,0,-1,0)
DispatchKey(5427076,5427076,1,21,0,0,-1,0)
DispatchKey(5427242,5427242,0,62,0,0,-1,0)
DispatchKey(5427260,5427260,1,62,0,0,-1,0)
DispatchPointer(5427417,5427418,0,267.0,221.0,0.0,0.0,0,1.0,1.0,0,0)
DispatchPointer(5427417,5427486,1,256.23938,218.82336,0.0,0.0,0,1.0,1.0,0,0)
DispatchTrackball(-1,5427509,2,-3.0,0.0,0.0,0.0,0,1.0,1.0,0,0)
DispatchTrackball(-1,5427537,2,-4.0,0.0,0.0,0.0,0,1.0,1.0,0,0)
DispatchTrackball(-1,5427624,2,-1.0,1.0,0.0,0.0,0,1.0,1.0,0,0)
DispatchTrackball(-1,5427643,2,-5.0,1.0,0.0,0.0,0,1.0,1.0,0,0)
DispatchTrackball(-1,5427663,2,4.0,2.0,0.0,0.0,0,1.0,1.0,0,0)
DispatchTrackball(-1,5427706,2,2.0,0.0,0.0,0.0,0,1.0,1.0,0,0)
DispatchTrackball(-1,5427725,2,-5.0,0.0,0.0,0.0,0,1.0,1.0,0,0)
DispatchTrackball(-1,5427734,2,1.0,-5.0,0.0,0.0,0,1.0,1.0,0,0)
DispatchTrackball(-1,5427758,2,1.0,1.0,0.0,0.0,0,1.0,1.0,0,0)
DispatchTrackball(-1,5427767,2,-3.0,-5.0,0.0,0.0,0,1.0,1.0,0,0)
DispatchTrackball(5427509,5427818,0,0.0,0.0,0.0,0.0,0,1.0,1.0,0,0)
DispatchTrackball(5427509,5427827,1,0.0,0.0,0.0,0.0,0,1.0,1.0,0,0)
DispatchPointer(5427853,5427854,0,113.0,81.0,0.0,0.0,0,1.0,1.0,0,0)
DispatchPointer(5427853,5427936,1,112.29814,87.38597,0.0,0.0,0,1.0,1.0,0,0)
DispatchKey(5427980,5427980,0,20,0,0,-1,0)
DispatchKey(5428313,5428313,1,20,0,0,-1,0)
DispatchKey(5428461,5428461,0,21,0,0,-1,0)
DispatchKey(5428535,5428535,1,21,0,0,-1,0)
DispatchPointer(5428636,5428637,0,99.0,82.0,0.0,0.0,0,1.0,1.0,0,0)
DispatchPointer(5428636,5428701,261,109.52328,78.66139,0.0,0.0,0,1.0,1.0,0,0)
DispatchPointer(5428636,5428720,2,115.74191,73.91718,0.0,0.0,0,1.0,1.0,0,0)
DispatchPointer(5428636,5428752,262,118.80733,70.46911,0.0,0.0,0,1.0,1.0,0,0)
DispatchPointer(5428636,5428770,1,128.2353,68.05632,0.0,0.0,0,1.0,1.0,0,0)
DispatchKey(5428816,5428816,0,19,0,0,-1,0)
DispatchKey(5428835,5428835,1,19,0,0,-1,0)
DispatchKey(5428873,5428873,0,82,0,0,-1,0)
DispatchKey(5428907,5428907,1,82,0,0,-1,0)
DispatchTrackball(-1,5428952,2,3.0,-3.0,0.0,0.0,0,1.0,1.0,0,0)
DispatchTrackball(-1,5429024,2,-4.0,-5.0,0.0,0.0,0,1.0,1.0,0,0)
DispatchTrackball(-1,5429044,2,-5.0,-1.0,0.0,0.0,0,1.0,1.0,0,0)
DispatchTrackball(-1,5429067,2,2.0,1.0,0.0,0.0,0,1.0,1.0,0,0)
DispatchTrackball(-1,5429077,2,0.0,1.0,0.0,0.0,0,1.0,1.0,0,0)
DispatchTrackball(-1,5429096,2,3.0,-4.0,0.0,0.0,0,1.0,1.0,0,0)
DispatchTrackball(-1,5429113,2,-5.0,-1.0,0.0,0.0,0,1.0,1.0,0,0)
DispatchTrackball(-1,5429166,2,2.0,-4.0,0.0,0.0,0,1.0,1.0,0,0)
DispatchTrackball(-1,5429223,2,2.0,1.0,0.0,0.0,0,1.0,1.0,0,0)
DispatchTrackball(-1,5429247,2,-2.0,0.0,0.0,0.0,0,1.0,1.0,0,0)
DispatchKey(5429260,5429260,0,21,0,0,-1,0)
DispatchKey(5429352,5429352,1,21,0,0,-1,0)
DispatchKey(5429438,5429438,0,22,0,0,-1,0)
DispatchKey(5429467,5429467,1,22,0,0,-1,0)
DispatchTrackball(-1,5429519,2,-4.0,1.0,0.0,0.0,0,1.0,1.0,0,0)
DispatchTrackball(-1,5429561,2,-4.0,0.0,0.0,0.0,0,1.0,1.0,0,0)
DispatchTrackball(-1,5429624,2,-4.0,-4.0,0.0,0.0,0,1.0,1.0,0,0)
DispatchTrackball(-1,5429734,2,3.0,2.0,0.0,0.0,0,1.0,1.0,0,0)
DispatchTrackball(-1,5429759,2,-2.0,0.0,0.0,0.0,0,1.0,1.0,0,0)
DispatchTrackball(-1,5429781,2,-3.0,-3.0,0.0,0.0,0,1.0,1.0,0,0)
DispatchTrackball(-1,5429792,2,-4.0,-3.0,0.0,0.0,0,1.0,1.0,0,0)
DispatchTrackball(-1,5429831,2,-5.0,0.0,0.0,0.0,0,1.0,1.0,0,0)
DispatchTrackball(-1,5429858,2,-5.0,-4.0,0.0,0.0,0,1.0,1.0,0,0)
DispatchTrackball(-1,5429899,2,1.0,4.0,0.0,0.0,0,1.0,1.0,0,0)
DispatchKey(5429949,5429949,0,82,0,0,-1,0)
DispatchKey(5430027,5430027,1,82,0,0,-1,0)
DispatchKey(5430161,5430161,0,19,0,0,-1,0)
DispatchKey(5430179,5430179,1,19,0,0,-1,0)
DispatchKey(5430243,5430243,0,79,0,0,-1,0)
DispatchKey(5430286,5430286,1,79,0,0,-1,0)
DispatchPointer(5430641,5430642,0,367.0,185.0,0.0,0.0,0,1.0,1.0,0,0)
DispatchPointer(5430641,5430731,1,369.91464,181.6941,0.0,0.0,0,1.0,1.0,0,0)
DispatchTrackball(-1,5430788,2,-2.0,-4.0,0.0,0.0,0,1.0,1.0,0,0)
DispatchTrackball(-1,5430807,2,-5.0,-2.0,0.0,0.0,0,1.0,1.0,0,0)
DispatchTrackball(-1,5430818,2,-3.0,0.0,0.0,0.0,0,1.0,1.0,0,0)
DispatchTrackball(-1,5430836,2,4.0,2.0,0.0,0.0,0,1.0,1.0,0,0)
DispatchTrackball(-1,5430854,2,1.0,-1.0,0.0,0.0,0,1.0,1.0,0,0)
DispatchTrackball(-1,5430949,2,-5.0,-3.0,0.0,0.0,0,1.0,1.0,0,0)
DispatchTrackball(-1,5431038,2,2.0,2.0,0.0,0.0,0,1.0,1.0,0,0)
DispatchTrackball(-1,5431054,2,-2.0,0.0,0.0,0.0,0,1.0,1.0,0,0)
DispatchTrackball(-1,5431067,2,2.0,3.0,0.0,0.0,0,1.0,1.0,0,0)
DispatchTrackball(-1,5431243,2,-5.0,3.0,0.0,0.0,0,1.0,1.0,0,0)
DispatchKey(5431258,5431258,0,82,0,0,-1,0)
DispatchKey(5431334,5431334,1,82,0,0,-1,0)
DispatchPointer(5431603,5431604,0,86.0,200.0,0.0,0.0,0,1.0,1.0,0,0)
DispatchPointer(5431603,5431679,2,92.772896,188.99814,0.0,0.0,0,1.0,1.0,0,0)
DispatchPointer(5431603,5431695,2,93.52089,175.14272,0.0,0.0,0,1.0,1.0,0,0)
DispatchPointer(5431603,5431747,2,113.420654,161.75229,0.0,0.0,0,1.0,1.0,0,0)
DispatchPointer(5431603,5431755,2,135.78839,152.51833,0.0,0.0,0,1.0,1.0,0,0)
DispatchPointer(5431603,5431774,2,138.43,143.46042,0.0,0.0,0,1.0,1.0,0,0)
DispatchPointer(5431603,5431794,2,159.57152,140.83693,0.0,0.0,0,1.0,1.0,0,0)
DispatchPointer(5431603,5431815,2,181.85442,125.547295,0.0,0.0,0,1.0,1.0,0,0)
DispatchPointer(5431603,5431830,2,183.96484,112.505936,0.0,0.0,0,1.0,1.0,0,0)
DispatchPointer(5431603,5431838,1,202.93745,100.191536,0.0,0.0,0,1.0,1.0,0,0)
DispatchKey(5431870,5431870,0,82,0,0,-1,0)
DispatchKey(5431903,5431903,1,82,0,0,-1,0)
DispatchPointer(5431971,5431972,0,340.0,484.0,0.0,0.0,0,1.0,1.0,0,0)
DispatchPointer(5431971,5432007,1,343.94168,490.04257,0.0,0.0,0,1.0,1.0,0,0)
DispatchPointer(5432200,5432200,0,389.0,315.0,0.0,0.0,0,1.0,1.0,0,0)
DispatchPointer(5432200,5432337,1,388.9663,323.42853,0.0,0.0,0,1.0,1.0,0,0)
