type= raw events
count= -1
speed= 2.0
start data >>













































































































































































































DispatchPointer(5224471,5224472,0,389.0,692.0,0.0,0.0,0,1.0,1.0,0,0)
DispatchPointer(5224471,5224581,2,392.06625,693.95593,0.0,0.0,0,1.0,1.0,0,0)
DispatchPointer(5224471,5224590,2,399.3946,704.23206,0.0,0.0,0,1.0,1.0,0,0)
DispatchPointer(5224471,5224599,2,406.82437,714.54486,0.0,0.0,0,1.0,1.0,0,0)
DispatchPointer(5224471,5224608,2,410.66296,719.32935,0.0,0.0,0,1.0,1.0,0,0)
DispatchPointer(5224471,5224647,2,411.44745,729.57776,0.0,0.0,0,1.0,1.0,0,0)
DispatchKey(5224751,5224751,0,19,0,0,-1,0)
DispatchKey(5224766,5224766,1,19,0,0,-1,0)
DispatchKey(5227915,5227915,0,82,0,0,-1,0)
DispatchKey(5228024,5228024,1,82,0,0,-1,0)
DispatchTrackball(-1,5228042,2,3.0,-3.0,0.0,0.0,0,1.0,1.0,0,0)
DispatchTrackball(-1,5228226,2,-2.0,-4.0,0.0,0.0,0,1.0,1.0,0,0)
DispatchTrackball(-1,5228235,2,-5.0,0.0,0.0,0.0,0,1.0,1.0,0,0)
DispatchTrackball(-1,5228251,2,2.0,1.0,0.0,0.0,0,1.0,1.0,0,0)
DispatchTrackball(-1,5228259,2,-5.0,0.0,0.0,0.0,0,1.0,1.0,0,0)
DispatchTrackball(-1,5228266,2,-4.0,-5.0,0.0,0.0,0,1.0,1.0,0,0)
DispatchTrackball(-1,5228382,2,-3.0,3.0,0.0,0.0,0,1.0,1.0,0,0)
DispatchTrackball(-1,5228390,2,4.0,1.0,0.0,0.0,0,1.0,1.0,0,0)
DispatchTrackball(-1,5228408,2,-4.0,1.0,0.0,0.0,0,1.0,1.0,0,0)
DispatchTrackball(-1,5228464,2,0.0,-3.0,0.0,0.0,0,1.0,1.0,0,0)
DispatchKey(5228582,5228582,0,19,0,0,-1,0)
DispatchKey(5228650,5228650,1,19,0,0,-1,0)
DispatchTrackball(-1,5228746,2,-4.0,3.0,0.0,0.0,0,1.0,1.0,0,0)
DispatchTrackball(-1,5228775,2,4.0,-5.0,0.0,0.0,0,1.0,1.0,0,0)
DispatchTrackball(-1,5228801,2,4.0,-1.0,0.0,0.0,0,1.0,1.0,0,0)
DispatchTrackball(-1,5228816,2,-1.0,-2.0,0.0,0.0,0,1.0,1.0,0,0)
DispatchTrackball(-1,5228834,2,-2.0,-4.0,0.0,0.0,0,1.0,1.0,0,0)
DispatchTrackball(-1,5228850,2,-4.0,1.0,0.0,0.0,0,1.0,1.0,0,0)
DispatchTrackball(-1,5228857,2,1.0,0.0,0.0,0.0,0,1.0,1.0,0,0)
DispatchTrackball(-1,5228954,2,-5.0,-1.0,0.0,0.0,0,1.0,1.0,0,0)
DispatchTrackball(-1,5229046,2,-3.0,-2.0,0.0,0.0,0,1.0,1.0,0,0)
DispatchTrackball(-1,5229124,2,3.0,-1.0,0.0,0.0,0,1.0,1.0,0,0)
DispatchKey(5229145,5229145,0,20,0,0,-1,0)
DispatchKey(5229519,5229519,1,20,0,0,-1,0)
DispatchKey(5229567,5229567,0,23,0,0,-1,0)
DispatchKey(5229653,5229653,1,23,0,0,-1,0)
DispatchKey(5229687,5229687,0,23,0,0,-1,0)
DispatchKey(5229722,5229722,1,23,0,0,-1,0)
DispatchKey(5229736,5229736,0,21,0,0,-1,0)
DispatchKey(5229754,5229754,1,21,0,0,-1,0)
DispatchKey(5229778,5229778,0,82,0,0,-1,0)
DispatchKey(5229807,5229807,1,82,0,0,-1,0)
DispatchKey(5229837,5229837,0,23,0,0,-1,0)
DispatchKey(5229902,5229902,1,23,0,0,-1,0)
DispatchPointer(5229955,5229955,0,213.0,497.0,0.0,0.0,0,1.0,1.0,0,0)
DispatchPointer(5229955,5229998,1,209.74701,494.00854,0.0,0.0,0,1.0,1.0,0,0)
DispatchKey(5230202,5230202,0,75,0,0,-1,0)
DispatchKey(5230221,5230221,1,75,0,0,-1,0)
DispatchKey(5230260,5230260,0,4,0,0,-1,0)
DispatchKey(5230281,5230281,1,4,0,0,-1,0)
DispatchKey(5230296,5230296,0,142,0,0,-1,0)
DispatchKey(5230394,5230394,1,142,0,0,-1,0)
DispatchKey(5230458,5230458,0,21,0,0,-1,0)
DispatchKey(5230615,5230615,1,21,0,0,-1,0)
DispatchKey(5230628,5230628,0,8,0,0,-1,0)
DispatchKey(5230720,5230720,1,8,0,0,-1,0)
DispatchTrackball(-1,5231236,2,-2.0,-3.0,0.0,0.0,0,1.0,1.0,0,0)
DispatchTrackball(-1,5231269,2,0.0,-1.0,0.0,0.0,0,1.0,1.0,0,0)
DispatchTrackball(-1,5231632,2,2.0,4.0,0.0,0.0,0,1.0,1.0,0,0)
DispatchTrackball(-1,5231639,2,-4.0,-1.0,0.0,0.0,0,1.0,1.0,0,0)
DispatchTrackball(-1,5231823,2,-4.0,3.0,0.0,0.0,0,1.0,1.0,0,0)
DispatchTrackball(-1,5231843,2,3.0,1.0,0.0,0.0,0,1.0,1.0,0,0)
DispatchTrackball(-1,5231861,2,0.0,-1.0,0.0,0.0,0,1.0,1.0,0,0)
DispatchTrackball(-1,5232052,2,1.0,1.0,0.0,0.0,0,1.0,1.0,0,0)
DispatchTrackball(-1,5232071,2,-2.0,0.0,0.0,0.0,0,1.0,1.0,0,0)
DispatchTrackball(-1,5232094,2,-3.0,2.0,0.0,0.0,0,1.0,1.0,0,0)
LaunchActivity(com.nloko.android.syncmypix,com.nloko.android.syncmypix.MainActivity)
DispatchPointer(5232496,5232496,0,354.0,39.0,0.0,0.0,0,1.0,1.0,0,0)
DispatchPointer(5232496,5232563,1,365.01794,22.143078,0.0,0.0,0,1.0,1.0,0,0)
DispatchPointer(5232589,5232590,0,241.0,160.0,0.0,0.0,0,1.0,1.0,0,0)
DispatchPointer(5232589,5232692,261,255.47,166.63867,0.0,0.0,0,1.0,1.0,0,0)
DispatchPointer(5232589,5232708,2,255.75526,176.48627,0.0,0.0,0,1.0,1.0,0,0)
DispatchPointer(5232589,5232717,2,256.65378,180.75911,0.0,0.0,0,1.0,1.0,0,0)
DispatchPointer(5232589,5232724,262,271.70697,192.81921,0.0,0.0,0,1.0,1.0,0,0)
DispatchPointer(5232589,5232751,1,274.91183,201.08585,0.0,0.0,0,1.0,1.0,0,0)
DispatchKey(5232776,5232776,0,4,0,0,-1,0)
DispatchKey(5232882,5232882,1,4,0,0,-1,0)
DispatchPointer(5232960,5232971,0,300.0,165.0,0.0,0.0,0,1.0,1.0,0,0)
DispatchPointer(5232960,5233002,2,307.9321,169.73903,0.0,0.0,0,1.0,1.0,0,0)
DispatchPointer(5232960,5233017,2,312.73602,179.4493,0.0,0.0,0,1.0,1.0,0,0)
DispatchPointer(5232960,5233043,2,318.95746,185.84677,0.0,0.0,0,1.0,1.0,0,0)
DispatchPointer(5232960,5233062,2,327.84586,193.42242,0.0,0.0,0,1.0,1.0,0,0)
DispatchPointer(5232960,5233090,2,329.36945,200.92618,0.0,0.0,0,1.0,1.0,0,0)
DispatchPointer(5232960,5233099,2,329.9488,215.53757,0.0,0.0,0,1.0,1.0,0,0)
DispatchPointer(5232960,5233109,1,337.62564,215.73853,0.0,0.0,0,1.0,1.0,0,0)
DispatchKey(5233150,5233150,0,19,0,0,-1,0)
DispatchKey(5233198,5233198,1,19,0,0,-1,0)
DispatchPointer(5233235,5233236,0,260.0,398.0,0.0,0.0,0,1.0,1.0,0,0)
DispatchPointer(5233235,5233261,2,264.6165,399.01965,0.0,0.0,0,1.0,1.0,0,0)
DispatchPointer(5233235,5233279,1,268.45935,404.0988,0.0,0.0,0,1.0,1.0,0,0)
DispatchKey(5233309,5233309,0,82,0,0,-1,0)
DispatchKey(5233397,5233397,1,82,0,0,-1,0)
DispatchTrackball(-1,5233428,2,-2.0,3.0,0.0,0.0,0,1.0,1.0,0,0)
DispatchTrackball(-1,5233439,2,0.0,1.0,0.0,0.0,0,1.0,1.0,0,0)
DispatchTrackball(-1,5233460,2,3.0,2.0,0.0,0.0,0,1.0,1.0,0,0)
DispatchTrackball(-1,5233512,2,3.0,-1.0,0.0,0.0,0,1.0,1.0,0,0)
DispatchTrackball(-1,5233520,2,-4.0,1.0,0.0,0.0,0,1.0,1.0,0,0)
DispatchTrackball(-1,5233713,2,-5.0,-1.0,0.0,0.0,0,1.0,1.0,0,0)
DispatchTrackball(-1,5233833,2,-4.0,-5.0,0.0,0.0,0,1.0,1.0,0,0)
DispatchTrackball(-1,5233902,2,-5.0,-5.0,0.0,0.0,0,1.0,1.0,0,0)
DispatchTrackball(-1,5233934,2,-4.0,-5.0,0.0,0.0,0,1.0,1.0,0,0)
DispatchTrackball(-1,5233946,2,-2.0,-1.0,0.0,0.0,0,1.0,1.0,0,0)
DispatchKey(5233955,5233955,0,22,0,0,-1,0)
DispatchKey(5234292,5234292,1,22,0,0,-1,0)
DispatchPointer(5234351,5234353,0,110.0,274.0,0.0,0.0,0,1.0,1.0,0,0)
DispatchPointer(5234351,5234397,2,113.38052,267.34933,0.0,0.0,0,1.0,1.0,0,0)
DispatchPointer(5234351,5234421,2,119.51613,255.61626,0.0,0.0,0,1.0,1.0,0,0)
DispatchPointer(5234351,5234429,2,119.666565,248.9798,0.0,0.0,0,1.0,1.0,0,0)
DispatchPointer(5234351,5234511,2,126.44564,237.29149,0.0,0.0,0,1.0,1.0,0,0)
DispatchKey(5234645,5234645,0,35,0,0,-1,0)
DispatchKey(5234763,5234763,1,35,0,0,-1,0)
DispatchKey(5234842,5234842,0,34,0,0,-1,0)
DispatchKey(5234920,5234920,1,34,0,0,-1,0)
DispatchPointer(5234959,5234971,0,213.0,487.0,0.0,0.0,0,1.0,1.0,0,0)
DispatchPointer(5234959,5235007,1,217.64598,503.21472,0.0,0.0,0,1.0,1.0,0,0)
DispatchKey(5235105,5235105,0,22,0,0,-1,0)
DispatchKey(5235116,5235116,1,22,0,0,-1,0)
DispatchKey(5235151,5235151,0,169,0,0,-1,0)
DispatchKey(5235207,5235207,1,169,0,0,-1,0)
DispatchTrackball(-1,5235252,2,1.0,0.0,0.0,0.0,0,1.0,1.0,0,0)
DispatchTrackball(-1,5235265,2,4.0,2.0,0.0,0.0,0,1.0,1.0,0,0)
DispatchTrackball(-1,5235301,2,2.0,-2.0,0.0,0.0,0,1.0,1.0,0,0)
DispatchTrackball(-1,5235326,2,3.0,-4.0,0.0,0.0,0,1.0,1.0,0,0)
DispatchTrackball(-1,5235338,2,4.0,1.0,0.0,0.0,0,1.0,1.0,0,0)
DispatchTrackball(-1,5235362,2,-2.0,-4.0,0.0,0.0,0,1.0,1.0,0,0)
DispatchTrackball(-1,5235452,2,-1.0,3.0,0.0,0.0,0,1.0,1.0,0,0)
DispatchTrackball(-1,5235501,2,-2.0,-4.0,0.0,0.0,0,1.0,1.0,0,0)
DispatchTrackball(-1,5235508,2,-2.0,-3.0,0.0,0.0,0,1.0,1.0,0,0)
DispatchTrackball(-1,5235587,2,-1.0,2.0,0.0,0.0,0,1.0,1.0,0,0)
DispatchKey(5235646,5235646,0,20,0,0,-1,0)
DispatchKey(5235883,5235883,1,20,0,0,-1,0)
DispatchKey(5236101,5236101,0,82,0,0,-1,0)
DispatchKey(5236122,5236122,1,82,0,0,-1,0)
DispatchKey(5236192,5236192,0,23,0,0,-1,0)
DispatchKey(5236219,5236219,1,23,0,0,-1,0)
DispatchPointer(5236277,5236277,0,33.0,334.0,0.0,0.0,0,1.0,1.0,0,0)
DispatchPointer(5236277,5236293,1,50.365433,336.7437,0.0,0.0,0,1.0,1.0,0,0)
DispatchTrackball(-1,5236344,2,2.0,3.0,0.0,0.0,0,1.0,1.0,0,0)
DispatchTrackball(-1,5236355,2,-2.0,-1.0,0.0,0.0,0,1.0,1.0,0,0)
DispatchTrackball(-1,5236366,2,-2.0,-5.0,0.0,0.0,0,1.0,1.0,0,0)
DispatchTrackball(-1,5236377,2,0.0,4.0,0.0,0.0,0,1.0,1.0,0,0)
DispatchTrackball(-1,5236414,2,2.0,-1.0,0.0,0.0,0,1.0,1.0,0,0)
DispatchTrackball(-1,5236487,2,4.0,4.0,0.0,0.0,0,1.0,1.0,0,0)
DispatchTrackball(-1,5236494,2,4.0,3.0,0.0,0.0,0,1.0,1.0,0,0)
DispatchTrackball(-1,5236627,2,-1.0,-5.0,0.0,0.0,0,1.0,1.0,0,0)
DispatchTrackball(-1,5236706,2,-3.0,1.0,0.0,0.0,0,1.0,1.0,0,0)
DispatchTrackball(-1,5237107,2,-1.0,1.0,0.0,0.0,0,1.0,1.0,0,0)
DispatchTrackball(-1,5237192,2,1.0,2.0,0.0,0.0,0,1.0,1.0,0,0)
DispatchTrackball(-1,5237261,2,4.0,-5.0,0.0,0.0,0,1.0,1.0,0,0)
DispatchTrackball(-1,5237278,2,1.0,2.0,0.0,0.0,0,1.0,1.0,0,0)
DispatchTrackball(-1,5237288,2,2.0,-4.0,0.0,0.0,0,1.0,1.0,0,0)
DispatchTrackball(-1,5237295,2,2.0,-1.0,0.0,0.0,0,1.0,1.0,0,0)
DispatchTrackball(-1,5237302,2,-4.0,1.0,0.0,0.0,0,1.0,1.0,0,0)
DispatchTrackball(-1,5237374,2,-4.0,2.0,0.0,0.0,0,1.0,1.0,0,0)
DispatchTrackball(-1,5237395,2,4.0,1.0,0.0,0.0,0,1.0,1.0,0,0)
DispatchTrackball(-1,5237409,2,-4.0,0.0,0.0,0.0,0,1.0,1.0,0,0)
DispatchTrackball(-1,5237428,2,2.0,-4.0,0.0,0.0,0,1.0,1.0,0,0)
DispatchPointer(5237473,5237474,0,103.0,664.0,0.0,0.0,0,1.0,1.0,0,0)
DispatchPointer(5237473,5237502,1,108.02868,658.0438,0.0,0.0,0,1.0,1.0,0,0)
DispatchTrackball(-1,5237611,2,0.0,-2.0,0.0,0.0,0,1.0,1.0,0,0)
DispatchTrackball(-1,5237664,2,4.0,-2.0,0.0,0.0,0,1.0,1.0,0,0)
DispatchTrackball(-1,5237684,2,3.0,-1.0,0.0,0.0,0,1.0,1.0,0,0)
DispatchTrackball(-1,5237711,2,2.0,-5.0,0.0,0.0,0,1.0,1.0,0,0)
DispatchTrackball(-1,5237735,2,1.0,3.0,0.0,0.0,0,1.0,1.0,0,0)
DispatchTrackball(-1,5237745,2,-5.0,0.0,0.0,0.0,0,1.0,1.0,0,0)
DispatchTrackball(-1,5237762,2,-3.0,-4.0,0.0,0.0,0,1.0,1.0,0,0)
DispatchTrackball(-1,5237770,2,2.0,3.0,0.0,0.0,0,1.0,1.0,0,0)
DispatchTrackball(-1,5237786,2,3.0,-5.0,0.0,0.0,0,1.0,1.0,0,0)
DispatchTrackball(-1,5237806,2,-3.0,-4.0,0.0,0.0,0,1.0,1.0,0,0)
DispatchPointer(5237826,5237913,0,408.0,695.0,0.0,0.0,0,1.0,1.0,0,0)
DispatchPointer(5237826,5237935,2,405.6813,704.77515,0.0,0.0,0,1.0,1.0,0,0)
DispatchPointer(5237826,5237956,2,405.3995,713.9241,0.0,0.0,0,1.0,1.0,0,0)
DispatchPointer(5237826,5237963,2,405.34027,733.87964,0.0,0.0,0,1.0,1.0,0,0)
DispatchPointer(5237826,5237971,2,403.02954,750.35004,0.0,0.0,0,1.0,1.0,0,0)
DispatchPointer(5237826,5237978,2,401.66803,770.949,0.0,0.0,0,1.0,1.0,0,0)
DispatchPointer(5237826,5238001,2,398.11447,791.85425,0.0,0.0,0,1.0,1.0,0,0)
DispatchPointer(5237826,5238021,1,395.43094,800.0,0.0,0.0,0,1.0,1.0,0,0)
DispatchPointer(5238049,5238061,0,225.0,80.0,0.0,0.0,0,1.0,1.0,0,0)
DispatchPointer(5238049,5238094,2,239.1167,88.52997,0.0,0.0,0,1.0,1.0,0,0)
DispatchPointer(5238049,5238181,2,242.44974,97.52795,0.0,0.0,0,1.0,1.0,0,0)
DispatchPointer(5238049,5238194,2,251.9395,105.04774,0.0,0.0,0,1.0,1.0,0,0)
DispatchPointer(5238049,5238240,2,252.04407,106.01737,0.0,0.0,0,1.0,1.0,0,0)
DispatchPointer(5238049,5238267,2,262.28955,109.09892,0.0,0.0,0,1.0,1.0,0,0)
DispatchPointer(5238049,5238281,2,264.64215,110.07322,0.0,0.0,0,1.0,1.0,0,0)
DispatchPointer(5238049,5238291,2,270.1377,116.67845,0.0,0.0,0,1.0,1.0,0,0)
DispatchPointer(5238049,5238322,2,270.6003,123.69743,0.0,0.0,0,1.0,1.0,0,0)
DispatchPointer(5238049,5238393,2,278.61615,127.21743,0.0,0.0,0,1.0,1.0,0,0)
DispatchPointer(5238049,5238410,1,284.8273,134.9904,0.0,0.0,0,1.0,1.0,0,0)
DispatchKey(5238499,5238499,0,20,0,0,-1,0)
DispatchKey(5238615,5238615,1,20,0,0,-1,0)
DispatchTrackball(-1,5238700,2,3.0,-5.0,0.0,0.0,0,1.0,1.0,0,0)
DispatchTrackball(-1,5238742,2,-3.0,0.0,0.0,0.0,0,1.0,1.0,0,0)
DispatchTrackball(-1,5238758,2,4.0,-2.0,0.0,0.0,0,1.0,1.0,0,0)
DispatchTrackball(-1,5238862,2,-1.0,4.0,0.0,0.0,0,1.0,1.0,0,0)
DispatchTrackball(-1,5238891,2,0.0,1.0,0.0,0.0,0,1.0,1.0,0,0)
DispatchTrackball(-1,5238944,2,0.0,4.0,0.0,0.0,0,1.0,1.0,0,0)
DispatchTrackball(-1,5238957,2,2.0,2.0,0.0,0.0,0,1.0,1.0,0,0)
DispatchTrackball(-1,5238990,2,3.0,2.0,0.0,0.0,0,1.0,1.0,0,0)
DispatchTrackball(-1,5239020,2,-5.0,-3.0,0.0,0.0,0,1.0,1.0,0,0)
DispatchTrackball(-1,5239122,2,-2.0,-2.0,0.0,0.0,0,1.0,1.0,0,0)
DispatchTrackball(5238700,5239141,0,0.0,0.0,0.0,0.0,0,1.0,1.0,0,0)
DispatchTrackball(5238700,5239150,1,0.0,0.0,0.0,0.0,0,1.0,1.0,0,0)
DispatchKey(5239259,5239259,0,159,0,0,-1,0)
DispatchKey(5239363,5239363,1,159,0,0,-1,0)
DispatchKey(5239645,5239645,0,82,0,0,-1,0)
DispatchKey(5239690,5239690,1,82,0,0,-1,0)
DispatchTrackball(-1,5239737,2,3.0,-1.0,0.0,0.0,0,1.0,1.0,0,0)
DispatchTrackball(-1,5239773,2,-5.0,3.0,0.0,0.0,0,1.0,1.0,0,0)
DispatchTrackball(-1,5239790,2,1.0,4.0,0.0,0.0,0,1.0,1.0,0,0)
DispatchTrackball(-1,5239798,2,4.0,-1.0,0.0,0.0,0,1.0,1.0,0,0)
DispatchTrackball(-1,5239807,2,1.0,2.0,0.0,0.0,0,1.0,1.0,0,0)
DispatchTrackball(-1,5239814,2,-1.0,-5.0,0.0,0.0,0,1.0,1.0,0,0)
DispatchTrackball(-1,5239872,2,-4.0,-1.0,0.0,0.0,0,1.0,1.0,0,0)
DispatchTrackball(-1,5239880,2,2.0,-4.0,0.0,0.0,0,1.0,1.0,0,0)
DispatchTrackball(-1,5239896,2,1.0,1.0,0.0,0.0,0,1.0,1.0,0,0)
DispatchTrackball(-1,5239913,2,-1.0,-1.0,0.0,0.0,0,1.0,1.0,0,0)
DispatchPointer(5239932,5239932,0,401.0,263.0,0.0,0.0,0,1.0,1.0,0,0)
DispatchPointer(5239932,5239961,1,391.79315,256.96625,0.0,0.0,0,1.0,1.0,0,0)
DispatchPointer(5239985,5239985,0,457.0,335.0,0.0,0.0,0,1.0,1.0,0,0)
