type= raw events
count= -1
speed= 2.0
start data >>
DispatchKey(5404409,5404409,0,218,0,0,-1,0)
DispatchKey(5407290,5407290,1,218,0,0,-1,0)






























DispatchPointer(5409763,5409764,0,177.0,691.0,0.0,0.0,0,1.0,1.0,0,0)
DispatchPointer(5409763,5409807,1,178.95744,698.35,0.0,0.0,0,1.0,1.0,0,0)
DispatchKey(5409858,5409858,0,58,0,0,-1,0)
DispatchKey(5409995,5409995,1,58,0,0,-1,0)
LaunchActivity(com.nloko.android.syncmypix,com.nloko.android.syncmypix.MainActivity)
DispatchTrackball(-1,5410261,2,-1.0,4.0,0.0,0.0,0,1.0,1.0,0,0)
DispatchTrackball(-1,5410338,2,3.0,-1.0,0.0,0.0,0,1.0,1.0,0,0)
DispatchTrackball(-1,5410356,2,-2.0,-3.0,0.0,0.0,0,1.0,1.0,0,0)
DispatchTrackball(-1,5410381,2,4.0,-5.0,0.0,0.0,0,1.0,1.0,0,0)
DispatchTrackball(-1,5410390,2,-4.0,3.0,0.0,0.0,0,1.0,1.0,0,0)
DispatchTrackball(-1,5410433,2,-1.0,3.0,0.0,0.0,0,1.0,1.0,0,0)
DispatchTrackball(-1,5410496,2,-1.0,1.0,0.0,0.0,0,1.0,1.0,0,0)
DispatchTrackball(-1,5410551,2,0.0,4.0,0.0,0.0,0,1.0,1.0,0,0)
DispatchTrackball(-1,5410559,2,-5.0,4.0,0.0,0.0,0,1.0,1.0,0,0)
DispatchTrackball(-1,5410603,2,1.0,3.0,0.0,0.0,0,1.0,1.0,0,0)
DispatchKey(5410610,5410610,0,21,0,0,-1,0)
DispatchKey(5410901,5410901,1,21,0,0,-1,0)
DispatchKey(5410977,5410977,0,19,0,0,-1,0)
DispatchKey(5411003,5411003,1,19,0,0,-1,0)
DispatchKey(5411029,5411029,0,23,0,0,-1,0)
DispatchKey(5411128,5411128,1,23,0,0,-1,0)
DispatchKey(5411197,5411197,0,19,0,0,-1,0)
DispatchKey(5411316,5411316,1,19,0,0,-1,0)
DispatchKey(5411409,5411409,0,23,0,0,-1,0)
DispatchKey(5411503,5411503,1,23,0,0,-1,0)
DispatchKey(5411583,5411583,0,21,0,0,-1,0)
DispatchKey(5411653,5411653,1,21,0,0,-1,0)
DispatchKey(5411724,5411724,0,79,0,0,-1,0)
DispatchKey(5411742,5411742,1,79,0,0,-1,0)
DispatchKey(5411803,5411803,0,8,0,0,-1,0)
DispatchKey(5411831,5411831,1,8,0,0,-1,0)
DispatchPointer(5411860,5411871,0,287.0,72.0,0.0,0.0,0,1.0,1.0,0,0)
DispatchPointer(5411860,5411913,2,301.40622,57.700623,0.0,0.0,0,1.0,1.0,0,0)
DispatchPointer(5411860,5411943,1,312.74045,37.140804,0.0,0.0,0,1.0,1.0,0,0)
DispatchTrackball(-1,5411973,2,4.0,-4.0,0.0,0.0,0,1.0,1.0,0,0)
DispatchTrackball(-1,5411992,2,-4.0,-1.0,0.0,0.0,0,1.0,1.0,0,0)
DispatchTrackball(-1,5412037,2,-1.0,-5.0,0.0,0.0,0,1.0,1.0,0,0)
DispatchTrackball(-1,5412132,2,2.0,0.0,0.0,0.0,0,1.0,1.0,0,0)
DispatchTrackball(-1,5412158,2,-3.0,-4.0,0.0,0.0,0,1.0,1.0,0,0)
DispatchTrackball(-1,5412209,2,-4.0,3.0,0.0,0.0,0,1.0,1.0,0,0)
DispatchTrackball(-1,5412229,2,-2.0,-1.0,0.0,0.0,0,1.0,1.0,0,0)
DispatchTrackball(-1,5412280,2,1.0,-3.0,0.0,0.0,0,1.0,1.0,0,0)
DispatchTrackball(-1,5412301,2,2.0,1.0,0.0,0.0,0,1.0,1.0,0,0)
DispatchTrackball(-1,5412324,2,-2.0,2.0,0.0,0.0,0,1.0,1.0,0,0)
DispatchPointer(5412352,5412352,0,154.0,216.0,0.0,0.0,0,1.0,1.0,0,0)
DispatchPointer(5412352,5412453,1,158.7854,217.20325,0.0,0.0,0,1.0,1.0,0,0)
DispatchPointer(5412505,5412505,0,298.0,776.0,0.0,0.0,0,1.0,1.0,0,0)
DispatchPointer(5412505,5412536,1,305.9902,774.0729,0.0,0.0,0,1.0,1.0,0,0)
DispatchKey(5412566,5412566,0,52,0,0,-1,0)
DispatchKey(5413034,5413034,1,52,0,0,-1,0)
DispatchPointer(5413166,5413166,0,326.0,542.0,0.0,0.0,0,1.0,1.0,0,0)
DispatchPointer(5413166,5413193,1,311.84726,540.60614,0.0,0.0,0,1.0,1.0,0,0)
DispatchKey(5413225,5413225,0,160,0,0,-1,0)
DispatchKey(5413330,5413330,1,160,0,0,-1,0)
DispatchKey(5413565,5413565,0,82,0,0,-1,0)
DispatchKey(5413657,5413657,1,82,0,0,-1,0)
DispatchKey(5413734,5413734,0,22,0,0,-1,0)
DispatchKey(5413749,5413749,1,22,0,0,-1,0)
DispatchPointer(5413827,5413827,0,157.0,495.0,0.0,0.0,0,1.0,1.0,0,0)
DispatchPointer(5413827,5413851,1,151.7342,497.0775,0.0,0.0,0,1.0,1.0,0,0)
DispatchTrackball(-1,5413883,2,-2.0,0.0,0.0,0.0,0,1.0,1.0,0,0)
DispatchTrackball(-1,5413898,2,1.0,3.0,0.0,0.0,0,1.0,1.0,0,0)
DispatchTrackball(-1,5413907,2,0.0,3.0,0.0,0.0,0,1.0,1.0,0,0)
DispatchTrackball(-1,5413917,2,4.0,4.0,0.0,0.0,0,1.0,1.0,0,0)
DispatchTrackball(-1,5413926,2,-5.0,2.0,0.0,0.0,0,1.0,1.0,0,0)
DispatchTrackball(-1,5413942,2,0.0,-1.0,0.0,0.0,0,1.0,1.0,0,0)
DispatchTrackball(-1,5413961,2,2.0,-2.0,0.0,0.0,0,1.0,1.0,0,0)
DispatchTrackball(-1,5414020,2,-3.0,0.0,0.0,0.0,0,1.0,1.0,0,0)
DispatchTrackball(-1,5414065,2,-2.0,-1.0,0.0,0.0,0,1.0,1.0,0,0)
DispatchTrackball(-1,5414181,2,-2.0,1.0,0.0,0.0,0,1.0,1.0,0,0)
DispatchKey(5414203,5414203,0,212,0,0,-1,0)
DispatchKey(5414322,5414322,1,212,0,0,-1,0)
DispatchKey(5414349,5414349,0,5,0,0,-1,0)
DispatchKey(5414403,5414403,1,5,0,0,-1,0)
DispatchPointer(5414465,5414465,0,369.0,149.0,0.0,0.0,0,1.0,1.0,0,0)
DispatchPointer(5414465,5414506,1,361.62286,150.00244,0.0,0.0,0,1.0,1.0,0,0)
DispatchPointer(5414567,5414567,0,111.0,273.0,0.0,0.0,0,1.0,1.0,0,0)
DispatchPointer(5414567,5414594,2,114.11931,259.24414,0.0,0.0,0,1.0,1.0,0,0)
DispatchPointer(5414567,5414617,2,121.155266,247.50749,0.0,0.0,0,1.0,1.0,0,0)
DispatchPointer(5414567,5414680,2,121.94773,234.55424,0.0,0.0,0,1.0,1.0,0,0)
DispatchPointer(5414567,5414721,1,126.82662,226.36998,0.0,0.0,0,1.0,1.0,0,0)
DispatchKey(5414737,5414737,0,20,0,0,-1,0)
DispatchKey(5414766,5414766,1,20,0,0,-1,0)
DispatchFlip(false)
DispatchKey(5417468,5417468,0,9,0,0,-1,0)
DispatchKey(5417485,5417485,1,9,0,0,-1,0)
DispatchKey(5417520,5417520,0,21,0,0,-1,0)
DispatchKey(5417579,5417579,1,21,0,0,-1,0)
DispatchKey(5417639,5417639,0,19,0,0,-1,0)
DispatchKey(5417662,5417662,1,19,0,0,-1,0)
DispatchKey(5417680,5417680,0,82,0,0,-1,0)
DispatchKey(5417705,5417705,1,82,0,0,-1,0)
DispatchKey(5417737,5417737,0,21,0,0,-1,0)
DispatchKey(5417756,5417756,1,21,0,0,-1,0)
DispatchPointer(5417781,5417782,0,17.0,120.0,0.0,0.0,0,1.0,1.0,0,0)
DispatchPointer(5417781,5417806,2,32.5867,99.07626,0.0,0.0,0,1.0,1.0,0,0)
DispatchPointer(5417781,5417843,2,40.03396,78.1398,0.0,0.0,0,1.0,1.0,0,0)
DispatchPointer(5417781,5417853,2,61.57077,68.6008,0.0,0.0,0,1.0,1.0,0,0)
DispatchPointer(5417781,5417901,2,80.05239,55.000732,0.0,0.0,0,1.0,1.0,0,0)
DispatchPointer(5417781,5417909,2,90.15563,33.679497,0.0,0.0,0,1.0,1.0,0,0)
DispatchPointer(5417781,5417942,1,103.78674,23.74842,0.0,0.0,0,1.0,1.0,0,0)
DispatchKey(5417969,5417969,0,23,0,0,-1,0)
DispatchKey(5417987,5417987,1,23,0,0,-1,0)
DispatchPointer(5418034,5418034,0,174.0,304.0,0.0,0.0,0,1.0,1.0,0,0)
DispatchPointer(5418034,5418049,1,175.52722,301.76538,0.0,0.0,0,1.0,1.0,0,0)
DispatchTrackball(-1,5418074,2,-5.0,4.0,0.0,0.0,0,1.0,1.0,0,0)
DispatchTrackball(-1,5418086,2,-5.0,-1.0,0.0,0.0,0,1.0,1.0,0,0)
DispatchTrackball(-1,5418148,2,-5.0,1.0,0.0,0.0,0,1.0,1.0,0,0)
DispatchTrackball(-1,5418174,2,-2.0,-3.0,0.0,0.0,0,1.0,1.0,0,0)
DispatchTrackball(-1,5418204,2,1.0,4.0,0.0,0.0,0,1.0,1.0,0,0)
DispatchTrackball(-1,5418218,2,1.0,0.0,0.0,0.0,0,1.0,1.0,0,0)
DispatchTrackball(-1,5418236,2,1.0,-4.0,0.0,0.0,0,1.0,1.0,0,0)
DispatchTrackball(-1,5418255,2,0.0,3.0,0.0,0.0,0,1.0,1.0,0,0)
DispatchTrackball(-1,5418275,2,1.0,0.0,0.0,0.0,0,1.0,1.0,0,0)
DispatchTrackball(-1,5418284,2,-4.0,1.0,0.0,0.0,0,1.0,1.0,0,0)
DispatchTrackball(-1,5418295,2,-5.0,2.0,0.0,0.0,0,1.0,1.0,0,0)
DispatchTrackball(-1,5418321,2,2.0,2.0,0.0,0.0,0,1.0,1.0,0,0)
DispatchTrackball(-1,5418341,2,0.0,-1.0,0.0,0.0,0,1.0,1.0,0,0)
DispatchTrackball(-1,5418348,2,0.0,3.0,0.0,0.0,0,1.0,1.0,0,0)
DispatchTrackball(-1,5418367,2,2.0,4.0,0.0,0.0,0,1.0,1.0,0,0)
DispatchTrackball(-1,5418377,2,2.0,1.0,0.0,0.0,0,1.0,1.0,0,0)
DispatchTrackball(-1,5418387,2,2.0,-1.0,0.0,0.0,0,1.0,1.0,0,0)
DispatchTrackball(-1,5418405,2,-2.0,-5.0,0.0,0.0,0,1.0,1.0,0,0)
DispatchTrackball(-1,5418446,2,2.0,-5.0,0.0,0.0,0,1.0,1.0,0,0)
DispatchTrackball(-1,5418459,2,3.0,0.0,0.0,0.0,0,1.0,1.0,0,0)
DispatchKey(5418467,5418467,0,23,0,0,-1,0)
DispatchKey(5418619,5418619,1,23,0,0,-1,0)
DispatchKey(5418722,5418722,0,23,0,0,-1,0)
DispatchKey(5418786,5418786,1,23,0,0,-1,0)
DispatchPointer(5418815,5418815,0,63.0,142.0,0.0,0.0,0,1.0,1.0,0,0)
DispatchKey(5418864,5418864,0,22,0,0,-1,0)
DispatchKey(5418878,5418878,1,22,0,0,-1,0)
DispatchKey(5419035,5419035,0,112,0,0,-1,0)
DispatchKey(5419046,5419046,1,112,0,0,-1,0)
DispatchKey(5419346,5419346,0,21,0,0,-1,0)
DispatchKey(5419401,5419401,1,21,0,0,-1,0)


























































































































DispatchPointer(5431971,5431972,0,340.0,484.0,0.0,0.0,0,1.0,1.0,0,0)
DispatchPointer(5431971,5432007,1,343.94168,490.04257,0.0,0.0,0,1.0,1.0,0,0)
DispatchPointer(5432200,5432200,0,389.0,315.0,0.0,0.0,0,1.0,1.0,0,0)
DispatchPointer(5432200,5432337,1,388.9663,323.42853,0.0,0.0,0,1.0,1.0,0,0)
