type= raw events
count= -1
speed= 2.0
start data >>
DispatchKey(5588892,5588892,0,22,0,0,-1,0)
DispatchKey(5591979,5591979,1,22,0,0,-1,0)
DispatchKey(5592155,5592155,0,22,0,0,-1,0)
DispatchKey(5592179,5592179,1,22,0,0,-1,0)
DispatchKey(5592198,5592198,0,21,0,0,-1,0)
DispatchKey(5592224,5592224,1,21,0,0,-1,0)
DispatchKey(5592263,5592263,0,19,0,0,-1,0)
DispatchKey(5592799,5592799,1,19,0,0,-1,0)
DispatchKey(5592820,5592820,0,21,0,0,-1,0)
DispatchKey(5592847,5592847,1,21,0,0,-1,0)
DispatchKey(5592879,5592879,0,23,0,0,-1,0)
DispatchKey(5592897,5592897,1,23,0,0,-1,0)
















DispatchPointer(5593924,5593925,0,437.0,497.0,0.0,0.0,0,1.0,1.0,0,0)
DispatchPointer(5593924,5593976,2,450.18658,494.92017,0.0,0.0,0,1.0,1.0,0,0)
DispatchPointer(5593924,5594034,1,460.5668,494.68665,0.0,0.0,0,1.0,1.0,0,0)
DispatchTrackball(-1,5594055,2,3.0,-4.0,0.0,0.0,0,1.0,1.0,0,0)
DispatchTrackball(-1,5594086,2,-3.0,-2.0,0.0,0.0,0,1.0,1.0,0,0)
DispatchTrackball(-1,5594099,2,-4.0,2.0,0.0,0.0,0,1.0,1.0,0,0)
DispatchTrackball(-1,5594108,2,2.0,-4.0,0.0,0.0,0,1.0,1.0,0,0)
DispatchTrackball(-1,5594195,2,-4.0,-4.0,0.0,0.0,0,1.0,1.0,0,0)
DispatchTrackball(-1,5594215,2,3.0,-2.0,0.0,0.0,0,1.0,1.0,0,0)
DispatchTrackball(-1,5594224,2,-4.0,-4.0,0.0,0.0,0,1.0,1.0,0,0)
DispatchTrackball(-1,5594245,2,-5.0,-3.0,0.0,0.0,0,1.0,1.0,0,0)
DispatchTrackball(-1,5594265,2,-4.0,-3.0,0.0,0.0,0,1.0,1.0,0,0)
DispatchTrackball(-1,5594296,2,0.0,-3.0,0.0,0.0,0,1.0,1.0,0,0)
DispatchKey(5594381,5594381,0,21,0,0,-1,0)
DispatchKey(5594754,5594754,1,21,0,0,-1,0)
DispatchTrackball(-1,5594892,2,1.0,-1.0,0.0,0.0,0,1.0,1.0,0,0)
DispatchTrackball(-1,5594932,2,-5.0,-2.0,0.0,0.0,0,1.0,1.0,0,0)
DispatchTrackball(-1,5594945,2,-2.0,-1.0,0.0,0.0,0,1.0,1.0,0,0)
DispatchTrackball(-1,5594971,2,1.0,-4.0,0.0,0.0,0,1.0,1.0,0,0)
DispatchTrackball(-1,5594980,2,-4.0,-2.0,0.0,0.0,0,1.0,1.0,0,0)
DispatchTrackball(-1,5595011,2,-2.0,3.0,0.0,0.0,0,1.0,1.0,0,0)
DispatchTrackball(-1,5595071,2,-5.0,-4.0,0.0,0.0,0,1.0,1.0,0,0)
DispatchTrackball(-1,5595093,2,-5.0,4.0,0.0,0.0,0,1.0,1.0,0,0)
DispatchTrackball(-1,5595101,2,-2.0,0.0,0.0,0.0,0,1.0,1.0,0,0)
DispatchTrackball(-1,5595108,2,-5.0,4.0,0.0,0.0,0,1.0,1.0,0,0)
DispatchTrackball(-1,5595116,2,-2.0,-4.0,0.0,0.0,0,1.0,1.0,0,0)
DispatchTrackball(-1,5595132,2,0.0,2.0,0.0,0.0,0,1.0,1.0,0,0)
DispatchTrackball(-1,5595158,2,1.0,-5.0,0.0,0.0,0,1.0,1.0,0,0)
DispatchTrackball(-1,5595167,2,4.0,-1.0,0.0,0.0,0,1.0,1.0,0,0)
DispatchTrackball(-1,5595175,2,-5.0,2.0,0.0,0.0,0,1.0,1.0,0,0)
DispatchTrackball(-1,5595195,2,1.0,-2.0,0.0,0.0,0,1.0,1.0,0,0)
DispatchTrackball(-1,5595216,2,0.0,-4.0,0.0,0.0,0,1.0,1.0,0,0)
DispatchTrackball(-1,5595234,2,1.0,4.0,0.0,0.0,0,1.0,1.0,0,0)
DispatchTrackball(-1,5595252,2,-3.0,1.0,0.0,0.0,0,1.0,1.0,0,0)
DispatchTrackball(-1,5595260,2,4.0,0.0,0.0,0.0,0,1.0,1.0,0,0)
DispatchKey(5595278,5595278,0,21,0,0,-1,0)
DispatchKey(5595510,5595510,1,21,0,0,-1,0)
DispatchPointer(5595677,5595677,0,7.0,712.0,0.0,0.0,0,1.0,1.0,0,0)
DispatchPointer(5595677,5595700,1,13.198711,700.6314,0.0,0.0,0,1.0,1.0,0,0)
LaunchActivity(com.nloko.android.syncmypix,com.nloko.android.syncmypix.MainActivity)
DispatchKey(5595779,5595779,0,178,0,0,-1,0)
DispatchKey(5595869,5595869,1,178,0,0,-1,0)
DispatchKey(5595999,5595999,0,19,0,0,-1,0)
DispatchKey(5596015,5596015,1,19,0,0,-1,0)
DispatchKey(5596046,5596046,0,20,0,0,-1,0)
DispatchKey(5596131,5596131,1,20,0,0,-1,0)
DispatchKey(5596185,5596185,0,23,0,0,-1,0)
DispatchKey(5596270,5596270,1,23,0,0,-1,0)
DispatchKey(5596324,5596324,0,23,0,0,-1,0)
DispatchKey(5596423,5596423,1,23,0,0,-1,0)
DispatchKey(5599200,5599200,0,20,0,0,-1,0)
DispatchKey(5599228,5599228,1,20,0,0,-1,0)
DispatchPointer(5599281,5599282,0,336.0,363.0,0.0,0.0,0,1.0,1.0,0,0)
DispatchPointer(5599281,5599299,1,326.502,373.59357,0.0,0.0,0,1.0,1.0,0,0)
DispatchKey(5599353,5599353,0,19,0,0,-1,0)
DispatchKey(5599758,5599758,1,19,0,0,-1,0)
DispatchPointer(5599854,5599854,0,33.0,129.0,0.0,0.0,0,1.0,1.0,0,0)
DispatchPointer(5599854,5599889,1,43.99623,134.21414,0.0,0.0,0,1.0,1.0,0,0)
DispatchTrackball(-1,5599919,2,3.0,4.0,0.0,0.0,0,1.0,1.0,0,0)
DispatchTrackball(-1,5599948,2,1.0,-2.0,0.0,0.0,0,1.0,1.0,0,0)
DispatchTrackball(-1,5600041,2,-3.0,-3.0,0.0,0.0,0,1.0,1.0,0,0)
DispatchTrackball(-1,5600058,2,2.0,-3.0,0.0,0.0,0,1.0,1.0,0,0)
DispatchTrackball(-1,5600092,2,-4.0,-5.0,0.0,0.0,0,1.0,1.0,0,0)
DispatchTrackball(-1,5600110,2,0.0,-4.0,0.0,0.0,0,1.0,1.0,0,0)
DispatchTrackball(-1,5600119,2,-5.0,0.0,0.0,0.0,0,1.0,1.0,0,0)
DispatchTrackball(-1,5600190,2,1.0,3.0,0.0,0.0,0,1.0,1.0,0,0)
DispatchTrackball(-1,5600232,2,4.0,3.0,0.0,0.0,0,1.0,1.0,0,0)
DispatchTrackball(-1,5600250,2,2.0,-4.0,0.0,0.0,0,1.0,1.0,0,0)
DispatchKey(5600309,5600309,0,82,0,0,-1,0)
DispatchKey(5600493,5600493,1,82,0,0,-1,0)
DispatchKey(5600765,5600765,0,19,0,0,-1,0)
DispatchKey(5600791,5600791,1,19,0,0,-1,0)
DispatchKey(5600829,5600829,0,23,0,0,-1,0)
DispatchKey(5600880,5600880,1,23,0,0,-1,0)
DispatchKey(5600947,5600947,0,22,0,0,-1,0)
DispatchKey(5600982,5600982,1,22,0,0,-1,0)
DispatchPointer(5601105,5601107,0,47.0,144.0,0.0,0.0,0,1.0,1.0,0,0)
DispatchPointer(5601105,5601136,2,33.55017,152.35378,0.0,0.0,0,1.0,1.0,0,0)
DispatchPointer(5601105,5601149,2,22.797018,158.77977,0.0,0.0,0,1.0,1.0,0,0)
DispatchPointer(5601105,5601172,1,14.378703,176.4221,0.0,0.0,0,1.0,1.0,0,0)
DispatchPointer(5601209,5601221,0,233.0,87.0,0.0,0.0,0,1.0,1.0,0,0)
DispatchPointer(5601209,5601264,2,227.59604,86.852776,0.0,0.0,0,1.0,1.0,0,0)
DispatchPointer(5601209,5601277,2,221.51187,78.1057,0.0,0.0,0,1.0,1.0,0,0)
DispatchPointer(5601209,5601294,2,217.98619,73.05235,0.0,0.0,0,1.0,1.0,0,0)
DispatchPointer(5601209,5601314,2,217.18094,69.34078,0.0,0.0,0,1.0,1.0,0,0)
DispatchPointer(5601209,5601331,2,213.04167,61.765972,0.0,0.0,0,1.0,1.0,0,0)
DispatchPointer(5601209,5601352,2,211.23833,59.448105,0.0,0.0,0,1.0,1.0,0,0)
DispatchPointer(5601209,5601360,2,209.11916,56.57569,0.0,0.0,0,1.0,1.0,0,0)
DispatchPointer(5601209,5601390,2,205.12346,55.46932,0.0,0.0,0,1.0,1.0,0,0)
DispatchPointer(5601209,5601399,1,202.3051,50.780853,0.0,0.0,0,1.0,1.0,0,0)
DispatchKey(5601426,5601426,0,22,0,0,-1,0)
DispatchKey(5601459,5601459,1,22,0,0,-1,0)
DispatchPointer(5601528,5601529,0,34.0,469.0,0.0,0.0,0,1.0,1.0,0,0)
DispatchPointer(5601528,5601556,1,31.666214,453.70685,0.0,0.0,0,1.0,1.0,0,0)
DispatchKey(5601578,5601578,0,22,0,0,-1,0)
DispatchKey(5601719,5601719,1,22,0,0,-1,0)
DispatchKey(5601778,5601778,0,23,0,0,-1,0)
DispatchKey(5601849,5601849,1,23,0,0,-1,0)
DispatchKey(5601928,5601928,0,148,0,0,-1,0)
DispatchKey(5602031,5602031,1,148,0,0,-1,0)
DispatchKey(5602173,5602173,0,23,0,0,-1,0)
DispatchKey(5602290,5602290,1,23,0,0,-1,0)
DispatchTrackball(-1,5602346,2,2.0,-2.0,0.0,0.0,0,1.0,1.0,0,0)
DispatchTrackball(-1,5602371,2,0.0,-3.0,0.0,0.0,0,1.0,1.0,0,0)
DispatchTrackball(-1,5602386,2,4.0,2.0,0.0,0.0,0,1.0,1.0,0,0)
DispatchTrackball(-1,5602397,2,-2.0,-3.0,0.0,0.0,0,1.0,1.0,0,0)
DispatchTrackball(-1,5602415,2,-1.0,1.0,0.0,0.0,0,1.0,1.0,0,0)
DispatchTrackball(-1,5602425,2,-3.0,-5.0,0.0,0.0,0,1.0,1.0,0,0)
DispatchTrackball(-1,5602432,2,-2.0,-2.0,0.0,0.0,0,1.0,1.0,0,0)
DispatchTrackball(-1,5602450,2,4.0,-3.0,0.0,0.0,0,1.0,1.0,0,0)
DispatchTrackball(-1,5602456,2,4.0,-5.0,0.0,0.0,0,1.0,1.0,0,0)
DispatchTrackball(-1,5602465,2,-5.0,3.0,0.0,0.0,0,1.0,1.0,0,0)
DispatchTrackball(5602346,5602484,0,0.0,0.0,0.0,0.0,0,1.0,1.0,0,0)
DispatchTrackball(5602346,5602516,1,0.0,0.0,0.0,0.0,0,1.0,1.0,0,0)
DispatchKey(5602551,5602551,0,4,0,0,-1,0)
DispatchKey(5602638,5602638,1,4,0,0,-1,0)
DispatchKey(5602660,5602660,0,82,0,0,-1,0)
DispatchKey(5602672,5602672,1,82,0,0,-1,0)


























DispatchKey(5608513,5608513,0,82,0,0,-1,0)
DispatchKey(5608886,5608886,1,82,0,0,-1,0)
DispatchPointer(5608930,5608941,0,432.0,55.0,0.0,0.0,0,1.0,1.0,0,0)
DispatchPointer(5608930,5609006,1,434.6954,54.99816,0.0,0.0,0,1.0,1.0,0,0)
DispatchKey(5609031,5609031,0,82,0,0,-1,0)
DispatchKey(5609134,5609134,1,82,0,0,-1,0)







DispatchPointer(5609432,5609432,0,193.0,187.0,0.0,0.0,0,1.0,1.0,0,0)
DispatchPointer(5609432,5609446,1,197.92256,183.51372,0.0,0.0,0,1.0,1.0,0,0)
DispatchPointer(5609572,5609573,0,200.0,321.0,0.0,0.0,0,1.0,1.0,0,0)
DispatchPointer(5609572,5609606,2,202.14554,325.4871,0.0,0.0,0,1.0,1.0,0,0)
DispatchPointer(5609572,5609627,2,207.20331,330.45456,0.0,0.0,0,1.0,1.0,0,0)
DispatchKey(5610572,5610572,0,22,0,0,-1,0)
DispatchKey(5610603,5610603,1,22,0,0,-1,0)
DispatchPointer(5610667,5610669,0,411.0,751.0,0.0,0.0,0,1.0,1.0,0,0)
DispatchPointer(5610667,5610722,2,395.45844,750.3711,0.0,0.0,0,1.0,1.0,0,0)
DispatchPointer(5610667,5610751,2,388.21957,731.9846,0.0,0.0,0,1.0,1.0,0,0)
DispatchPointer(5610667,5610775,2,376.23972,712.7043,0.0,0.0,0,1.0,1.0,0,0)
DispatchPointer(5610667,5610792,2,362.51193,708.905,0.0,0.0,0,1.0,1.0,0,0)
DispatchPointer(5610667,5610823,2,348.24844,708.42224,0.0,0.0,0,1.0,1.0,0,0)
DispatchPointer(5610667,5610829,2,334.51486,690.3214,0.0,0.0,0,1.0,1.0,0,0)
DispatchPointer(5610667,5610849,2,327.66742,677.9753,0.0,0.0,0,1.0,1.0,0,0)
DispatchPointer(5610667,5610871,2,323.3199,674.08136,0.0,0.0,0,1.0,1.0,0,0)
DispatchPointer(5610667,5610878,2,307.8586,663.85986,0.0,0.0,0,1.0,1.0,0,0)
DispatchPointer(5610667,5610890,1,303.44675,644.52527,0.0,0.0,0,1.0,1.0,0,0)
DispatchTrackball(-1,5610946,2,-5.0,-2.0,0.0,0.0,0,1.0,1.0,0,0)
DispatchTrackball(-1,5610979,2,0.0,1.0,0.0,0.0,0,1.0,1.0,0,0)
DispatchTrackball(-1,5611037,2,-2.0,2.0,0.0,0.0,0,1.0,1.0,0,0)
DispatchTrackball(-1,5611046,2,-5.0,-2.0,0.0,0.0,0,1.0,1.0,0,0)
DispatchTrackball(-1,5611058,2,-3.0,-2.0,0.0,0.0,0,1.0,1.0,0,0)
DispatchTrackball(-1,5611108,2,1.0,3.0,0.0,0.0,0,1.0,1.0,0,0)
DispatchTrackball(-1,5611147,2,3.0,-2.0,0.0,0.0,0,1.0,1.0,0,0)
DispatchTrackball(-1,5611171,2,4.0,2.0,0.0,0.0,0,1.0,1.0,0,0)
DispatchTrackball(-1,5611216,2,3.0,-2.0,0.0,0.0,0,1.0,1.0,0,0)
DispatchTrackball(-1,5611226,2,-2.0,4.0,0.0,0.0,0,1.0,1.0,0,0)
DispatchKey(5611243,5611243,0,23,0,0,-1,0)
DispatchKey(5611299,5611299,1,23,0,0,-1,0)
DispatchPointer(5611395,5611395,0,288.0,494.0,0.0,0.0,0,1.0,1.0,0,0)
DispatchPointer(5611395,5611425,1,287.0279,494.7364,0.0,0.0,0,1.0,1.0,0,0)
DispatchKey(5611502,5611502,0,19,0,0,-1,0)
DispatchKey(5611516,5611516,1,19,0,0,-1,0)
DispatchPointer(5611563,5611564,0,171.0,386.0,0.0,0.0,0,1.0,1.0,0,0)
DispatchPointer(5611563,5611593,261,180.62471,373.7556,0.0,0.0,0,1.0,1.0,0,0)
DispatchPointer(5611563,5611608,262,195.12927,367.41394,0.0,0.0,0,1.0,1.0,0,0)
DispatchPointer(5611563,5611623,1,195.27913,366.32037,0.0,0.0,0,1.0,1.0,0,0)
DispatchKey(5611675,5611675,0,19,0,0,-1,0)
DispatchKey(5611686,5611686,1,19,0,0,-1,0)
DispatchKey(5611718,5611718,0,23,0,0,-1,0)
DispatchKey(5611736,5611736,1,23,0,0,-1,0)
DispatchTrackball(-1,5611765,2,4.0,-2.0,0.0,0.0,0,1.0,1.0,0,0)
DispatchTrackball(-1,5611787,2,-3.0,-5.0,0.0,0.0,0,1.0,1.0,0,0)
DispatchTrackball(-1,5611837,2,-4.0,3.0,0.0,0.0,0,1.0,1.0,0,0)
DispatchTrackball(-1,5611846,2,-5.0,2.0,0.0,0.0,0,1.0,1.0,0,0)
DispatchTrackball(-1,5611863,2,-3.0,-4.0,0.0,0.0,0,1.0,1.0,0,0)
DispatchTrackball(-1,5611868,2,-3.0,1.0,0.0,0.0,0,1.0,1.0,0,0)
DispatchTrackball(-1,5611878,2,4.0,1.0,0.0,0.0,0,1.0,1.0,0,0)
DispatchTrackball(-1,5611906,2,-2.0,2.0,0.0,0.0,0,1.0,1.0,0,0)
DispatchTrackball(-1,5611925,2,2.0,3.0,0.0,0.0,0,1.0,1.0,0,0)
DispatchTrackball(-1,5611972,2,1.0,1.0,0.0,0.0,0,1.0,1.0,0,0)
DispatchPointer(5611985,5611985,0,71.0,309.0,0.0,0.0,0,1.0,1.0,0,0)
DispatchPointer(5611985,5612042,1,61.671055,319.9372,0.0,0.0,0,1.0,1.0,0,0)
DispatchKey(5612081,5612081,0,82,0,0,-1,0)
DispatchKey(5612146,5612146,1,82,0,0,-1,0)
DispatchKey(5612223,5612223,0,20,0,0,-1,0)
DispatchKey(5612254,5612254,1,20,0,0,-1,0)
DispatchPointer(5612294,5612294,0,164.0,304.0,0.0,0.0,0,1.0,1.0,0,0)
DispatchPointer(5612294,5612309,1,158.8077,301.36563,0.0,0.0,0,1.0,1.0,0,0)
DispatchPointer(5612351,5612351,0,337.0,667.0,0.0,0.0,0,1.0,1.0,0,0)
DispatchPointer(5612351,5612388,1,328.62238,679.0736,0.0,0.0,0,1.0,1.0,0,0)
DispatchKey(5612482,5612482,0,20,0,0,-1,0)
DispatchKey(5612502,5612502,1,20,0,0,-1,0)
DispatchPointer(5612565,5612565,0,302.0,671.0,0.0,0.0,0,1.0,1.0,0,0)
DispatchPointer(5612565,5612595,1,294.78516,670.2732,0.0,0.0,0,1.0,1.0,0,0)
DispatchKey(5612645,5612645,0,150,0,0,-1,0)
DispatchKey(5612658,5612658,1,150,0,0,-1,0)
DispatchKey(5612750,5612750,0,23,0,0,-1,0)
DispatchKey(5612774,5612774,1,23,0,0,-1,0)
DispatchKey(5612820,5612820,0,30,0,0,-1,0)
DispatchKey(5612846,5612846,1,30,0,0,-1,0)
DispatchKey(5613045,5613045,0,187,0,0,-1,0)
DispatchKey(5613059,5613059,1,187,0,0,-1,0)
DispatchKey(5613236,5613236,0,23,0,0,-1,0)
DispatchKey(5613254,5613254,1,23,0,0,-1,0)
DispatchTrackball(-1,5613413,2,-3.0,-5.0,0.0,0.0,0,1.0,1.0,0,0)
DispatchTrackball(-1,5613471,2,-3.0,-5.0,0.0,0.0,0,1.0,1.0,0,0)
DispatchTrackball(-1,5613479,2,-2.0,-5.0,0.0,0.0,0,1.0,1.0,0,0)
DispatchTrackball(-1,5613495,2,-3.0,-4.0,0.0,0.0,0,1.0,1.0,0,0)
DispatchTrackball(-1,5613562,2,4.0,3.0,0.0,0.0,0,1.0,1.0,0,0)
DispatchTrackball(-1,5613569,2,3.0,-2.0,0.0,0.0,0,1.0,1.0,0,0)
DispatchTrackball(-1,5613609,2,-1.0,-4.0,0.0,0.0,0,1.0,1.0,0,0)
DispatchTrackball(-1,5613755,2,-1.0,-5.0,0.0,0.0,0,1.0,1.0,0,0)
DispatchTrackball(-1,5613767,2,-2.0,2.0,0.0,0.0,0,1.0,1.0,0,0)
DispatchTrackball(-1,5613776,2,2.0,2.0,0.0,0.0,0,1.0,1.0,0,0)
DispatchKey(5613801,5613801,0,116,0,0,-1,0)
DispatchKey(5613880,5613880,1,116,0,0,-1,0)
DispatchKey(5613919,5613919,0,21,0,0,-1,0)
DispatchKey(5613953,5613953,1,21,0,0,-1,0)
DispatchKey(5613969,5613969,0,3,0,0,-1,0)
DispatchKey(5614003,5614003,1,3,0,0,-1,0)
DispatchKey(5614093,5614093,0,19,0,0,-1,0)
DispatchKey(5614165,5614165,1,19,0,0,-1,0)
DispatchTrackball(-1,5614218,2,-5.0,1.0,0.0,0.0,0,1.0,1.0,0,0)
DispatchTrackball(-1,5614248,2,-1.0,4.0,0.0,0.0,0,1.0,1.0,0,0)
DispatchTrackball(-1,5614274,2,2.0,3.0,0.0,0.0,0,1.0,1.0,0,0)
DispatchTrackball(-1,5614285,2,4.0,3.0,0.0,0.0,0,1.0,1.0,0,0)
DispatchTrackball(-1,5614339,2,0.0,2.0,0.0,0.0,0,1.0,1.0,0,0)
DispatchTrackball(-1,5614359,2,2.0,0.0,0.0,0.0,0,1.0,1.0,0,0)
DispatchTrackball(-1,5614366,2,1.0,1.0,0.0,0.0,0,1.0,1.0,0,0)
DispatchTrackball(-1,5614389,2,3.0,3.0,0.0,0.0,0,1.0,1.0,0,0)
DispatchTrackball(-1,5614424,2,1.0,-5.0,0.0,0.0,0,1.0,1.0,0,0)
DispatchTrackball(-1,5614442,2,-1.0,-2.0,0.0,0.0,0,1.0,1.0,0,0)
DispatchKey(5614514,5614514,1,20,0,0,-1,0)
DispatchPointer(5615015,5615015,0,62.0,376.0,0.0,0.0,0,1.0,1.0,0,0)
DispatchPointer(5615015,5615081,1,66.69261,375.53824,0.0,0.0,0,1.0,1.0,0,0)
DispatchKey(5615181,5615181,0,82,0,0,-1,0)
DispatchKey(5615203,5615203,1,82,0,0,-1,0)
DispatchKey(5615254,5615254,0,157,0,0,-1,0)
DispatchKey(5615290,5615290,1,157,0,0,-1,0)
DispatchKey(5615321,5615321,0,20,0,0,-1,0)
DispatchKey(5615332,5615332,1,20,0,0,-1,0)
DispatchTrackball(-1,5615571,2,-5.0,2.0,0.0,0.0,0,1.0,1.0,0,0)
DispatchTrackball(-1,5615587,2,4.0,2.0,0.0,0.0,0,1.0,1.0,0,0)
DispatchTrackball(-1,5615637,2,1.0,-5.0,0.0,0.0,0,1.0,1.0,0,0)
DispatchTrackball(-1,5615647,2,0.0,4.0,0.0,0.0,0,1.0,1.0,0,0)
DispatchTrackball(-1,5615711,2,1.0,-4.0,0.0,0.0,0,1.0,1.0,0,0)
DispatchTrackball(-1,5615720,2,-3.0,-1.0,0.0,0.0,0,1.0,1.0,0,0)
DispatchTrackball(-1,5615749,2,-1.0,4.0,0.0,0.0,0,1.0,1.0,0,0)
DispatchTrackball(-1,5615811,2,2.0,1.0,0.0,0.0,0,1.0,1.0,0,0)
DispatchTrackball(-1,5615836,2,-3.0,2.0,0.0,0.0,0,1.0,1.0,0,0)
DispatchTrackball(-1,5615845,2,4.0,-4.0,0.0,0.0,0,1.0,1.0,0,0)
DispatchPointer(5615856,5615858,0,192.0,638.0,0.0,0.0,0,1.0,1.0,0,0)
DispatchPointer(5616056,5616058,0,382.0,10.0,0.0,0.0,0,1.0,1.0,0,0)
DispatchPointer(5616056,5616078,2,365.00516,4.7737,0.0,0.0,0,1.0,1.0,0,0)
DispatchPointer(5616056,5616086,2,360.66513,0.0,0.0,0.0,0,1.0,1.0,0,0)
DispatchPointer(5616056,5616108,2,356.57916,0.0,0.0,0.0,0,1.0,1.0,0,0)
DispatchPointer(5616056,5616125,2,335.14276,0.0,0.0,0.0,0,1.0,1.0,0,0)
DispatchPointer(5616056,5616141,2,324.68713,0.0,0.0,0.0,0,1.0,1.0,0,0)
DispatchPointer(5616056,5616164,1,308.1087,0.0,0.0,0.0,0,1.0,1.0,0,0)
DispatchPointer(5616233,5616234,0,307.0,100.0,0.0,0.0,0,1.0,1.0,0,0)
DispatchPointer(5616233,5616261,2,296.47653,109.23659,0.0,0.0,0,1.0,1.0,0,0)
DispatchPointer(5616233,5616277,2,289.74536,117.66571,0.0,0.0,0,1.0,1.0,0,0)
DispatchPointer(5616233,5616300,2,283.07404,119.842766,0.0,0.0,0,1.0,1.0,0,0)
DispatchPointer(5616233,5616358,2,280.46906,128.00963,0.0,0.0,0,1.0,1.0,0,0)
DispatchPointer(5616233,5616429,2,279.76526,131.9339,0.0,0.0,0,1.0,1.0,0,0)
DispatchPointer(5616233,5616463,1,268.03452,143.04643,0.0,0.0,0,1.0,1.0,0,0)
DispatchKey(5616509,5616509,0,20,0,0,-1,0)
DispatchKey(5616559,5616559,1,20,0,0,-1,0)
DispatchKey(5616597,5616597,0,82,0,0,-1,0)
DispatchKey(5616616,5616616,1,82,0,0,-1,0)
DispatchKey(5616637,5616637,0,23,0,0,-1,0)
DispatchKey(5616691,5616691,1,23,0,0,-1,0)
DispatchPointer(5616798,5616798,0,63.0,179.0,0.0,0.0,0,1.0,1.0,0,0)
DispatchPointer(5616798,5616809,1,62.63909,189.3206,0.0,0.0,0,1.0,1.0,0,0)
DispatchTrackball(-1,5616902,2,2.0,1.0,0.0,0.0,0,1.0,1.0,0,0)
DispatchTrackball(-1,5617005,2,-2.0,-5.0,0.0,0.0,0,1.0,1.0,0,0)
DispatchTrackball(-1,5617012,2,-1.0,4.0,0.0,0.0,0,1.0,1.0,0,0)
DispatchTrackball(-1,5617102,2,0.0,-5.0,0.0,0.0,0,1.0,1.0,0,0)
DispatchTrackball(-1,5617121,2,2.0,2.0,0.0,0.0,0,1.0,1.0,0,0)
DispatchTrackball(-1,5617142,2,1.0,-2.0,0.0,0.0,0,1.0,1.0,0,0)
DispatchTrackball(-1,5617160,2,-3.0,-3.0,0.0,0.0,0,1.0,1.0,0,0)
DispatchTrackball(-1,5617167,2,-1.0,0.0,0.0,0.0,0,1.0,1.0,0,0)
DispatchTrackball(-1,5617184,2,2.0,2.0,0.0,0.0,0,1.0,1.0,0,0)
DispatchTrackball(-1,5617203,2,-3.0,-3.0,0.0,0.0,0,1.0,1.0,0,0)
DispatchKey(5617212,5617212,0,19,0,0,-1,0)
DispatchKey(5617427,5617427,1,19,0,0,-1,0)
DispatchKey(5617455,5617455,0,19,0,0,-1,0)
DispatchKey(5617477,5617477,1,19,0,0,-1,0)
DispatchKey(5617515,5617515,0,19,0,0,-1,0)
DispatchKey(5617531,5617531,1,19,0,0,-1,0)
DispatchTrackball(-1,5617569,2,0.0,-4.0,0.0,0.0,0,1.0,1.0,0,0)
DispatchTrackball(-1,5617608,2,3.0,-3.0,0.0,0.0,0,1.0,1.0,0,0)
DispatchTrackball(-1,5617665,2,1.0,3.0,0.0,0.0,0,1.0,1.0,0,0)
DispatchTrackball(-1,5617684,2,-4.0,-4.0,0.0,0.0,0,1.0,1.0,0,0)
DispatchTrackball(-1,5617702,2,3.0,0.0,0.0,0.0,0,1.0,1.0,0,0)
DispatchTrackball(-1,5617710,2,-4.0,-5.0,0.0,0.0,0,1.0,1.0,0,0)
DispatchTrackball(-1,5617758,2,-5.0,0.0,0.0,0.0,0,1.0,1.0,0,0)
DispatchTrackball(-1,5617765,2,3.0,3.0,0.0,0.0,0,1.0,1.0,0,0)
DispatchTrackball(-1,5617783,2,3.0,0.0,0.0,0.0,0,1.0,1.0,0,0)
DispatchTrackball(-1,5617832,2,2.0,1.0,0.0,0.0,0,1.0,1.0,0,0)
DispatchTrackball(-1,5617852,2,-2.0,-3.0,0.0,0.0,0,1.0,1.0,0,0)
DispatchTrackball(-1,5617870,2,0.0,-3.0,0.0,0.0,0,1.0,1.0,0,0)
DispatchTrackball(-1,5617934,2,1.0,-2.0,0.0,0.0,0,1.0,1.0,0,0)
DispatchTrackball(-1,5617956,2,-3.0,2.0,0.0,0.0,0,1.0,1.0,0,0)
DispatchTrackball(-1,5617973,2,-2.0,-3.0,0.0,0.0,0,1.0,1.0,0,0)
DispatchTrackball(-1,5618006,2,1.0,4.0,0.0,0.0,0,1.0,1.0,0,0)
DispatchTrackball(-1,5618024,2,-5.0,4.0,0.0,0.0,0,1.0,1.0,0,0)
DispatchTrackball(-1,5618092,2,-1.0,4.0,0.0,0.0,0,1.0,1.0,0,0)
DispatchTrackball(-1,5618104,2,4.0,3.0,0.0,0.0,0,1.0,1.0,0,0)
