type= raw events
count= -1
speed= 2.0
start data >>









































































DispatchPointer(5259999,5259999,0,28.0,623.0,0.0,0.0,0,1.0,1.0,0,0)
DispatchPointer(5259999,5260040,1,29.683619,622.76056,0.0,0.0,0,1.0,1.0,0,0)
DispatchKey(5260127,5260127,0,19,0,0,-1,0)
DispatchKey(5260246,5260246,1,19,0,0,-1,0)
DispatchKey(5260309,5260309,0,19,0,0,-1,0)
DispatchKey(5260533,5260533,1,19,0,0,-1,0)
DispatchTrackball(-1,5260659,2,-3.0,-4.0,0.0,0.0,0,1.0,1.0,0,0)
DispatchTrackball(-1,5260701,2,-4.0,-2.0,0.0,0.0,0,1.0,1.0,0,0)
DispatchTrackball(-1,5260714,2,2.0,-2.0,0.0,0.0,0,1.0,1.0,0,0)
DispatchTrackball(-1,5260726,2,1.0,-5.0,0.0,0.0,0,1.0,1.0,0,0)
DispatchTrackball(-1,5260736,2,4.0,0.0,0.0,0.0,0,1.0,1.0,0,0)
DispatchTrackball(-1,5260757,2,2.0,2.0,0.0,0.0,0,1.0,1.0,0,0)
DispatchTrackball(-1,5260902,2,1.0,0.0,0.0,0.0,0,1.0,1.0,0,0)
DispatchTrackball(-1,5260959,2,-2.0,-5.0,0.0,0.0,0,1.0,1.0,0,0)
DispatchTrackball(-1,5261058,2,-1.0,4.0,0.0,0.0,0,1.0,1.0,0,0)
DispatchTrackball(-1,5261185,2,4.0,-4.0,0.0,0.0,0,1.0,1.0,0,0)
DispatchPointer(5261220,5261221,0,417.0,228.0,0.0,0.0,0,1.0,1.0,0,0)
DispatchPointer(5261220,5261558,1,416.35498,232.1364,0.0,0.0,0,1.0,1.0,0,0)
DispatchPointer(5261603,5261603,0,125.0,184.0,0.0,0.0,0,1.0,1.0,0,0)
DispatchPointer(5261603,5261627,1,144.9112,177.50208,0.0,0.0,0,1.0,1.0,0,0)
DispatchKey(5261691,5261691,0,19,0,0,-1,0)
DispatchKey(5261734,5261734,1,19,0,0,-1,0)
DispatchKey(5262061,5262061,0,23,0,0,-1,0)
DispatchKey(5265798,5265798,1,23,0,0,-1,0)
DispatchKey(5265950,5265950,0,22,0,0,-1,0)
DispatchKey(5265984,5265984,1,22,0,0,-1,0)
DispatchKey(5266015,5266015,0,23,0,0,-1,0)
DispatchKey(5266048,5266048,1,23,0,0,-1,0)
DispatchKey(5266119,5266119,0,142,0,0,-1,0)
DispatchKey(5266176,5266176,1,142,0,0,-1,0)
DispatchKey(5266249,5266249,0,20,0,0,-1,0)
DispatchKey(5266288,5266288,1,20,0,0,-1,0)
DispatchPointer(5270573,5270576,0,248.0,709.0,0.0,0.0,0,1.0,1.0,0,0)
DispatchPointer(5270573,5270598,261,252.00813,704.6478,0.0,0.0,0,1.0,1.0,0,0)
DispatchPointer(5270573,5270658,2,252.16307,704.47797,0.0,0.0,0,1.0,1.0,0,0)
DispatchPointer(5270573,5270684,2,254.6594,700.9242,0.0,0.0,0,1.0,1.0,0,0)
DispatchPointer(5270573,5270705,2,259.2932,697.3259,0.0,0.0,0,1.0,1.0,0,0)
DispatchPointer(5270573,5270716,2,261.58105,697.2788,0.0,0.0,0,1.0,1.0,0,0)
DispatchPointer(5270573,5270761,2,266.89197,692.2752,0.0,0.0,0,1.0,1.0,0,0)
DispatchPointer(5270573,5270778,2,270.3616,687.5077,0.0,0.0,0,1.0,1.0,0,0)
DispatchPointer(5270573,5270789,2,275.61505,682.7362,0.0,0.0,0,1.0,1.0,0,0)
DispatchPointer(5270573,5270826,2,276.41824,682.70483,0.0,0.0,0,1.0,1.0,0,0)
DispatchPointer(5270573,5270834,2,279.36597,679.55725,0.0,0.0,0,1.0,1.0,0,0)
DispatchPointer(5270573,5270852,262,280.16852,676.33386,0.0,0.0,0,1.0,1.0,0,0)
DispatchPointer(5270573,5270858,1,285.47705,670.8439,0.0,0.0,0,1.0,1.0,0,0)
DispatchPointer(5270934,5270935,0,367.0,294.0,0.0,0.0,0,1.0,1.0,0,0)
DispatchPointer(5270934,5270959,2,361.07953,290.15582,0.0,0.0,0,1.0,1.0,0,0)
DispatchPointer(5270934,5270981,2,354.64844,287.0662,0.0,0.0,0,1.0,1.0,0,0)
DispatchPointer(5270934,5271005,2,343.63608,285.06778,0.0,0.0,0,1.0,1.0,0,0)
DispatchPointer(5270934,5271025,2,341.92282,285.03076,0.0,0.0,0,1.0,1.0,0,0)
