type= raw events
count= -1
speed= 1.0
start data >>
DispatchTrackball(-1,989050,2,0.0,-4.0,0.0,0.0,0,1.0,1.0,0,0)
DispatchTrackball(-1,989611,2,3.0,2.0,0.0,0.0,0,1.0,1.0,0,0)
DispatchTrackball(-1,990468,2,4.0,-2.0,0.0,0.0,0,1.0,1.0,0,0)
DispatchTrackball(-1,990608,2,1.0,-1.0,0.0,0.0,0,1.0,1.0,0,0)
DispatchTrackball(-1,990632,2,-4.0,0.0,0.0,0.0,0,1.0,1.0,0,0)
DispatchTrackball(-1,990672,2,-3.0,-5.0,0.0,0.0,0,1.0,1.0,0,0)
DispatchTrackball(-1,990679,2,-1.0,1.0,0.0,0.0,0,1.0,1.0,0,0)
DispatchTrackball(-1,990695,2,-1.0,2.0,0.0,0.0,0,1.0,1.0,0,0)
DispatchTrackball(-1,990716,2,3.0,-5.0,0.0,0.0,0,1.0,1.0,0,0)
DispatchTrackball(-1,990734,2,-1.0,0.0,0.0,0.0,0,1.0,1.0,0,0)
DispatchPointer(990767,990768,0,93.0,28.0,0.0,0.0,0,1.0,1.0,0,0)
DispatchPointer(990767,990817,2,92.09677,19.615768,0.0,0.0,0,1.0,1.0,0,0)
DispatchPointer(990767,990832,2,91.02951,9.085569,0.0,0.0,0,1.0,1.0,0,0)
DispatchPointer(990767,990858,2,87.897316,7.299868,0.0,0.0,0,1.0,1.0,0,0)
DispatchPointer(990767,990868,2,83.896324,2.521884,0.0,0.0,0,1.0,1.0,0,0)
DispatchPointer(990767,990877,2,82.223236,0.0,0.0,0.0,0,1.0,1.0,0,0)
DispatchPointer(990767,990898,2,76.701004,0.0,0.0,0.0,0,1.0,1.0,0,0)
DispatchPointer(990767,990906,2,72.07265,0.0,0.0,0.0,0,1.0,1.0,0,0)
DispatchPointer(990767,990926,2,68.10666,0.0,0.0,0.0,0,1.0,1.0,0,0)
DispatchPointer(990767,990938,1,62.057083,0.0,0.0,0.0,0,1.0,1.0,0,0)
DispatchPointer(991019,991031,0,9.0,353.0,0.0,0.0,0,1.0,1.0,0,0)
DispatchPointer(991019,991364,261,1.2968822,358.51242,0.0,0.0,0,1.0,1.0,0,0)
DispatchPointer(991019,991373,2,0.0,366.48862,0.0,0.0,0,1.0,1.0,0,0)
DispatchPointer(991019,991391,2,0.0,367.22116,0.0,0.0,0,1.0,1.0,0,0)
DispatchPointer(991019,991400,2,0.0,375.30283,0.0,0.0,0,1.0,1.0,0,0)
DispatchPointer(991019,991430,2,0.0,381.4302,0.0,0.0,0,1.0,1.0,0,0)
DispatchPointer(991019,991460,2,0.0,385.73636,0.0,0.0,0,1.0,1.0,0,0)
DispatchPointer(991019,991483,262,0.0,385.76602,0.0,0.0,0,1.0,1.0,0,0)
DispatchPointer(991019,991492,1,0.0,387.33792,0.0,0.0,0,1.0,1.0,0,0)
DispatchKey(991509,991509,0,55,0,0,-1,0)
DispatchKey(991677,991677,1,55,0,0,-1,0)
DispatchKey(991905,991905,0,82,0,0,-1,0)
DispatchKey(991931,991931,1,82,0,0,-1,0)
DispatchKey(991964,991964,0,131,0,0,-1,0)
DispatchKey(992013,992013,1,131,0,0,-1,0)
DispatchKey(992028,992028,0,19,0,0,-1,0)
DispatchKey(992216,992216,1,19,0,0,-1,0)
DispatchKey(992241,992241,0,20,0,0,-1,0)
DispatchKey(992309,992309,1,20,0,0,-1,0)
DispatchTrackball(-1,992345,2,-2.0,-2.0,0.0,0.0,0,1.0,1.0,0,0)
DispatchTrackball(-1,992378,2,3.0,0.0,0.0,0.0,0,1.0,1.0,0,0)
DispatchTrackball(-1,992407,2,-1.0,4.0,0.0,0.0,0,1.0,1.0,0,0)
DispatchTrackball(-1,992485,2,-4.0,-2.0,0.0,0.0,0,1.0,1.0,0,0)
DispatchTrackball(-1,992504,2,-1.0,-2.0,0.0,0.0,0,1.0,1.0,0,0)
DispatchTrackball(-1,992527,2,1.0,-5.0,0.0,0.0,0,1.0,1.0,0,0)
DispatchTrackball(-1,992540,2,3.0,-5.0,0.0,0.0,0,1.0,1.0,0,0)
DispatchTrackball(-1,992591,2,-5.0,0.0,0.0,0.0,0,1.0,1.0,0,0)
DispatchTrackball(-1,992607,2,1.0,-5.0,0.0,0.0,0,1.0,1.0,0,0)
DispatchTrackball(-1,992616,2,1.0,-3.0,0.0,0.0,0,1.0,1.0,0,0)
DispatchKey(992633,992633,0,82,0,0,-1,0)
DispatchKey(992727,992727,1,82,0,0,-1,0)
LaunchActivity(com.bwx.bequick,com.bwx.bequick.ShowSettingsActivity)
DispatchKey(992879,992879,0,20,0,0,-1,0)
DispatchKey(992916,992916,1,20,0,0,-1,0)
DispatchKey(992951,992951,0,82,0,0,-1,0)
DispatchKey(993033,993033,1,82,0,0,-1,0)
DispatchKey(993049,993049,0,82,0,0,-1,0)
DispatchKey(993073,993073,1,82,0,0,-1,0)
DispatchKey(993098,993098,0,21,0,0,-1,0)
DispatchKey(993154,993154,1,21,0,0,-1,0)
DispatchPointer(993190,993206,0,363.0,460.0,0.0,0.0,0,1.0,1.0,0,0)
DispatchPointer(993190,993282,1,360.96832,460.73615,0.0,0.0,0,1.0,1.0,0,0)
DispatchFlip(false)
DispatchKey(993405,993405,0,213,0,0,-1,0)
DispatchKey(993627,993627,1,213,0,0,-1,0)
DispatchKey(993798,993798,0,82,0,0,-1,0)
DispatchKey(995260,995260,1,82,0,0,-1,0)
DispatchPointer(995423,995424,0,51.0,370.0,0.0,0.0,0,1.0,1.0,0,0)
DispatchPointer(995423,995458,1,33.95292,358.85587,0.0,0.0,0,1.0,1.0,0,0)
DispatchPointer(995551,995552,0,254.0,400.0,0.0,0.0,0,1.0,1.0,0,0)
DispatchPointer(995551,995573,2,254.19359,408.54263,0.0,0.0,0,1.0,1.0,0,0)
DispatchPointer(995551,995596,2,255.32266,420.07758,0.0,0.0,0,1.0,1.0,0,0)
DispatchPointer(995551,995607,1,256.0793,422.22678,0.0,0.0,0,1.0,1.0,0,0)
DispatchTrackball(-1,995634,2,-4.0,-4.0,0.0,0.0,0,1.0,1.0,0,0)
DispatchTrackball(-1,995647,2,3.0,3.0,0.0,0.0,0,1.0,1.0,0,0)
DispatchTrackball(-1,995656,2,2.0,-4.0,0.0,0.0,0,1.0,1.0,0,0)
DispatchTrackball(-1,995677,2,-1.0,1.0,0.0,0.0,0,1.0,1.0,0,0)
DispatchTrackball(-1,995685,2,-5.0,-1.0,0.0,0.0,0,1.0,1.0,0,0)
DispatchTrackball(-1,995714,2,4.0,0.0,0.0,0.0,0,1.0,1.0,0,0)
DispatchTrackball(-1,995723,2,-5.0,3.0,0.0,0.0,0,1.0,1.0,0,0)
DispatchTrackball(-1,995733,2,-2.0,-3.0,0.0,0.0,0,1.0,1.0,0,0)
DispatchTrackball(-1,995771,2,0.0,2.0,0.0,0.0,0,1.0,1.0,0,0)
DispatchTrackball(-1,995791,2,1.0,-5.0,0.0,0.0,0,1.0,1.0,0,0)
DispatchKey(995804,995804,0,21,0,0,-1,0)
DispatchKey(996470,996470,1,21,0,0,-1,0)
DispatchKey(996764,996764,0,19,0,0,-1,0)
DispatchKey(996795,996795,1,19,0,0,-1,0)
DispatchKey(996825,996825,0,22,0,0,-1,0)
DispatchKey(996844,996844,1,22,0,0,-1,0)
DispatchKey(996976,996976,0,21,0,0,-1,0)
DispatchKey(997036,997036,1,21,0,0,-1,0)
DispatchKey(997162,997162,0,22,0,0,-1,0)
DispatchKey(997178,997178,1,22,0,0,-1,0)
DispatchPointer(997219,997221,0,220.0,618.0,0.0,0.0,0,1.0,1.0,0,0)
DispatchPointer(997219,997261,2,229.42236,629.8384,0.0,0.0,0,1.0,1.0,0,0)
DispatchPointer(997219,997284,2,233.09378,634.71796,0.0,0.0,0,1.0,1.0,0,0)
DispatchPointer(997219,997307,2,234.89984,644.8686,0.0,0.0,0,1.0,1.0,0,0)
DispatchPointer(997219,997340,2,246.19917,661.4875,0.0,0.0,0,1.0,1.0,0,0)
DispatchPointer(997219,997374,2,258.39487,680.9338,0.0,0.0,0,1.0,1.0,0,0)
DispatchPointer(997219,997424,2,275.00183,696.90106,0.0,0.0,0,1.0,1.0,0,0)
DispatchPointer(997219,997452,2,288.09647,710.38586,0.0,0.0,0,1.0,1.0,0,0)
DispatchPointer(997219,997502,2,294.77612,720.6031,0.0,0.0,0,1.0,1.0,0,0)
DispatchPointer(997219,997535,1,314.07593,733.76465,0.0,0.0,0,1.0,1.0,0,0)
DispatchPointer(997584,997585,0,472.0,797.0,0.0,0.0,0,1.0,1.0,0,0)
DispatchPointer(997584,997606,1,463.08707,800.0,0.0,0.0,0,1.0,1.0,0,0)
DispatchKey(997635,997635,0,82,0,0,-1,0)
DispatchKey(997662,997662,1,82,0,0,-1,0)
DispatchKey(997681,997681,0,23,0,0,-1,0)
DispatchKey(997707,997707,1,23,0,0,-1,0)
LaunchActivity(com.bwx.bequick,com.bwx.bequick.ShowSettingsActivity)
DispatchPointer(997933,997935,0,269.0,380.0,0.0,0.0,0,1.0,1.0,0,0)
DispatchPointer(997933,997996,261,275.422,387.41043,0.0,0.0,0,1.0,1.0,0,0)
DispatchPointer(997933,998011,2,281.65305,396.1036,0.0,0.0,0,1.0,1.0,0,0)
DispatchPointer(997933,998016,2,286.87396,403.04297,0.0,0.0,0,1.0,1.0,0,0)
DispatchPointer(997933,998036,2,289.0866,409.86877,0.0,0.0,0,1.0,1.0,0,0)
DispatchPointer(997933,998096,2,290.49457,410.514,0.0,0.0,0,1.0,1.0,0,0)
DispatchPointer(997933,998121,2,299.42914,416.09073,0.0,0.0,0,1.0,1.0,0,0)
DispatchPointer(997933,998143,262,299.84158,426.7899,0.0,0.0,0,1.0,1.0,0,0)
DispatchPointer(997933,998162,1,303.51306,434.08636,0.0,0.0,0,1.0,1.0,0,0)
DispatchKey(998236,998236,0,19,0,0,-1,0)
DispatchKey(998253,998253,1,19,0,0,-1,0)
DispatchTrackball(-1,998372,2,1.0,-1.0,0.0,0.0,0,1.0,1.0,0,0)
DispatchTrackball(-1,998399,2,-1.0,-1.0,0.0,0.0,0,1.0,1.0,0,0)
DispatchTrackball(-1,998413,2,1.0,-5.0,0.0,0.0,0,1.0,1.0,0,0)
DispatchTrackball(-1,998432,2,1.0,0.0,0.0,0.0,0,1.0,1.0,0,0)
DispatchTrackball(-1,998447,2,2.0,-2.0,0.0,0.0,0,1.0,1.0,0,0)
DispatchTrackball(-1,998457,2,-1.0,-1.0,0.0,0.0,0,1.0,1.0,0,0)
DispatchTrackball(-1,998465,2,-3.0,3.0,0.0,0.0,0,1.0,1.0,0,0)
DispatchTrackball(-1,998476,2,-3.0,4.0,0.0,0.0,0,1.0,1.0,0,0)
DispatchTrackball(-1,998493,2,-2.0,4.0,0.0,0.0,0,1.0,1.0,0,0)
DispatchTrackball(-1,998499,2,-3.0,2.0,0.0,0.0,0,1.0,1.0,0,0)
DispatchTrackball(-1,998518,2,1.0,-4.0,0.0,0.0,0,1.0,1.0,0,0)
DispatchTrackball(-1,998531,2,4.0,1.0,0.0,0.0,0,1.0,1.0,0,0)
DispatchTrackball(-1,998539,2,-5.0,0.0,0.0,0.0,0,1.0,1.0,0,0)
DispatchTrackball(-1,998591,2,3.0,3.0,0.0,0.0,0,1.0,1.0,0,0)
DispatchTrackball(-1,998611,2,4.0,3.0,0.0,0.0,0,1.0,1.0,0,0)
DispatchTrackball(-1,998626,2,1.0,-4.0,0.0,0.0,0,1.0,1.0,0,0)
DispatchTrackball(-1,998651,2,4.0,0.0,0.0,0.0,0,1.0,1.0,0,0)
DispatchTrackball(-1,998660,2,-5.0,-2.0,0.0,0.0,0,1.0,1.0,0,0)
DispatchTrackball(-1,998691,2,-2.0,4.0,0.0,0.0,0,1.0,1.0,0,0)
DispatchTrackball(-1,998699,2,3.0,-2.0,0.0,0.0,0,1.0,1.0,0,0)
DispatchKey(998807,998807,0,23,0,0,-1,0)
DispatchKey(998840,998840,1,23,0,0,-1,0)
DispatchPointer(998918,998919,0,12.0,214.0,0.0,0.0,0,1.0,1.0,0,0)
DispatchPointer(998918,998946,261,30.095272,219.33073,0.0,0.0,0,1.0,1.0,0,0)
DispatchPointer(998918,999006,262,39.8282,238.8952,0.0,0.0,0,1.0,1.0,0,0)
DispatchPointer(998918,999018,1,57.279495,242.33919,0.0,0.0,0,1.0,1.0,0,0)
DispatchKey(999052,999052,0,23,0,0,-1,0)
DispatchKey(999094,999094,1,23,0,0,-1,0)
DispatchPointer(999212,999213,0,78.0,224.0,0.0,0.0,0,1.0,1.0,0,0)
DispatchPointer(999212,999256,1,75.73168,217.45662,0.0,0.0,0,1.0,1.0,0,0)
DispatchKey(999270,999270,0,23,0,0,-1,0)
DispatchKey(1000185,1000185,1,23,0,0,-1,0)
DispatchKey(1000233,1000233,0,23,0,0,-1,0)
DispatchKey(1000441,1000441,1,23,0,0,-1,0)
DispatchPointer(1000547,1000550,0,146.0,242.0,0.0,0.0,0,1.0,1.0,0,0)
DispatchPointer(1000547,1000657,261,156.43121,246.8395,0.0,0.0,0,1.0,1.0,0,0)
DispatchPointer(1000547,1000718,2,160.2934,248.09918,0.0,0.0,0,1.0,1.0,0,0)
DispatchPointer(1000547,1000785,2,164.21115,249.36203,0.0,0.0,0,1.0,1.0,0,0)
DispatchPointer(1000547,1000863,2,166.5269,260.0847,0.0,0.0,0,1.0,1.0,0,0)
DispatchPointer(1000547,1000882,2,167.34879,264.88516,0.0,0.0,0,1.0,1.0,0,0)
DispatchPointer(1000547,1000908,2,173.68971,268.03848,0.0,0.0,0,1.0,1.0,0,0)
DispatchPointer(1000547,1000958,262,180.56844,274.66165,0.0,0.0,0,1.0,1.0,0,0)
DispatchPointer(1000547,1001014,1,184.7375,280.91382,0.0,0.0,0,1.0,1.0,0,0)
DispatchPointer(1001037,1001038,0,183.0,786.0,0.0,0.0,0,1.0,1.0,0,0)
DispatchPointer(1001037,1001055,2,189.45044,787.59326,0.0,0.0,0,1.0,1.0,0,0)
DispatchPointer(1001037,1001066,2,192.84377,790.32745,0.0,0.0,0,1.0,1.0,0,0)
DispatchPointer(1001037,1001282,2,204.65216,790.7978,0.0,0.0,0,1.0,1.0,0,0)
DispatchPointer(1001037,1001292,2,215.08829,796.48663,0.0,0.0,0,1.0,1.0,0,0)
DispatchPointer(1001037,1001372,2,224.77635,797.12744,0.0,0.0,0,1.0,1.0,0,0)
DispatchPointer(1001037,1001443,1,240.12538,800.0,0.0,0.0,0,1.0,1.0,0,0)
DispatchPointer(1001573,1001575,0,24.0,114.0,0.0,0.0,0,1.0,1.0,0,0)
DispatchPointer(1001573,1001693,261,27.820448,116.856514,0.0,0.0,0,1.0,1.0,0,0)
DispatchPointer(1001573,1001762,2,45.381226,119.23608,0.0,0.0,0,1.0,1.0,0,0)
DispatchPointer(1001573,1001775,2,52.640068,119.86268,0.0,0.0,0,1.0,1.0,0,0)
DispatchPointer(1001573,1001789,2,63.03234,121.71199,0.0,0.0,0,1.0,1.0,0,0)
DispatchPointer(1001573,1001821,2,65.09413,126.92868,0.0,0.0,0,1.0,1.0,0,0)
DispatchPointer(1001573,1001829,262,72.78571,128.58855,0.0,0.0,0,1.0,1.0,0,0)
DispatchPointer(1001573,1001880,1,82.71017,129.97014,0.0,0.0,0,1.0,1.0,0,0)
DispatchKey(1001916,1001916,0,19,0,0,-1,0)
DispatchKey(1002003,1002003,1,19,0,0,-1,0)
DispatchPointer(1002036,1002037,0,338.0,512.0,0.0,0.0,0,1.0,1.0,0,0)
DispatchPointer(1002036,1002065,261,338.744,505.6824,0.0,0.0,0,1.0,1.0,0,0)
DispatchPointer(1002036,1002086,262,339.76385,500.4942,0.0,0.0,0,1.0,1.0,0,0)
DispatchPointer(1002036,1002104,1,340.10504,485.15372,0.0,0.0,0,1.0,1.0,0,0)
DispatchTrackball(-1,1004105,2,1.0,-2.0,0.0,0.0,0,1.0,1.0,0,0)
DispatchTrackball(-1,1004128,2,-3.0,2.0,0.0,0.0,0,1.0,1.0,0,0)
DispatchTrackball(-1,1004145,2,-1.0,0.0,0.0,0.0,0,1.0,1.0,0,0)
DispatchTrackball(-1,1004162,2,2.0,-3.0,0.0,0.0,0,1.0,1.0,0,0)
DispatchTrackball(-1,1004183,2,4.0,-4.0,0.0,0.0,0,1.0,1.0,0,0)
DispatchTrackball(-1,1004201,2,-1.0,4.0,0.0,0.0,0,1.0,1.0,0,0)
DispatchTrackball(-1,1004209,2,-1.0,-3.0,0.0,0.0,0,1.0,1.0,0,0)
DispatchTrackball(-1,1004217,2,1.0,-3.0,0.0,0.0,0,1.0,1.0,0,0)
DispatchTrackball(-1,1004226,2,1.0,-2.0,0.0,0.0,0,1.0,1.0,0,0)
DispatchTrackball(-1,1004245,2,4.0,0.0,0.0,0.0,0,1.0,1.0,0,0)
DispatchTrackball(-1,1004307,2,3.0,1.0,0.0,0.0,0,1.0,1.0,0,0)
DispatchTrackball(-1,1004332,2,-1.0,2.0,0.0,0.0,0,1.0,1.0,0,0)
DispatchTrackball(-1,1004362,2,4.0,-2.0,0.0,0.0,0,1.0,1.0,0,0)
DispatchTrackball(-1,1004401,2,1.0,-1.0,0.0,0.0,0,1.0,1.0,0,0)
DispatchTrackball(-1,1004419,2,-2.0,-2.0,0.0,0.0,0,1.0,1.0,0,0)
DispatchTrackball(-1,1004439,2,1.0,0.0,0.0,0.0,0,1.0,1.0,0,0)
DispatchTrackball(-1,1004487,2,-1.0,-1.0,0.0,0.0,0,1.0,1.0,0,0)
DispatchTrackball(-1,1004495,2,3.0,0.0,0.0,0.0,0,1.0,1.0,0,0)
DispatchTrackball(-1,1004508,2,-5.0,-2.0,0.0,0.0,0,1.0,1.0,0,0)
DispatchTrackball(-1,1004529,2,2.0,-3.0,0.0,0.0,0,1.0,1.0,0,0)
DispatchKey(1004539,1004539,0,19,0,0,-1,0)
DispatchKey(1004577,1004577,1,19,0,0,-1,0)
LaunchActivity(com.bwx.bequick,com.bwx.bequick.ShowSettingsActivity)
DispatchKey(1004691,1004691,0,82,0,0,-1,0)
DispatchKey(1004789,1004789,1,82,0,0,-1,0)
DispatchTrackball(-1,1004849,2,-5.0,-1.0,0.0,0.0,0,1.0,1.0,0,0)
DispatchTrackball(-1,1004875,2,2.0,0.0,0.0,0.0,0,1.0,1.0,0,0)
DispatchTrackball(-1,1004930,2,-3.0,1.0,0.0,0.0,0,1.0,1.0,0,0)
DispatchTrackball(-1,1004948,2,4.0,-2.0,0.0,0.0,0,1.0,1.0,0,0)
DispatchTrackball(-1,1005053,2,-5.0,-4.0,0.0,0.0,0,1.0,1.0,0,0)
DispatchTrackball(-1,1005111,2,4.0,3.0,0.0,0.0,0,1.0,1.0,0,0)
