type= raw events
count= -1
speed= 1.0
start data >>
DispatchKey(1248773,1248773,0,21,0,0,-1,0)
DispatchKey(1249471,1249471,1,21,0,0,-1,0)
DispatchPointer(1249737,1249739,0,377.0,233.0,0.0,0.0,0,1.0,1.0,0,0)
DispatchPointer(1249737,1249943,1,379.55563,235.2964,0.0,0.0,0,1.0,1.0,0,0)
DispatchPointer(1249985,1249986,0,283.0,281.0,0.0,0.0,0,1.0,1.0,0,0)
DispatchPointer(1249985,1250032,1,279.3106,274.26758,0.0,0.0,0,1.0,1.0,0,0)
DispatchPointer(1250119,1250134,0,143.0,23.0,0.0,0.0,0,1.0,1.0,0,0)
DispatchPointer(1250119,1250183,2,144.03452,30.95627,0.0,0.0,0,1.0,1.0,0,0)
DispatchPointer(1250119,1250222,2,146.01518,39.233906,0.0,0.0,0,1.0,1.0,0,0)
DispatchPointer(1250119,1250235,2,148.17038,48.353527,0.0,0.0,0,1.0,1.0,0,0)
DispatchPointer(1250119,1250271,2,158.48196,49.05448,0.0,0.0,0,1.0,1.0,0,0)
DispatchPointer(1250119,1250441,1,167.67392,57.88968,0.0,0.0,0,1.0,1.0,0,0)
DispatchKey(1251036,1251036,0,23,0,0,-1,0)
DispatchKey(1251513,1251513,1,23,0,0,-1,0)
DispatchKey(1251547,1251547,0,19,0,0,-1,0)
DispatchKey(1251624,1251624,1,19,0,0,-1,0)
DispatchPointer(1251731,1251731,0,244.0,33.0,0.0,0.0,0,1.0,1.0,0,0)
DispatchPointer(1251731,1251758,1,239.66348,27.134794,0.0,0.0,0,1.0,1.0,0,0)
DispatchTrackball(-1,1251796,2,4.0,1.0,0.0,0.0,0,1.0,1.0,0,0)
DispatchTrackball(-1,1251885,2,2.0,-2.0,0.0,0.0,0,1.0,1.0,0,0)
DispatchTrackball(-1,1251905,2,0.0,-2.0,0.0,0.0,0,1.0,1.0,0,0)
DispatchTrackball(-1,1251921,2,-3.0,-3.0,0.0,0.0,0,1.0,1.0,0,0)
DispatchTrackball(-1,1251972,2,-1.0,4.0,0.0,0.0,0,1.0,1.0,0,0)
DispatchTrackball(-1,1251982,2,0.0,-2.0,0.0,0.0,0,1.0,1.0,0,0)
DispatchTrackball(-1,1252005,2,3.0,4.0,0.0,0.0,0,1.0,1.0,0,0)
DispatchTrackball(-1,1252029,2,0.0,2.0,0.0,0.0,0,1.0,1.0,0,0)
DispatchTrackball(-1,1252061,2,1.0,-3.0,0.0,0.0,0,1.0,1.0,0,0)
DispatchTrackball(-1,1252104,2,-5.0,-3.0,0.0,0.0,0,1.0,1.0,0,0)
DispatchTrackball(-1,1252119,2,-5.0,-1.0,0.0,0.0,0,1.0,1.0,0,0)
DispatchTrackball(-1,1252182,2,-2.0,-1.0,0.0,0.0,0,1.0,1.0,0,0)
DispatchTrackball(-1,1252192,2,2.0,1.0,0.0,0.0,0,1.0,1.0,0,0)
DispatchTrackball(-1,1252211,2,-3.0,-5.0,0.0,0.0,0,1.0,1.0,0,0)
DispatchTrackball(-1,1252222,2,4.0,-4.0,0.0,0.0,0,1.0,1.0,0,0)
DispatchTrackball(-1,1252241,2,4.0,0.0,0.0,0.0,0,1.0,1.0,0,0)
DispatchTrackball(-1,1252258,2,4.0,0.0,0.0,0.0,0,1.0,1.0,0,0)
DispatchTrackball(-1,1252279,2,3.0,4.0,0.0,0.0,0,1.0,1.0,0,0)
DispatchTrackball(-1,1252337,2,-2.0,1.0,0.0,0.0,0,1.0,1.0,0,0)
DispatchTrackball(-1,1252349,2,-2.0,-3.0,0.0,0.0,0,1.0,1.0,0,0)
DispatchKey(1252387,1252387,0,23,0,0,-1,0)
DispatchKey(1252521,1252521,1,23,0,0,-1,0)
DispatchPointer(1252621,1252622,0,201.0,130.0,0.0,0.0,0,1.0,1.0,0,0)
DispatchPointer(1252621,1252651,1,192.93404,141.06126,0.0,0.0,0,1.0,1.0,0,0)
DispatchPointer(1252745,1252746,0,47.0,576.0,0.0,0.0,0,1.0,1.0,0,0)
DispatchPointer(1252745,1252773,1,37.495773,587.83856,0.0,0.0,0,1.0,1.0,0,0)
DispatchKey(1252834,1252834,0,20,0,0,-1,0)
DispatchKey(1252895,1252895,1,20,0,0,-1,0)
DispatchKey(1252931,1252931,0,21,0,0,-1,0)
DispatchKey(1252946,1252946,1,21,0,0,-1,0)
DispatchTrackball(-1,1252974,2,0.0,-4.0,0.0,0.0,0,1.0,1.0,0,0)
DispatchTrackball(-1,1253088,2,3.0,0.0,0.0,0.0,0,1.0,1.0,0,0)
DispatchTrackball(-1,1253160,2,1.0,-2.0,0.0,0.0,0,1.0,1.0,0,0)
DispatchTrackball(-1,1253191,2,-2.0,4.0,0.0,0.0,0,1.0,1.0,0,0)
DispatchTrackball(-1,1253221,2,0.0,-2.0,0.0,0.0,0,1.0,1.0,0,0)
DispatchTrackball(-1,1253244,2,3.0,-5.0,0.0,0.0,0,1.0,1.0,0,0)
DispatchTrackball(-1,1253267,2,-5.0,3.0,0.0,0.0,0,1.0,1.0,0,0)
DispatchTrackball(-1,1253279,2,-3.0,-3.0,0.0,0.0,0,1.0,1.0,0,0)
DispatchTrackball(-1,1253383,2,-3.0,2.0,0.0,0.0,0,1.0,1.0,0,0)
DispatchTrackball(-1,1253393,2,-5.0,-4.0,0.0,0.0,0,1.0,1.0,0,0)
DispatchPointer(1253418,1253419,0,78.0,34.0,0.0,0.0,0,1.0,1.0,0,0)
DispatchPointer(1253418,1253440,2,82.37317,45.649563,0.0,0.0,0,1.0,1.0,0,0)
DispatchPointer(1253418,1253482,1,89.15209,64.336296,0.0,0.0,0,1.0,1.0,0,0)
DispatchKey(1253570,1253570,0,142,0,0,-1,0)
DispatchKey(1253598,1253598,1,142,0,0,-1,0)
DispatchPointer(1253654,1253654,0,199.0,429.0,0.0,0.0,0,1.0,1.0,0,0)
DispatchPointer(1253654,1253672,1,188.5816,414.8824,0.0,0.0,0,1.0,1.0,0,0)
DispatchPointer(1253734,1253734,0,357.0,520.0,0.0,0.0,0,1.0,1.0,0,0)
DispatchPointer(1253734,1253763,1,357.1457,520.14484,0.0,0.0,0,1.0,1.0,0,0)
DispatchKey(1253788,1253788,0,20,0,0,-1,0)
DispatchKey(1253848,1253848,1,20,0,0,-1,0)
DispatchKey(1253925,1253925,0,18,0,0,-1,0)
DispatchKey(1253936,1253936,1,18,0,0,-1,0)
DispatchPointer(1253967,1253968,0,180.0,92.0,0.0,0.0,0,1.0,1.0,0,0)
DispatchPointer(1253967,1253995,2,184.97186,109.40985,0.0,0.0,0,1.0,1.0,0,0)
DispatchPointer(1253967,1254014,2,206.1148,117.545044,0.0,0.0,0,1.0,1.0,0,0)
DispatchPointer(1253967,1254073,1,210.8376,125.329285,0.0,0.0,0,1.0,1.0,0,0)
DispatchPointer(1254141,1254142,0,33.0,71.0,0.0,0.0,0,1.0,1.0,0,0)
DispatchPointer(1254141,1254180,2,30.245628,80.97811,0.0,0.0,0,1.0,1.0,0,0)
DispatchPointer(1254141,1254212,2,18.852917,95.550415,0.0,0.0,0,1.0,1.0,0,0)
DispatchPointer(1254141,1254235,2,14.832767,98.12665,0.0,0.0,0,1.0,1.0,0,0)
DispatchPointer(1254141,1254255,1,3.8827877,107.27919,0.0,0.0,0,1.0,1.0,0,0)
DispatchKey(1254295,1254295,0,197,0,0,-1,0)
DispatchKey(1254373,1254373,1,197,0,0,-1,0)
DispatchPointer(1254534,1254556,0,454.0,428.0,0.0,0.0,0,1.0,1.0,0,0)
DispatchPointer(1254534,1254586,261,456.70468,442.06378,0.0,0.0,0,1.0,1.0,0,0)
DispatchPointer(1254534,1254637,2,459.17596,448.75504,0.0,0.0,0,1.0,1.0,0,0)
DispatchPointer(1254534,1254659,2,464.62054,457.26556,0.0,0.0,0,1.0,1.0,0,0)
DispatchPointer(1254534,1254684,2,467.67236,460.55154,0.0,0.0,0,1.0,1.0,0,0)
DispatchPointer(1254534,1254706,2,469.4111,467.80252,0.0,0.0,0,1.0,1.0,0,0)
DispatchPointer(1254534,1254730,2,472.397,469.17065,0.0,0.0,0,1.0,1.0,0,0)
DispatchPointer(1254534,1254791,2,472.66837,474.46127,0.0,0.0,0,1.0,1.0,0,0)
DispatchPointer(1254534,1254818,2,478.81802,484.05774,0.0,0.0,0,1.0,1.0,0,0)
DispatchPointer(1254534,1254926,2,480.0,493.25644,0.0,0.0,0,1.0,1.0,0,0)
DispatchPointer(1254534,1254938,2,480.0,498.23105,0.0,0.0,0,1.0,1.0,0,0)
DispatchPointer(1254534,1255002,262,480.0,512.4323,0.0,0.0,0,1.0,1.0,0,0)
DispatchPointer(1254534,1255026,1,480.0,524.6806,0.0,0.0,0,1.0,1.0,0,0)
DispatchKey(1255082,1255082,0,20,0,0,-1,0)
DispatchKey(1255136,1255136,1,20,0,0,-1,0)
DispatchKey(1255213,1255213,0,81,0,0,-1,0)
DispatchKey(1255250,1255250,1,81,0,0,-1,0)
DispatchKey(1255449,1255449,0,20,0,0,-1,0)
DispatchKey(1255613,1255613,1,20,0,0,-1,0)
DispatchKey(1255627,1255627,0,23,0,0,-1,0)
DispatchKey(1255736,1255736,1,23,0,0,-1,0)
DispatchPointer(1255912,1255912,0,12.0,314.0,0.0,0.0,0,1.0,1.0,0,0)
DispatchPointer(1255912,1255947,1,13.754841,305.4925,0.0,0.0,0,1.0,1.0,0,0)
DispatchTrackball(-1,1256042,2,1.0,-1.0,0.0,0.0,0,1.0,1.0,0,0)
DispatchTrackball(-1,1256068,2,4.0,-3.0,0.0,0.0,0,1.0,1.0,0,0)
DispatchTrackball(-1,1256092,2,-2.0,0.0,0.0,0.0,0,1.0,1.0,0,0)
DispatchTrackball(-1,1256115,2,3.0,4.0,0.0,0.0,0,1.0,1.0,0,0)
DispatchTrackball(-1,1256132,2,0.0,0.0,0.0,0.0,0,1.0,1.0,0,0)
DispatchTrackball(-1,1256140,2,1.0,-1.0,0.0,0.0,0,1.0,1.0,0,0)
DispatchTrackball(-1,1256158,2,1.0,0.0,0.0,0.0,0,1.0,1.0,0,0)
DispatchTrackball(-1,1256236,2,3.0,0.0,0.0,0.0,0,1.0,1.0,0,0)
DispatchTrackball(-1,1256289,2,3.0,2.0,0.0,0.0,0,1.0,1.0,0,0)
DispatchTrackball(-1,1256298,2,-3.0,-1.0,0.0,0.0,0,1.0,1.0,0,0)
DispatchKey(1256307,1256307,0,200,0,0,-1,0)
DispatchKey(1256757,1256757,1,200,0,0,-1,0)
DispatchKey(1256957,1256957,0,12,0,0,-1,0)
DispatchKey(1257036,1257036,1,12,0,0,-1,0)
DispatchKey(1257399,1257399,0,23,0,0,-1,0)
DispatchKey(1257488,1257488,1,23,0,0,-1,0)
DispatchKey(1257606,1257606,0,21,0,0,-1,0)
DispatchKey(1257777,1257777,1,21,0,0,-1,0)
DispatchTrackball(-1,1257912,2,3.0,3.0,0.0,0.0,0,1.0,1.0,0,0)
DispatchTrackball(-1,1257932,2,4.0,1.0,0.0,0.0,0,1.0,1.0,0,0)
DispatchTrackball(-1,1257955,2,2.0,-1.0,0.0,0.0,0,1.0,1.0,0,0)
DispatchTrackball(-1,1257969,2,0.0,0.0,0.0,0.0,0,1.0,1.0,0,0)
DispatchTrackball(-1,1258004,2,1.0,-2.0,0.0,0.0,0,1.0,1.0,0,0)
DispatchTrackball(-1,1258015,2,-5.0,2.0,0.0,0.0,0,1.0,1.0,0,0)
DispatchTrackball(-1,1258051,2,-2.0,-5.0,0.0,0.0,0,1.0,1.0,0,0)
DispatchTrackball(-1,1258063,2,3.0,-5.0,0.0,0.0,0,1.0,1.0,0,0)
DispatchTrackball(-1,1258074,2,3.0,1.0,0.0,0.0,0,1.0,1.0,0,0)
DispatchTrackball(-1,1258096,2,3.0,4.0,0.0,0.0,0,1.0,1.0,0,0)
DispatchPointer(1258138,1258140,0,323.0,646.0,0.0,0.0,0,1.0,1.0,0,0)
DispatchPointer(1258138,1258189,2,322.77267,645.7316,0.0,0.0,0,1.0,1.0,0,0)
DispatchPointer(1258138,1258217,2,322.55176,643.90674,0.0,0.0,0,1.0,1.0,0,0)
DispatchPointer(1258138,1258227,2,322.3451,641.385,0.0,0.0,0,1.0,1.0,0,0)
DispatchPointer(1258138,1258244,2,322.31857,639.4904,0.0,0.0,0,1.0,1.0,0,0)
DispatchPointer(1258138,1258268,2,322.25317,636.81635,0.0,0.0,0,1.0,1.0,0,0)
DispatchPointer(1258138,1258294,2,322.08585,634.99646,0.0,0.0,0,1.0,1.0,0,0)
DispatchPointer(1258138,1258306,2,322.07864,633.7334,0.0,0.0,0,1.0,1.0,0,0)
DispatchPointer(1258138,1258317,1,321.95895,631.62756,0.0,0.0,0,1.0,1.0,0,0)
DispatchPointer(1258361,1258361,0,318.0,582.0,0.0,0.0,0,1.0,1.0,0,0)
DispatchPointer(1258361,1258376,1,338.89774,582.56366,0.0,0.0,0,1.0,1.0,0,0)
DispatchKey(1258396,1258396,0,34,0,0,-1,0)
DispatchKey(1258489,1258489,1,34,0,0,-1,0)
DispatchKey(1258671,1258671,0,82,0,0,-1,0)
DispatchKey(1258764,1258764,1,82,0,0,-1,0)
DispatchKey(1258891,1258891,0,22,0,0,-1,0)
DispatchKey(1258914,1258914,1,22,0,0,-1,0)
DispatchKey(1258974,1258974,0,5,0,0,-1,0)
DispatchKey(1259001,1259001,1,5,0,0,-1,0)
DispatchKey(1259264,1259264,0,8,0,0,-1,0)
DispatchKey(1259321,1259321,1,8,0,0,-1,0)
DispatchKey(1259562,1259562,0,23,0,0,-1,0)
DispatchKey(1259593,1259593,1,23,0,0,-1,0)
DispatchKey(1259746,1259746,0,22,0,0,-1,0)
DispatchKey(1260056,1260056,1,22,0,0,-1,0)
DispatchKey(1260204,1260204,0,82,0,0,-1,0)
DispatchKey(1260217,1260217,1,82,0,0,-1,0)
DispatchKey(1260739,1260739,0,82,0,0,-1,0)
