type= raw events
count= -1
speed= 2.0
start data >>
DispatchKey(315719,315719,0,102,0,0,-1,0)
DispatchKey(318467,318467,1,102,0,0,-1,0)
DispatchKey(318557,318557,0,82,0,0,-1,0)
DispatchKey(318602,318602,1,82,0,0,-1,0)
DispatchKey(318632,318632,0,47,0,0,-1,0)
DispatchKey(318778,318778,1,47,0,0,-1,0)







DispatchPointer(319269,319270,0,276.0,120.0,0.0,0.0,0,1.0,1.0,0,0)
DispatchPointer(319269,319310,1,281.0047,124.247955,0.0,0.0,0,1.0,1.0,0,0)
GUIGen(5)
DispatchKey(336858,336858,0,82,0,0,-1,0)
DispatchKey(336878,336878,1,82,0,0,-1,0)


DispatchPointer(336969,336970,0,393.0,491.0,0.0,0.0,0,1.0,1.0,0,0)
DispatchPointer(336969,337003,1,388.85745,471.49127,0.0,0.0,0,1.0,1.0,0,0)
DispatchKey(337028,337028,0,23,0,0,-1,0)
DispatchKey(337120,337120,1,23,0,0,-1,0)
DispatchPointer(337278,337278,0,343.0,398.0,0.0,0.0,0,1.0,1.0,0,0)



























































































































GUIGen(4)










































































DispatchPointer(359367,359368,0,371.0,442.0,0.0,0.0,0,1.0,1.0,0,0)
DispatchPointer(359367,359391,1,375.3354,436.77664,0.0,0.0,0,1.0,1.0,0,0)
DispatchKey(359597,359597,0,21,0,0,-1,0)
DispatchKey(359701,359701,1,21,0,0,-1,0)
LaunchActivity(com.smorgasbork.hotdeath,com.smorgasbork.hotdeath.Main)
DispatchKey(359770,359770,0,23,0,0,-1,0)
DispatchKey(359793,359793,1,23,0,0,-1,0)
DispatchPointer(359836,359839,0,299.0,409.0,0.0,0.0,0,1.0,1.0,0,0)
DispatchPointer(359836,359869,261,298.92886,407.8203,0.0,0.0,0,1.0,1.0,0,0)
DispatchPointer(359836,359896,2,297.3446,405.82776,0.0,0.0,0,1.0,1.0,0,0)
DispatchPointer(359836,359913,2,296.19156,404.47028,0.0,0.0,0,1.0,1.0,0,0)
DispatchFlip(false)
DispatchTrackball(-1,360050,2,1.0,-3.0,0.0,0.0,0,1.0,1.0,0,0)
DispatchTrackball(-1,360076,2,4.0,4.0,0.0,0.0,0,1.0,1.0,0,0)
DispatchTrackball(-1,360089,2,-4.0,2.0,0.0,0.0,0,1.0,1.0,0,0)
DispatchTrackball(-1,360125,2,-2.0,-4.0,0.0,0.0,0,1.0,1.0,0,0)
DispatchTrackball(-1,360132,2,2.0,-3.0,0.0,0.0,0,1.0,1.0,0,0)
DispatchTrackball(-1,360139,2,-2.0,4.0,0.0,0.0,0,1.0,1.0,0,0)
DispatchTrackball(-1,360177,2,2.0,0.0,0.0,0.0,0,1.0,1.0,0,0)
DispatchTrackball(-1,360197,2,-4.0,0.0,0.0,0.0,0,1.0,1.0,0,0)
DispatchTrackball(-1,360208,2,0.0,-1.0,0.0,0.0,0,1.0,1.0,0,0)
DispatchTrackball(-1,360290,2,-5.0,1.0,0.0,0.0,0,1.0,1.0,0,0)
DispatchPointer(360384,360384,0,87.0,274.0,0.0,0.0,0,1.0,1.0,0,0)
DispatchPointer(360384,360436,1,87.79888,272.23798,0.0,0.0,0,1.0,1.0,0,0)
DispatchPointer(360492,360492,0,117.0,638.0,0.0,0.0,0,1.0,1.0,0,0)
DispatchPointer(360492,360561,1,130.8477,633.42395,0.0,0.0,0,1.0,1.0,0,0)
DispatchKey(360928,360928,0,22,0,0,-1,0)
DispatchKey(362114,362114,1,22,0,0,-1,0)
DispatchKey(362400,362400,0,139,0,0,-1,0)
DispatchKey(362440,362440,1,139,0,0,-1,0)
DispatchKey(362470,362470,0,20,0,0,-1,0)
DispatchKey(362543,362543,1,20,0,0,-1,0)
DispatchPointer(363104,363105,0,73.0,215.0,0.0,0.0,0,1.0,1.0,0,0)
DispatchPointer(363104,363133,1,57.810204,214.99033,0.0,0.0,0,1.0,1.0,0,0)
DispatchTrackball(-1,363255,2,-1.0,-2.0,0.0,0.0,0,1.0,1.0,0,0)
DispatchTrackball(-1,363264,2,3.0,0.0,0.0,0.0,0,1.0,1.0,0,0)
DispatchTrackball(-1,363280,2,4.0,3.0,0.0,0.0,0,1.0,1.0,0,0)
DispatchTrackball(-1,363287,2,-2.0,4.0,0.0,0.0,0,1.0,1.0,0,0)
DispatchTrackball(-1,363297,2,0.0,-4.0,0.0,0.0,0,1.0,1.0,0,0)
DispatchTrackball(-1,363315,2,-2.0,0.0,0.0,0.0,0,1.0,1.0,0,0)
DispatchTrackball(-1,363319,2,-3.0,-1.0,0.0,0.0,0,1.0,1.0,0,0)
DispatchTrackball(-1,363345,2,-4.0,-3.0,0.0,0.0,0,1.0,1.0,0,0)
DispatchTrackball(-1,363363,2,2.0,2.0,0.0,0.0,0,1.0,1.0,0,0)
DispatchTrackball(-1,363382,2,-4.0,-4.0,0.0,0.0,0,1.0,1.0,0,0)
DispatchPointer(363402,363403,0,33.0,657.0,0.0,0.0,0,1.0,1.0,0,0)
DispatchPointer(363402,363423,2,30.863297,657.873,0.0,0.0,0,1.0,1.0,0,0)
DispatchPointer(363402,363446,2,14.89773,659.1921,0.0,0.0,0,1.0,1.0,0,0)
DispatchPointer(363402,363455,2,11.407978,660.4602,0.0,0.0,0,1.0,1.0,0,0)
DispatchPointer(363402,363472,2,0.0,660.9694,0.0,0.0,0,1.0,1.0,0,0)
DispatchPointer(363402,363510,1,0.0,662.18353,0.0,0.0,0,1.0,1.0,0,0)
DispatchKey(363544,363544,0,82,0,0,-1,0)
DispatchKey(363628,363628,1,82,0,0,-1,0)
DispatchTrackball(-1,364003,2,-3.0,1.0,0.0,0.0,0,1.0,1.0,0,0)
DispatchTrackball(-1,364019,2,-5.0,3.0,0.0,0.0,0,1.0,1.0,0,0)
DispatchTrackball(-1,364061,2,4.0,0.0,0.0,0.0,0,1.0,1.0,0,0)
DispatchTrackball(-1,364067,2,-4.0,1.0,0.0,0.0,0,1.0,1.0,0,0)
DispatchTrackball(-1,364093,2,-2.0,-2.0,0.0,0.0,0,1.0,1.0,0,0)
DispatchTrackball(-1,364100,2,0.0,3.0,0.0,0.0,0,1.0,1.0,0,0)
DispatchTrackball(-1,364116,2,3.0,2.0,0.0,0.0,0,1.0,1.0,0,0)
DispatchTrackball(-1,364132,2,-3.0,-4.0,0.0,0.0,0,1.0,1.0,0,0)
DispatchTrackball(-1,364140,2,-2.0,-1.0,0.0,0.0,0,1.0,1.0,0,0)
DispatchTrackball(-1,364159,2,0.0,-3.0,0.0,0.0,0,1.0,1.0,0,0)
DispatchPointer(364169,364169,0,280.0,784.0,0.0,0.0,0,1.0,1.0,0,0)
DispatchPointer(364169,364210,2,276.36282,768.1316,0.0,0.0,0,1.0,1.0,0,0)
DispatchPointer(364169,364289,2,276.1979,760.4941,0.0,0.0,0,1.0,1.0,0,0)
DispatchPointer(364169,364343,1,272.74033,746.0393,0.0,0.0,0,1.0,1.0,0,0)
DispatchTrackball(-1,364395,2,-4.0,2.0,0.0,0.0,0,1.0,1.0,0,0)
DispatchTrackball(-1,364407,2,-2.0,-1.0,0.0,0.0,0,1.0,1.0,0,0)
DispatchTrackball(-1,364418,2,-2.0,-1.0,0.0,0.0,0,1.0,1.0,0,0)
DispatchTrackball(-1,364430,2,-1.0,-1.0,0.0,0.0,0,1.0,1.0,0,0)
DispatchTrackball(-1,364460,2,3.0,4.0,0.0,0.0,0,1.0,1.0,0,0)
DispatchTrackball(-1,364469,2,-5.0,0.0,0.0,0.0,0,1.0,1.0,0,0)
DispatchTrackball(-1,364487,2,3.0,3.0,0.0,0.0,0,1.0,1.0,0,0)
DispatchTrackball(-1,364504,2,-3.0,-3.0,0.0,0.0,0,1.0,1.0,0,0)
DispatchTrackball(-1,364531,2,1.0,2.0,0.0,0.0,0,1.0,1.0,0,0)
DispatchTrackball(-1,364537,2,-5.0,4.0,0.0,0.0,0,1.0,1.0,0,0)
DispatchKey(364544,364544,0,11,0,0,-1,0)
DispatchKey(364783,364783,1,11,0,0,-1,0)
DispatchKey(364873,364873,0,150,0,0,-1,0)
DispatchKey(365185,365185,1,150,0,0,-1,0)
DispatchKey(365217,365217,0,20,0,0,-1,0)
DispatchKey(365261,365261,1,20,0,0,-1,0)
DispatchKey(365284,365284,0,23,0,0,-1,0)
DispatchKey(365387,365387,1,23,0,0,-1,0)
DispatchPointer(365785,365786,0,84.0,299.0,0.0,0.0,0,1.0,1.0,0,0)
DispatchPointer(365785,365816,1,90.43103,300.5574,0.0,0.0,0,1.0,1.0,0,0)
DispatchTrackball(-1,365849,2,0.0,2.0,0.0,0.0,0,1.0,1.0,0,0)
DispatchTrackball(-1,365877,2,2.0,-2.0,0.0,0.0,0,1.0,1.0,0,0)
DispatchTrackball(-1,365896,2,-2.0,2.0,0.0,0.0,0,1.0,1.0,0,0)
DispatchTrackball(-1,365907,2,-4.0,0.0,0.0,0.0,0,1.0,1.0,0,0)
DispatchTrackball(-1,365924,2,3.0,-2.0,0.0,0.0,0,1.0,1.0,0,0)
DispatchTrackball(-1,365944,2,-4.0,3.0,0.0,0.0,0,1.0,1.0,0,0)
DispatchTrackball(-1,365958,2,0.0,2.0,0.0,0.0,0,1.0,1.0,0,0)
DispatchTrackball(-1,366071,2,0.0,-5.0,0.0,0.0,0,1.0,1.0,0,0)
DispatchTrackball(-1,366078,2,3.0,1.0,0.0,0.0,0,1.0,1.0,0,0)
DispatchTrackball(-1,366096,2,-3.0,-2.0,0.0,0.0,0,1.0,1.0,0,0)
DispatchTrackball(365848,366105,0,0.0,0.0,0.0,0.0,0,1.0,1.0,0,0)
DispatchTrackball(365848,366121,1,0.0,0.0,0.0,0.0,0,1.0,1.0,0,0)
DispatchKey(366152,366152,0,23,0,0,-1,0)
DispatchKey(366257,366257,1,23,0,0,-1,0)
DispatchKey(366397,366397,0,23,0,0,-1,0)
DispatchKey(366537,366537,1,23,0,0,-1,0)
DispatchKey(366557,366557,0,20,0,0,-1,0)
DispatchKey(366569,366569,1,20,0,0,-1,0)
DispatchPointer(366615,366617,0,178.0,78.0,0.0,0.0,0,1.0,1.0,0,0)
DispatchPointer(366615,366646,261,178.83487,84.80642,0.0,0.0,0,1.0,1.0,0,0)
DispatchPointer(366615,366656,2,179.3261,90.1395,0.0,0.0,0,1.0,1.0,0,0)
DispatchPointer(366615,366682,2,179.80957,90.76258,0.0,0.0,0,1.0,1.0,0,0)
DispatchPointer(366615,366689,2,180.64586,94.67782,0.0,0.0,0,1.0,1.0,0,0)
DispatchPointer(366615,366712,2,181.48653,101.13384,0.0,0.0,0,1.0,1.0,0,0)
DispatchPointer(366615,366726,2,181.74562,111.12673,0.0,0.0,0,1.0,1.0,0,0)
DispatchPointer(366615,366744,2,182.6553,115.74052,0.0,0.0,0,1.0,1.0,0,0)
DispatchPointer(366615,366758,2,183.26411,122.5472,0.0,0.0,0,1.0,1.0,0,0)
DispatchPointer(366615,366764,2,184.09085,124.069046,0.0,0.0,0,1.0,1.0,0,0)
DispatchPointer(366615,366769,2,184.48544,128.68925,0.0,0.0,0,1.0,1.0,0,0)
DispatchPointer(366615,366799,262,185.34639,133.9842,0.0,0.0,0,1.0,1.0,0,0)
DispatchPointer(366615,366831,1,185.97371,138.18001,0.0,0.0,0,1.0,1.0,0,0)
DispatchKey(366857,366857,0,186,0,0,-1,0)
DispatchKey(367061,367061,1,186,0,0,-1,0)
DispatchKey(367103,367103,0,22,0,0,-1,0)
DispatchKey(367137,367137,1,22,0,0,-1,0)
DispatchKey(367149,367149,0,19,0,0,-1,0)
DispatchKey(367164,367164,1,19,0,0,-1,0)
DispatchPointer(367201,367201,0,9.0,777.0,0.0,0.0,0,1.0,1.0,0,0)
DispatchPointer(367201,367216,1,8.129192,781.1897,0.0,0.0,0,1.0,1.0,0,0)
DispatchKey(368812,368812,0,21,0,0,-1,0)
DispatchKey(368834,368834,1,21,0,0,-1,0)
DispatchKey(368853,368853,0,23,0,0,-1,0)
DispatchKey(368884,368884,1,23,0,0,-1,0)
DispatchKey(368906,368906,0,22,0,0,-1,0)
DispatchKey(368932,368932,1,22,0,0,-1,0)
DispatchKey(368980,368980,0,19,0,0,-1,0)
DispatchKey(368990,368990,1,19,0,0,-1,0)
DispatchKey(369042,369042,0,154,0,0,-1,0)
DispatchKey(369052,369052,1,154,0,0,-1,0)
DispatchKey(369176,369176,0,23,0,0,-1,0)
DispatchKey(369186,369186,1,23,0,0,-1,0)
DispatchKey(369255,369255,0,19,0,0,-1,0)
DispatchKey(369302,369302,1,19,0,0,-1,0)
DispatchKey(369313,369313,0,20,0,0,-1,0)
DispatchKey(369328,369328,1,20,0,0,-1,0)
DispatchKey(369349,369349,0,23,0,0,-1,0)
DispatchKey(369768,369768,1,23,0,0,-1,0)
DispatchKey(370037,370037,0,39,0,0,-1,0)
DispatchKey(370205,370205,1,39,0,0,-1,0)
DispatchKey(370230,370230,0,82,0,0,-1,0)
DispatchKey(370249,370249,1,82,0,0,-1,0)
DispatchKey(370313,370313,0,82,0,0,-1,0)
DispatchKey(370334,370334,1,82,0,0,-1,0)
DispatchPointer(370371,370371,0,108.0,227.0,0.0,0.0,0,1.0,1.0,0,0)
DispatchPointer(370371,370400,1,125.51412,226.10947,0.0,0.0,0,1.0,1.0,0,0)
DispatchKey(370438,370438,0,211,0,0,-1,0)
DispatchKey(370662,370662,1,211,0,0,-1,0)
DispatchKey(370684,370684,0,22,0,0,-1,0)
DispatchKey(370724,370724,1,22,0,0,-1,0)
DispatchKey(370738,370738,0,14,0,0,-1,0)
DispatchKey(370750,370750,1,14,0,0,-1,0)
DispatchKey(370793,370793,0,22,0,0,-1,0)
DispatchKey(370812,370812,1,22,0,0,-1,0)
DispatchKey(370827,370827,0,215,0,0,-1,0)
DispatchKey(370839,370839,1,215,0,0,-1,0)
DispatchPointer(370884,370885,0,453.0,713.0,0.0,0.0,0,1.0,1.0,0,0)
DispatchPointer(370884,370905,2,436.0315,704.8224,0.0,0.0,0,1.0,1.0,0,0)
DispatchPointer(370884,370925,2,417.19458,701.9174,0.0,0.0,0,1.0,1.0,0,0)
DispatchPointer(370884,370932,2,396.89078,694.74945,0.0,0.0,0,1.0,1.0,0,0)
DispatchPointer(370884,370940,2,383.5682,690.02234,0.0,0.0,0,1.0,1.0,0,0)
DispatchPointer(370884,370957,2,367.86655,689.41016,0.0,0.0,0,1.0,1.0,0,0)
DispatchPointer(370884,370967,2,364.28455,668.4224,0.0,0.0,0,1.0,1.0,0,0)
DispatchPointer(370884,370988,2,363.11884,647.5803,0.0,0.0,0,1.0,1.0,0,0)
DispatchPointer(370884,370995,2,361.73032,643.3507,0.0,0.0,0,1.0,1.0,0,0)
DispatchPointer(370884,371003,1,340.6649,637.6925,0.0,0.0,0,1.0,1.0,0,0)
DispatchKey(371017,371017,0,23,0,0,-1,0)
DispatchKey(371488,371488,1,23,0,0,-1,0)
DispatchPointer(371657,371658,0,277.0,31.0,0.0,0.0,0,1.0,1.0,0,0)
















DispatchPointer(372491,372492,0,41.0,768.0,0.0,0.0,0,1.0,1.0,0,0)
DispatchPointer(372491,372505,1,50.447754,764.0484,0.0,0.0,0,1.0,1.0,0,0)
DispatchKey(372535,372535,0,193,0,0,-1,0)
DispatchKey(372956,372956,1,193,0,0,-1,0)
DispatchTrackball(-1,373019,2,1.0,0.0,0.0,0.0,0,1.0,1.0,0,0)
DispatchTrackball(-1,373061,2,-3.0,-4.0,0.0,0.0,0,1.0,1.0,0,0)
DispatchTrackball(-1,373080,2,3.0,0.0,0.0,0.0,0,1.0,1.0,0,0)
DispatchTrackball(-1,373088,2,-3.0,4.0,0.0,0.0,0,1.0,1.0,0,0)
DispatchTrackball(-1,373096,2,0.0,-1.0,0.0,0.0,0,1.0,1.0,0,0)
DispatchTrackball(-1,373112,2,4.0,4.0,0.0,0.0,0,1.0,1.0,0,0)
DispatchTrackball(-1,373120,2,0.0,2.0,0.0,0.0,0,1.0,1.0,0,0)
DispatchTrackball(-1,373148,2,3.0,-4.0,0.0,0.0,0,1.0,1.0,0,0)
DispatchTrackball(-1,373154,2,4.0,-5.0,0.0,0.0,0,1.0,1.0,0,0)
DispatchTrackball(-1,373172,2,-2.0,0.0,0.0,0.0,0,1.0,1.0,0,0)
DispatchPointer(373203,373204,0,257.0,223.0,0.0,0.0,0,1.0,1.0,0,0)
DispatchPointer(373203,373230,2,259.0945,221.67061,0.0,0.0,0,1.0,1.0,0,0)
DispatchPointer(373203,373244,2,271.92773,213.32872,0.0,0.0,0,1.0,1.0,0,0)
DispatchPointer(373203,373264,2,280.72845,202.42378,0.0,0.0,0,1.0,1.0,0,0)
DispatchPointer(373203,373280,2,284.28992,197.37508,0.0,0.0,0,1.0,1.0,0,0)
DispatchPointer(373203,373288,2,293.44482,194.0671,0.0,0.0,0,1.0,1.0,0,0)
DispatchPointer(373203,373303,2,306.0155,193.71655,0.0,0.0,0,1.0,1.0,0,0)
DispatchPointer(373203,373309,1,307.067,177.98412,0.0,0.0,0,1.0,1.0,0,0)
DispatchPointer(373353,373359,0,263.0,181.0,0.0,0.0,0,1.0,1.0,0,0)
DispatchPointer(373353,373381,261,262.8293,179.03679,0.0,0.0,0,1.0,1.0,0,0)
DispatchPointer(373353,373400,2,262.12473,178.28734,0.0,0.0,0,1.0,1.0,0,0)
DispatchPointer(373353,373408,2,260.85483,176.94104,0.0,0.0,0,1.0,1.0,0,0)
DispatchPointer(373353,373483,2,260.27084,175.21841,0.0,0.0,0,1.0,1.0,0,0)
DispatchPointer(373353,373501,2,259.6572,172.52716,0.0,0.0,0,1.0,1.0,0,0)
DispatchPointer(373353,373508,2,259.0304,172.1958,0.0,0.0,0,1.0,1.0,0,0)
DispatchPointer(373353,373514,2,258.8348,170.8613,0.0,0.0,0,1.0,1.0,0,0)
DispatchPointer(373353,373531,2,257.30115,169.27348,0.0,0.0,0,1.0,1.0,0,0)
DispatchPointer(373353,373537,2,256.24826,167.45375,0.0,0.0,0,1.0,1.0,0,0)
DispatchPointer(373353,373555,2,255.96797,165.37086,0.0,0.0,0,1.0,1.0,0,0)
DispatchPointer(373353,373567,262,254.44513,163.4641,0.0,0.0,0,1.0,1.0,0,0)
DispatchPointer(373353,373628,1,252.85355,163.21849,0.0,0.0,0,1.0,1.0,0,0)
DispatchTrackball(-1,373638,2,2.0,-2.0,0.0,0.0,0,1.0,1.0,0,0)
DispatchTrackball(-1,373662,2,1.0,-4.0,0.0,0.0,0,1.0,1.0,0,0)
DispatchTrackball(-1,373759,2,-5.0,4.0,0.0,0.0,0,1.0,1.0,0,0)
DispatchTrackball(-1,373786,2,0.0,1.0,0.0,0.0,0,1.0,1.0,0,0)
DispatchTrackball(-1,373802,2,-1.0,-4.0,0.0,0.0,0,1.0,1.0,0,0)
DispatchTrackball(-1,373820,2,1.0,-5.0,0.0,0.0,0,1.0,1.0,0,0)
DispatchTrackball(-1,373827,2,1.0,-3.0,0.0,0.0,0,1.0,1.0,0,0)
DispatchTrackball(-1,373833,2,-3.0,-2.0,0.0,0.0,0,1.0,1.0,0,0)
DispatchTrackball(-1,373838,2,4.0,3.0,0.0,0.0,0,1.0,1.0,0,0)
DispatchTrackball(-1,373854,2,0.0,-3.0,0.0,0.0,0,1.0,1.0,0,0)
DispatchKey(373864,373864,0,19,0,0,-1,0)
DispatchKey(374008,374008,1,19,0,0,-1,0)
DispatchKey(374050,374050,0,22,0,0,-1,0)
DispatchKey(374142,374142,1,22,0,0,-1,0)
DispatchTrackball(-1,376108,2,2.0,-3.0,0.0,0.0,0,1.0,1.0,0,0)
DispatchTrackball(-1,376123,2,1.0,2.0,0.0,0.0,0,1.0,1.0,0,0)
DispatchTrackball(-1,376146,2,-5.0,-2.0,0.0,0.0,0,1.0,1.0,0,0)
DispatchTrackball(-1,376170,2,-2.0,3.0,0.0,0.0,0,1.0,1.0,0,0)
DispatchTrackball(-1,376183,2,2.0,4.0,0.0,0.0,0,1.0,1.0,0,0)
DispatchTrackball(-1,376205,2,4.0,2.0,0.0,0.0,0,1.0,1.0,0,0)
DispatchTrackball(-1,376222,2,3.0,4.0,0.0,0.0,0,1.0,1.0,0,0)
DispatchTrackball(-1,376230,2,0.0,3.0,0.0,0.0,0,1.0,1.0,0,0)
DispatchTrackball(-1,376259,2,-4.0,1.0,0.0,0.0,0,1.0,1.0,0,0)
DispatchTrackball(-1,376285,2,1.0,-3.0,0.0,0.0,0,1.0,1.0,0,0)
DispatchKey(376320,376320,0,23,0,0,-1,0)
DispatchKey(376381,376381,1,23,0,0,-1,0)
DispatchKey(376502,376502,0,82,0,0,-1,0)
DispatchKey(376646,376646,1,82,0,0,-1,0)
DispatchKey(376783,376783,0,82,0,0,-1,0)
DispatchKey(377039,377039,1,82,0,0,-1,0)
DispatchPointer(377220,377221,0,442.0,714.0,0.0,0.0,0,1.0,1.0,0,0)
DispatchPointer(377220,377237,1,436.17603,712.6996,0.0,0.0,0,1.0,1.0,0,0)
DispatchPointer(377280,377280,0,228.0,182.0,0.0,0.0,0,1.0,1.0,0,0)
DispatchPointer(377280,377305,1,228.09937,178.68027,0.0,0.0,0,1.0,1.0,0,0)
DispatchKey(377335,377335,0,22,0,0,-1,0)
DispatchKey(377344,377344,1,22,0,0,-1,0)
DispatchKey(377441,377441,0,22,0,0,-1,0)
DispatchKey(377449,377449,1,22,0,0,-1,0)
DispatchKey(377493,377493,0,23,0,0,-1,0)
