type= raw events
count= -1
speed= 1.0
start data >>
DispatchKey(864787,864787,0,20,0,0,-1,0)
DispatchKey(868365,868365,1,20,0,0,-1,0)
DispatchKey(868424,868424,0,19,0,0,-1,0)
DispatchKey(868436,868436,1,19,0,0,-1,0)
DispatchKey(868454,868454,0,82,0,0,-1,0)
DispatchKey(868477,868477,1,82,0,0,-1,0)
DispatchTrackball(-1,868505,2,-3.0,-2.0,0.0,0.0,0,1.0,1.0,0,0)
DispatchTrackball(-1,868528,2,-1.0,2.0,0.0,0.0,0,1.0,1.0,0,0)
DispatchTrackball(-1,868551,2,4.0,0.0,0.0,0.0,0,1.0,1.0,0,0)
DispatchTrackball(-1,868572,2,-3.0,-5.0,0.0,0.0,0,1.0,1.0,0,0)
DispatchTrackball(-1,868594,2,-2.0,2.0,0.0,0.0,0,1.0,1.0,0,0)
DispatchTrackball(-1,868604,2,-5.0,-4.0,0.0,0.0,0,1.0,1.0,0,0)
DispatchTrackball(-1,868627,2,0.0,-2.0,0.0,0.0,0,1.0,1.0,0,0)
DispatchTrackball(-1,868635,2,-3.0,0.0,0.0,0.0,0,1.0,1.0,0,0)
DispatchTrackball(-1,868661,2,-5.0,-4.0,0.0,0.0,0,1.0,1.0,0,0)
DispatchTrackball(-1,868683,2,-4.0,0.0,0.0,0.0,0,1.0,1.0,0,0)
DispatchKey(868710,868710,0,130,0,0,-1,0)
DispatchKey(868889,868889,1,130,0,0,-1,0)
DispatchKey(868913,868913,0,21,0,0,-1,0)
DispatchKey(868957,868957,1,21,0,0,-1,0)
DispatchTrackball(-1,868978,2,-2.0,3.0,0.0,0.0,0,1.0,1.0,0,0)
DispatchTrackball(-1,868995,2,2.0,-2.0,0.0,0.0,0,1.0,1.0,0,0)
DispatchTrackball(-1,869005,2,-4.0,-5.0,0.0,0.0,0,1.0,1.0,0,0)
DispatchTrackball(-1,869020,2,-1.0,-5.0,0.0,0.0,0,1.0,1.0,0,0)
DispatchTrackball(-1,869071,2,-4.0,1.0,0.0,0.0,0,1.0,1.0,0,0)
DispatchTrackball(-1,869134,2,2.0,1.0,0.0,0.0,0,1.0,1.0,0,0)
DispatchTrackball(-1,869261,2,-4.0,-4.0,0.0,0.0,0,1.0,1.0,0,0)
DispatchTrackball(-1,869281,2,1.0,-2.0,0.0,0.0,0,1.0,1.0,0,0)
DispatchTrackball(-1,869289,2,3.0,-5.0,0.0,0.0,0,1.0,1.0,0,0)
DispatchTrackball(-1,869361,2,-4.0,-3.0,0.0,0.0,0,1.0,1.0,0,0)
DispatchKey(869369,869369,0,20,0,0,-1,0)
DispatchKey(869533,869533,1,20,0,0,-1,0)
DispatchPointer(869602,869603,0,396.0,509.0,0.0,0.0,0,1.0,1.0,0,0)
DispatchPointer(869602,869629,2,377.7995,518.4503,0.0,0.0,0,1.0,1.0,0,0)
DispatchPointer(869602,869637,2,370.6662,519.6529,0.0,0.0,0,1.0,1.0,0,0)
DispatchPointer(869602,869654,1,361.9866,528.48224,0.0,0.0,0,1.0,1.0,0,0)
DispatchKey(869680,869680,0,20,0,0,-1,0)
DispatchKey(869763,869763,1,20,0,0,-1,0)
DispatchKey(869869,869869,0,82,0,0,-1,0)
DispatchKey(869949,869949,1,82,0,0,-1,0)
DispatchKey(870001,870001,0,21,0,0,-1,0)
DispatchKey(870452,870452,1,21,0,0,-1,0)
DispatchTrackball(-1,870491,2,-1.0,0.0,0.0,0.0,0,1.0,1.0,0,0)
DispatchTrackball(-1,870506,2,-3.0,3.0,0.0,0.0,0,1.0,1.0,0,0)
DispatchTrackball(-1,870536,2,-3.0,-4.0,0.0,0.0,0,1.0,1.0,0,0)
DispatchTrackball(-1,870543,2,4.0,-4.0,0.0,0.0,0,1.0,1.0,0,0)
DispatchTrackball(-1,870549,2,-3.0,-4.0,0.0,0.0,0,1.0,1.0,0,0)
DispatchTrackball(-1,870559,2,-2.0,-1.0,0.0,0.0,0,1.0,1.0,0,0)
DispatchTrackball(-1,870566,2,1.0,4.0,0.0,0.0,0,1.0,1.0,0,0)
DispatchTrackball(-1,870583,2,-5.0,2.0,0.0,0.0,0,1.0,1.0,0,0)
DispatchTrackball(-1,870601,2,3.0,-5.0,0.0,0.0,0,1.0,1.0,0,0)
DispatchTrackball(-1,870607,2,4.0,-1.0,0.0,0.0,0,1.0,1.0,0,0)
DispatchTrackball(870491,870623,0,0.0,0.0,0.0,0.0,0,1.0,1.0,0,0)
DispatchTrackball(870491,870640,1,0.0,0.0,0.0,0.0,0,1.0,1.0,0,0)
LaunchActivity(com.smorgasbork.hotdeath,com.smorgasbork.hotdeath.Main)
DispatchTrackball(-1,870699,2,1.0,-2.0,0.0,0.0,0,1.0,1.0,0,0)
DispatchTrackball(-1,870716,2,2.0,-2.0,0.0,0.0,0,1.0,1.0,0,0)
DispatchTrackball(-1,870722,2,-2.0,-3.0,0.0,0.0,0,1.0,1.0,0,0)
DispatchTrackball(-1,870728,2,3.0,3.0,0.0,0.0,0,1.0,1.0,0,0)
DispatchTrackball(-1,870748,2,4.0,-2.0,0.0,0.0,0,1.0,1.0,0,0)
DispatchTrackball(-1,870763,2,1.0,-5.0,0.0,0.0,0,1.0,1.0,0,0)
DispatchTrackball(-1,870776,2,4.0,-1.0,0.0,0.0,0,1.0,1.0,0,0)
DispatchTrackball(-1,870804,2,2.0,-3.0,0.0,0.0,0,1.0,1.0,0,0)
DispatchTrackball(-1,870823,2,1.0,-5.0,0.0,0.0,0,1.0,1.0,0,0)
DispatchTrackball(-1,870853,2,0.0,4.0,0.0,0.0,0,1.0,1.0,0,0)
DispatchPointer(870873,870874,0,204.0,494.0,0.0,0.0,0,1.0,1.0,0,0)
DispatchPointer(870873,870887,1,207.16006,492.7287,0.0,0.0,0,1.0,1.0,0,0)
DispatchTrackball(-1,870916,2,-3.0,-1.0,0.0,0.0,0,1.0,1.0,0,0)
DispatchTrackball(-1,870929,2,1.0,-3.0,0.0,0.0,0,1.0,1.0,0,0)
DispatchTrackball(-1,870948,2,-5.0,4.0,0.0,0.0,0,1.0,1.0,0,0)
DispatchTrackball(-1,870956,2,1.0,0.0,0.0,0.0,0,1.0,1.0,0,0)
DispatchTrackball(-1,871146,2,0.0,0.0,0.0,0.0,0,1.0,1.0,0,0)
DispatchTrackball(-1,871166,2,-5.0,3.0,0.0,0.0,0,1.0,1.0,0,0)
DispatchTrackball(-1,871183,2,-2.0,-1.0,0.0,0.0,0,1.0,1.0,0,0)
DispatchTrackball(-1,871203,2,-4.0,-5.0,0.0,0.0,0,1.0,1.0,0,0)
DispatchTrackball(-1,871733,2,1.0,-4.0,0.0,0.0,0,1.0,1.0,0,0)
DispatchTrackball(-1,871740,2,2.0,0.0,0.0,0.0,0,1.0,1.0,0,0)
GUIGen(1)
DispatchKey(875041,875041,0,20,0,0,-1,0)
DispatchKey(875056,875056,1,20,0,0,-1,0)
DispatchKey(875107,875107,0,19,0,0,-1,0)
DispatchKey(875133,875133,1,19,0,0,-1,0)
DispatchPointer(875190,875201,0,47.0,198.0,0.0,0.0,0,1.0,1.0,0,0)
DispatchPointer(875190,875256,2,65.37259,185.69968,0.0,0.0,0,1.0,1.0,0,0)
DispatchPointer(875190,875275,2,80.051125,172.52945,0.0,0.0,0,1.0,1.0,0,0)
DispatchPointer(875190,875289,2,87.79316,170.08734,0.0,0.0,0,1.0,1.0,0,0)
DispatchPointer(875190,875305,2,106.21218,162.63147,0.0,0.0,0,1.0,1.0,0,0)
DispatchPointer(875190,875324,2,121.02858,151.18954,0.0,0.0,0,1.0,1.0,0,0)
DispatchPointer(875190,875342,2,126.21063,141.49634,0.0,0.0,0,1.0,1.0,0,0)
DispatchPointer(875190,875349,2,142.10475,127.09034,0.0,0.0,0,1.0,1.0,0,0)
DispatchPointer(875190,875371,1,154.56767,121.37688,0.0,0.0,0,1.0,1.0,0,0)
DispatchKey(875411,875411,0,82,0,0,-1,0)
DispatchKey(875426,875426,1,82,0,0,-1,0)
DispatchKey(875493,875493,0,75,0,0,-1,0)
DispatchKey(875554,875554,1,75,0,0,-1,0)
DispatchPointer(875622,875623,0,88.0,477.0,0.0,0.0,0,1.0,1.0,0,0)
DispatchPointer(875622,875649,1,89.10929,475.6988,0.0,0.0,0,1.0,1.0,0,0)
DispatchTrackball(-1,875676,2,0.0,-4.0,0.0,0.0,0,1.0,1.0,0,0)
DispatchTrackball(-1,875699,2,4.0,1.0,0.0,0.0,0,1.0,1.0,0,0)
DispatchTrackball(-1,875744,2,1.0,-3.0,0.0,0.0,0,1.0,1.0,0,0)
DispatchTrackball(-1,875776,2,-1.0,-1.0,0.0,0.0,0,1.0,1.0,0,0)
DispatchTrackball(-1,875792,2,-1.0,-5.0,0.0,0.0,0,1.0,1.0,0,0)
DispatchTrackball(-1,875810,2,-2.0,-4.0,0.0,0.0,0,1.0,1.0,0,0)
DispatchTrackball(-1,875818,2,3.0,0.0,0.0,0.0,0,1.0,1.0,0,0)
DispatchTrackball(-1,875824,2,-1.0,-2.0,0.0,0.0,0,1.0,1.0,0,0)
DispatchTrackball(-1,875831,2,-4.0,-3.0,0.0,0.0,0,1.0,1.0,0,0)
DispatchTrackball(-1,875839,2,0.0,-4.0,0.0,0.0,0,1.0,1.0,0,0)
DispatchPointer(875859,875859,0,260.0,713.0,0.0,0.0,0,1.0,1.0,0,0)
DispatchPointer(875859,875882,1,257.6942,701.8231,0.0,0.0,0,1.0,1.0,0,0)
DispatchKey(875912,875912,0,20,0,0,-1,0)
DispatchKey(876151,876151,1,20,0,0,-1,0)
DispatchTrackball(-1,876331,2,-2.0,3.0,0.0,0.0,0,1.0,1.0,0,0)
DispatchTrackball(-1,876372,2,-1.0,-1.0,0.0,0.0,0,1.0,1.0,0,0)
DispatchTrackball(-1,876380,2,-2.0,3.0,0.0,0.0,0,1.0,1.0,0,0)
DispatchTrackball(-1,876406,2,4.0,-3.0,0.0,0.0,0,1.0,1.0,0,0)
DispatchTrackball(-1,876413,2,-1.0,-5.0,0.0,0.0,0,1.0,1.0,0,0)
DispatchTrackball(-1,876419,2,-1.0,-1.0,0.0,0.0,0,1.0,1.0,0,0)
DispatchTrackball(-1,876448,2,-1.0,4.0,0.0,0.0,0,1.0,1.0,0,0)
DispatchTrackball(-1,876486,2,2.0,4.0,0.0,0.0,0,1.0,1.0,0,0)
DispatchTrackball(-1,876504,2,-5.0,0.0,0.0,0.0,0,1.0,1.0,0,0)
DispatchTrackball(-1,876512,2,-2.0,2.0,0.0,0.0,0,1.0,1.0,0,0)
DispatchKey(876565,876565,0,22,0,0,-1,0)
DispatchKey(876648,876648,1,22,0,0,-1,0)
DispatchPointer(876722,876722,0,170.0,388.0,0.0,0.0,0,1.0,1.0,0,0)
DispatchPointer(876722,876762,2,146.24902,387.62576,0.0,0.0,0,1.0,1.0,0,0)
DispatchPointer(876722,876770,2,125.53144,382.34006,0.0,0.0,0,1.0,1.0,0,0)
DispatchPointer(876722,876788,2,107.50703,376.77603,0.0,0.0,0,1.0,1.0,0,0)
DispatchPointer(876722,876860,2,88.77809,375.68277,0.0,0.0,0,1.0,1.0,0,0)
DispatchPointer(876722,876887,2,82.14554,373.79776,0.0,0.0,0,1.0,1.0,0,0)
DispatchPointer(876722,876900,1,65.59421,369.25696,0.0,0.0,0,1.0,1.0,0,0)
DispatchKey(876950,876950,0,23,0,0,-1,0)
DispatchKey(876999,876999,1,23,0,0,-1,0)
DispatchKey(877049,877049,0,82,0,0,-1,0)
DispatchKey(877149,877149,1,82,0,0,-1,0)
DispatchKey(877200,877200,0,4,0,0,-1,0)
DispatchKey(877231,877231,1,4,0,0,-1,0)
DispatchKey(877285,877285,0,200,0,0,-1,0)
DispatchKey(877385,877385,1,200,0,0,-1,0)
DispatchKey(877398,877398,0,22,0,0,-1,0)
DispatchKey(877416,877416,1,22,0,0,-1,0)
DispatchKey(877429,877429,0,21,0,0,-1,0)
DispatchKey(877444,877444,1,21,0,0,-1,0)
DispatchKey(877455,877455,0,21,0,0,-1,0)
DispatchKey(877469,877469,1,21,0,0,-1,0)
DispatchPointer(877563,877563,0,224.0,649.0,0.0,0.0,0,1.0,1.0,0,0)
DispatchPointer(877563,877579,1,236.43906,635.8733,0.0,0.0,0,1.0,1.0,0,0)
DispatchKey(877606,877606,0,82,0,0,-1,0)
DispatchKey(877841,877841,1,82,0,0,-1,0)
DispatchPointer(877932,877933,0,370.0,624.0,0.0,0.0,0,1.0,1.0,0,0)
DispatchPointer(877932,877949,1,356.0927,623.16046,0.0,0.0,0,1.0,1.0,0,0)
DispatchKey(878003,878003,0,20,0,0,-1,0)
DispatchKey(878064,878064,1,20,0,0,-1,0)
DispatchKey(878135,878135,0,21,0,0,-1,0)
DispatchKey(878597,878597,1,21,0,0,-1,0)
DispatchTrackball(-1,878690,2,-1.0,4.0,0.0,0.0,0,1.0,1.0,0,0)
DispatchTrackball(-1,878704,2,3.0,4.0,0.0,0.0,0,1.0,1.0,0,0)
DispatchTrackball(-1,878724,2,1.0,2.0,0.0,0.0,0,1.0,1.0,0,0)
DispatchTrackball(-1,878748,2,4.0,-4.0,0.0,0.0,0,1.0,1.0,0,0)
DispatchTrackball(-1,878758,2,2.0,3.0,0.0,0.0,0,1.0,1.0,0,0)
DispatchTrackball(-1,878811,2,3.0,3.0,0.0,0.0,0,1.0,1.0,0,0)
DispatchTrackball(-1,878826,2,-4.0,0.0,0.0,0.0,0,1.0,1.0,0,0)
DispatchTrackball(-1,878843,2,4.0,0.0,0.0,0.0,0,1.0,1.0,0,0)
DispatchTrackball(-1,878860,2,-1.0,0.0,0.0,0.0,0,1.0,1.0,0,0)
DispatchTrackball(-1,878883,2,2.0,4.0,0.0,0.0,0,1.0,1.0,0,0)
DispatchKey(878897,878897,0,23,0,0,-1,0)
DispatchKey(879347,879347,1,23,0,0,-1,0)
DispatchTrackball(-1,879908,2,-5.0,-1.0,0.0,0.0,0,1.0,1.0,0,0)
DispatchTrackball(-1,879936,2,4.0,2.0,0.0,0.0,0,1.0,1.0,0,0)
DispatchTrackball(-1,879957,2,-3.0,1.0,0.0,0.0,0,1.0,1.0,0,0)
DispatchTrackball(-1,879989,2,3.0,-2.0,0.0,0.0,0,1.0,1.0,0,0)
DispatchTrackball(-1,880008,2,-1.0,4.0,0.0,0.0,0,1.0,1.0,0,0)
DispatchTrackball(-1,880026,2,-4.0,3.0,0.0,0.0,0,1.0,1.0,0,0)
DispatchTrackball(-1,880033,2,-1.0,0.0,0.0,0.0,0,1.0,1.0,0,0)
DispatchTrackball(-1,880053,2,-5.0,-2.0,0.0,0.0,0,1.0,1.0,0,0)
DispatchTrackball(-1,880060,2,-5.0,3.0,0.0,0.0,0,1.0,1.0,0,0)
DispatchTrackball(-1,880078,2,-1.0,-2.0,0.0,0.0,0,1.0,1.0,0,0)
DispatchPointer(880090,880090,0,279.0,345.0,0.0,0.0,0,1.0,1.0,0,0)
DispatchPointer(880090,880119,1,278.27335,345.3403,0.0,0.0,0,1.0,1.0,0,0)
DispatchPointer(880155,880155,0,227.0,479.0,0.0,0.0,0,1.0,1.0,0,0)
DispatchPointer(880155,880173,1,230.74208,479.4574,0.0,0.0,0,1.0,1.0,0,0)
DispatchKey(880196,880196,0,23,0,0,-1,0)
DispatchKey(880658,880658,1,23,0,0,-1,0)
DispatchTrackball(-1,880850,2,-5.0,4.0,0.0,0.0,0,1.0,1.0,0,0)
DispatchTrackball(-1,880879,2,0.0,1.0,0.0,0.0,0,1.0,1.0,0,0)
DispatchTrackball(-1,880912,2,4.0,1.0,0.0,0.0,0,1.0,1.0,0,0)
DispatchTrackball(-1,880926,2,1.0,-1.0,0.0,0.0,0,1.0,1.0,0,0)
DispatchTrackball(-1,880933,2,2.0,-3.0,0.0,0.0,0,1.0,1.0,0,0)
DispatchTrackball(-1,880980,2,3.0,0.0,0.0,0.0,0,1.0,1.0,0,0)
DispatchTrackball(-1,880996,2,4.0,-2.0,0.0,0.0,0,1.0,1.0,0,0)
DispatchTrackball(-1,881005,2,-1.0,-1.0,0.0,0.0,0,1.0,1.0,0,0)
DispatchTrackball(-1,881024,2,-1.0,-5.0,0.0,0.0,0,1.0,1.0,0,0)
DispatchTrackball(-1,881045,2,1.0,0.0,0.0,0.0,0,1.0,1.0,0,0)
GUIGen(8)
DispatchKey(906896,906896,0,82,0,0,-1,0)
DispatchKey(906908,906908,1,82,0,0,-1,0)
DispatchKey(906966,906966,0,65,0,0,-1,0)
DispatchKey(906993,906993,1,65,0,0,-1,0)
LaunchActivity(com.smorgasbork.hotdeath,com.smorgasbork.hotdeath.Main)
DispatchKey(907326,907326,0,19,0,0,-1,0)
DispatchKey(908318,908318,1,19,0,0,-1,0)
DispatchKey(908398,908398,0,23,0,0,-1,0)
DispatchKey(908627,908627,1,23,0,0,-1,0)
DispatchPointer(908946,908946,0,229.0,722.0,0.0,0.0,0,1.0,1.0,0,0)
DispatchPointer(908946,908969,1,228.21158,722.6526,0.0,0.0,0,1.0,1.0,0,0)
DispatchKey(909599,909599,0,184,0,0,-1,0)
DispatchKey(909614,909614,1,184,0,0,-1,0)
DispatchTrackball(-1,909634,2,2.0,-1.0,0.0,0.0,0,1.0,1.0,0,0)
DispatchTrackball(-1,909681,2,2.0,-4.0,0.0,0.0,0,1.0,1.0,0,0)
DispatchTrackball(-1,909702,2,0.0,-2.0,0.0,0.0,0,1.0,1.0,0,0)
DispatchTrackball(-1,909725,2,4.0,-3.0,0.0,0.0,0,1.0,1.0,0,0)
DispatchTrackball(-1,909739,2,-3.0,0.0,0.0,0.0,0,1.0,1.0,0,0)
DispatchTrackball(-1,909782,2,1.0,0.0,0.0,0.0,0,1.0,1.0,0,0)
DispatchTrackball(-1,909804,2,-3.0,2.0,0.0,0.0,0,1.0,1.0,0,0)
DispatchTrackball(-1,909825,2,-1.0,-4.0,0.0,0.0,0,1.0,1.0,0,0)
DispatchTrackball(-1,909834,2,2.0,-2.0,0.0,0.0,0,1.0,1.0,0,0)
DispatchTrackball(-1,909866,2,3.0,-3.0,0.0,0.0,0,1.0,1.0,0,0)
DispatchTrackball(909634,909877,0,0.0,0.0,0.0,0.0,0,1.0,1.0,0,0)
DispatchTrackball(909634,909892,1,0.0,0.0,0.0,0.0,0,1.0,1.0,0,0)
DispatchTrackball(-1,909909,2,2.0,-1.0,0.0,0.0,0,1.0,1.0,0,0)
DispatchTrackball(-1,909928,2,3.0,1.0,0.0,0.0,0,1.0,1.0,0,0)
DispatchTrackball(-1,909935,2,-4.0,1.0,0.0,0.0,0,1.0,1.0,0,0)
DispatchTrackball(-1,909942,2,-5.0,1.0,0.0,0.0,0,1.0,1.0,0,0)
DispatchTrackball(-1,909947,2,3.0,3.0,0.0,0.0,0,1.0,1.0,0,0)
DispatchTrackball(-1,909963,2,-1.0,4.0,0.0,0.0,0,1.0,1.0,0,0)
DispatchTrackball(-1,909970,2,0.0,4.0,0.0,0.0,0,1.0,1.0,0,0)
DispatchTrackball(-1,910002,2,-4.0,2.0,0.0,0.0,0,1.0,1.0,0,0)
DispatchTrackball(-1,910011,2,-5.0,4.0,0.0,0.0,0,1.0,1.0,0,0)
DispatchTrackball(-1,910020,2,3.0,1.0,0.0,0.0,0,1.0,1.0,0,0)
DispatchPointer(910042,910043,0,58.0,738.0,0.0,0.0,0,1.0,1.0,0,0)
DispatchPointer(910042,910058,2,66.29329,718.01013,0.0,0.0,0,1.0,1.0,0,0)
DispatchPointer(910042,910068,2,67.70226,706.33936,0.0,0.0,0,1.0,1.0,0,0)
DispatchPointer(910042,910084,2,68.688286,695.4763,0.0,0.0,0,1.0,1.0,0,0)
DispatchPointer(910042,910093,2,77.01947,672.5259,0.0,0.0,0,1.0,1.0,0,0)
DispatchPointer(910042,910103,2,78.26519,661.1162,0.0,0.0,0,1.0,1.0,0,0)
DispatchPointer(910042,910132,2,81.187904,645.74475,0.0,0.0,0,1.0,1.0,0,0)
DispatchPointer(910042,910143,2,93.193665,623.574,0.0,0.0,0,1.0,1.0,0,0)
DispatchPointer(910042,910152,1,95.49475,609.22455,0.0,0.0,0,1.0,1.0,0,0)
DispatchPointer(910220,910221,0,352.0,68.0,0.0,0.0,0,1.0,1.0,0,0)
DispatchPointer(910220,910237,1,351.1776,59.631508,0.0,0.0,0,1.0,1.0,0,0)
DispatchKey(910831,910831,0,21,0,0,-1,0)
DispatchKey(910843,910843,1,21,0,0,-1,0)
DispatchPointer(910869,910870,0,232.0,313.0,0.0,0.0,0,1.0,1.0,0,0)
DispatchPointer(910869,910905,1,239.48116,313.7273,0.0,0.0,0,1.0,1.0,0,0)
DispatchTrackball(-1,910918,2,-5.0,1.0,0.0,0.0,0,1.0,1.0,0,0)
DispatchTrackball(-1,910942,2,2.0,-2.0,0.0,0.0,0,1.0,1.0,0,0)
DispatchTrackball(-1,910949,2,-4.0,-5.0,0.0,0.0,0,1.0,1.0,0,0)
DispatchTrackball(-1,910955,2,-1.0,0.0,0.0,0.0,0,1.0,1.0,0,0)
DispatchTrackball(-1,910974,2,0.0,-2.0,0.0,0.0,0,1.0,1.0,0,0)
DispatchTrackball(-1,910981,2,3.0,-1.0,0.0,0.0,0,1.0,1.0,0,0)
DispatchTrackball(-1,910987,2,-1.0,3.0,0.0,0.0,0,1.0,1.0,0,0)
DispatchTrackball(-1,910994,2,4.0,3.0,0.0,0.0,0,1.0,1.0,0,0)
DispatchTrackball(-1,911013,2,-1.0,-4.0,0.0,0.0,0,1.0,1.0,0,0)
DispatchTrackball(-1,911022,2,0.0,4.0,0.0,0.0,0,1.0,1.0,0,0)
DispatchFlip(false)
DispatchKey(916343,916343,1,22,0,0,-1,0)
DispatchTrackball(-1,916472,2,-1.0,-4.0,0.0,0.0,0,1.0,1.0,0,0)
DispatchTrackball(-1,916499,2,3.0,2.0,0.0,0.0,0,1.0,1.0,0,0)
DispatchTrackball(-1,916535,2,1.0,-5.0,0.0,0.0,0,1.0,1.0,0,0)
DispatchTrackball(-1,916581,2,-2.0,1.0,0.0,0.0,0,1.0,1.0,0,0)
DispatchTrackball(-1,916604,2,-1.0,-3.0,0.0,0.0,0,1.0,1.0,0,0)
DispatchTrackball(-1,916610,2,-1.0,2.0,0.0,0.0,0,1.0,1.0,0,0)
DispatchTrackball(-1,916628,2,-4.0,3.0,0.0,0.0,0,1.0,1.0,0,0)
DispatchTrackball(-1,916635,2,4.0,4.0,0.0,0.0,0,1.0,1.0,0,0)
DispatchTrackball(-1,917459,2,-1.0,0.0,0.0,0.0,0,1.0,1.0,0,0)
DispatchTrackball(-1,917483,2,-2.0,-4.0,0.0,0.0,0,1.0,1.0,0,0)
DispatchKey(917489,917489,0,20,0,0,-1,0)
DispatchKey(918080,918080,1,20,0,0,-1,0)
DispatchKey(918133,918133,0,25,0,0,-1,0)
DispatchKey(918297,918297,1,25,0,0,-1,0)
DispatchKey(918445,918445,0,20,0,0,-1,0)
DispatchKey(918485,918485,1,20,0,0,-1,0)
DispatchPointer(918515,918515,0,343.0,183.0,0.0,0.0,0,1.0,1.0,0,0)
DispatchPointer(918515,918545,1,341.27762,168.18982,0.0,0.0,0,1.0,1.0,0,0)
DispatchKey(918568,918568,0,21,0,0,-1,0)
DispatchKey(918594,918594,1,21,0,0,-1,0)
DispatchPointer(918818,918819,0,304.0,309.0,0.0,0.0,0,1.0,1.0,0,0)
DispatchPointer(918818,918872,2,301.538,314.82797,0.0,0.0,0,1.0,1.0,0,0)
DispatchPointer(918818,918890,2,298.75626,316.77216,0.0,0.0,0,1.0,1.0,0,0)
DispatchPointer(918818,918897,2,298.1739,318.492,0.0,0.0,0,1.0,1.0,0,0)
DispatchPointer(918818,918905,2,295.04163,318.92062,0.0,0.0,0,1.0,1.0,0,0)
DispatchPointer(918818,918921,2,292.3106,325.66678,0.0,0.0,0,1.0,1.0,0,0)
DispatchPointer(918818,918949,2,291.1673,327.81863,0.0,0.0,0,1.0,1.0,0,0)
DispatchPointer(918818,918990,1,289.25058,330.4244,0.0,0.0,0,1.0,1.0,0,0)
DispatchKey(919009,919009,0,19,0,0,-1,0)
DispatchKey(919437,919437,1,19,0,0,-1,0)
DispatchKey(919483,919483,0,20,0,0,-1,0)
DispatchKey(919574,919574,1,20,0,0,-1,0)
DispatchKey(919679,919679,0,22,0,0,-1,0)
DispatchKey(919704,919704,1,22,0,0,-1,0)
DispatchTrackball(-1,919772,2,-2.0,-1.0,0.0,0.0,0,1.0,1.0,0,0)
DispatchTrackball(-1,919864,2,0.0,2.0,0.0,0.0,0,1.0,1.0,0,0)
DispatchTrackball(-1,919883,2,-3.0,0.0,0.0,0.0,0,1.0,1.0,0,0)
DispatchTrackball(-1,919889,2,4.0,-5.0,0.0,0.0,0,1.0,1.0,0,0)
DispatchTrackball(-1,919906,2,4.0,-2.0,0.0,0.0,0,1.0,1.0,0,0)
DispatchTrackball(-1,919932,2,2.0,4.0,0.0,0.0,0,1.0,1.0,0,0)
DispatchTrackball(-1,919978,2,-2.0,2.0,0.0,0.0,0,1.0,1.0,0,0)
DispatchTrackball(-1,919985,2,-4.0,3.0,0.0,0.0,0,1.0,1.0,0,0)
DispatchTrackball(-1,920003,2,0.0,-5.0,0.0,0.0,0,1.0,1.0,0,0)
DispatchTrackball(-1,920020,2,1.0,-1.0,0.0,0.0,0,1.0,1.0,0,0)
DispatchKey(920029,920029,0,20,0,0,-1,0)
DispatchKey(920083,920083,1,20,0,0,-1,0)
DispatchKey(920301,920301,0,22,0,0,-1,0)
DispatchKey(920717,920717,1,22,0,0,-1,0)
DispatchKey(920800,920800,0,21,0,0,-1,0)
DispatchKey(920919,920919,1,21,0,0,-1,0)
DispatchKey(921148,921148,0,23,0,0,-1,0)
DispatchKey(921371,921371,1,23,0,0,-1,0)
DispatchPointer(921415,921416,0,255.0,0.0,0.0,0.0,0,1.0,1.0,0,0)
DispatchPointer(921415,921487,1,246.48528,0.0,0.0,0.0,0,1.0,1.0,0,0)
DispatchTrackball(-1,921516,2,0.0,3.0,0.0,0.0,0,1.0,1.0,0,0)
DispatchTrackball(-1,921640,2,-1.0,-5.0,0.0,0.0,0,1.0,1.0,0,0)
DispatchTrackball(-1,921673,2,3.0,1.0,0.0,0.0,0,1.0,1.0,0,0)
DispatchTrackball(-1,921679,2,4.0,-4.0,0.0,0.0,0,1.0,1.0,0,0)
DispatchTrackball(-1,921686,2,-5.0,4.0,0.0,0.0,0,1.0,1.0,0,0)
DispatchTrackball(-1,921703,2,0.0,2.0,0.0,0.0,0,1.0,1.0,0,0)
DispatchTrackball(-1,921723,2,4.0,-5.0,0.0,0.0,0,1.0,1.0,0,0)
DispatchTrackball(-1,921730,2,4.0,-2.0,0.0,0.0,0,1.0,1.0,0,0)
DispatchTrackball(-1,921747,2,3.0,3.0,0.0,0.0,0,1.0,1.0,0,0)
DispatchTrackball(-1,921754,2,3.0,-5.0,0.0,0.0,0,1.0,1.0,0,0)
DispatchKey(921792,921792,0,20,0,0,-1,0)
DispatchKey(921871,921871,1,20,0,0,-1,0)
DispatchTrackball(-1,921914,2,-1.0,2.0,0.0,0.0,0,1.0,1.0,0,0)
DispatchTrackball(-1,921965,2,-4.0,-2.0,0.0,0.0,0,1.0,1.0,0,0)
DispatchTrackball(-1,921985,2,-1.0,-2.0,0.0,0.0,0,1.0,1.0,0,0)
DispatchTrackball(-1,922024,2,1.0,2.0,0.0,0.0,0,1.0,1.0,0,0)
DispatchTrackball(-1,922038,2,3.0,1.0,0.0,0.0,0,1.0,1.0,0,0)
DispatchTrackball(-1,922064,2,0.0,-3.0,0.0,0.0,0,1.0,1.0,0,0)
DispatchTrackball(-1,922083,2,-1.0,-4.0,0.0,0.0,0,1.0,1.0,0,0)
DispatchTrackball(-1,922101,2,-5.0,-1.0,0.0,0.0,0,1.0,1.0,0,0)
DispatchTrackball(-1,922123,2,0.0,-5.0,0.0,0.0,0,1.0,1.0,0,0)
DispatchTrackball(-1,922129,2,2.0,4.0,0.0,0.0,0,1.0,1.0,0,0)
DispatchPointer(922164,922165,0,198.0,548.0,0.0,0.0,0,1.0,1.0,0,0)
DispatchPointer(922164,922209,2,202.98431,561.16986,0.0,0.0,0,1.0,1.0,0,0)
DispatchPointer(922164,922227,2,213.55243,577.19586,0.0,0.0,0,1.0,1.0,0,0)
DispatchPointer(922164,922233,2,221.2639,596.9159,0.0,0.0,0,1.0,1.0,0,0)
DispatchPointer(922164,922239,2,230.66989,604.87085,0.0,0.0,0,1.0,1.0,0,0)
DispatchPointer(922164,922263,2,243.97389,616.19794,0.0,0.0,0,1.0,1.0,0,0)
DispatchPointer(922164,922270,1,261.2286,631.10876,0.0,0.0,0,1.0,1.0,0,0)
DispatchTrackball(-1,922297,2,-5.0,4.0,0.0,0.0,0,1.0,1.0,0,0)
DispatchTrackball(-1,922306,2,2.0,2.0,0.0,0.0,0,1.0,1.0,0,0)
DispatchTrackball(-1,922325,2,4.0,-1.0,0.0,0.0,0,1.0,1.0,0,0)
DispatchTrackball(-1,922330,2,0.0,1.0,0.0,0.0,0,1.0,1.0,0,0)
DispatchTrackball(-1,922345,2,0.0,3.0,0.0,0.0,0,1.0,1.0,0,0)
DispatchTrackball(-1,922362,2,-5.0,4.0,0.0,0.0,0,1.0,1.0,0,0)
DispatchTrackball(-1,922369,2,3.0,-2.0,0.0,0.0,0,1.0,1.0,0,0)
DispatchTrackball(-1,922395,2,1.0,2.0,0.0,0.0,0,1.0,1.0,0,0)
DispatchTrackball(-1,922404,2,1.0,0.0,0.0,0.0,0,1.0,1.0,0,0)
DispatchTrackball(-1,922414,2,-2.0,-5.0,0.0,0.0,0,1.0,1.0,0,0)
DispatchPointer(922445,922446,0,300.0,282.0,0.0,0.0,0,1.0,1.0,0,0)
DispatchPointer(922445,922472,1,301.28604,280.73352,0.0,0.0,0,1.0,1.0,0,0)
DispatchTrackball(-1,922489,2,4.0,1.0,0.0,0.0,0,1.0,1.0,0,0)
DispatchTrackball(-1,922517,2,4.0,4.0,0.0,0.0,0,1.0,1.0,0,0)
DispatchTrackball(-1,922536,2,-2.0,2.0,0.0,0.0,0,1.0,1.0,0,0)
DispatchTrackball(-1,922547,2,-4.0,-4.0,0.0,0.0,0,1.0,1.0,0,0)
DispatchTrackball(-1,922554,2,-1.0,1.0,0.0,0.0,0,1.0,1.0,0,0)
DispatchTrackball(-1,922582,2,-1.0,-5.0,0.0,0.0,0,1.0,1.0,0,0)
DispatchTrackball(-1,922588,2,-4.0,1.0,0.0,0.0,0,1.0,1.0,0,0)
DispatchTrackball(-1,922597,2,-3.0,-5.0,0.0,0.0,0,1.0,1.0,0,0)
DispatchTrackball(-1,922604,2,-1.0,-3.0,0.0,0.0,0,1.0,1.0,0,0)
DispatchTrackball(-1,922609,2,2.0,1.0,0.0,0.0,0,1.0,1.0,0,0)
DispatchKey(922950,922950,0,3,0,0,-1,0)
DispatchKey(922973,922973,1,3,0,0,-1,0)
DispatchPointer(923071,923071,0,476.0,126.0,0.0,0.0,0,1.0,1.0,0,0)
DispatchPointer(923071,923114,1,471.4228,126.6193,0.0,0.0,0,1.0,1.0,0,0)
DispatchKey(923475,923475,1,21,0,0,-1,0)
DispatchPointer(923717,923717,0,92.0,738.0,0.0,0.0,0,1.0,1.0,0,0)
DispatchPointer(923717,923778,1,87.91761,736.55743,0.0,0.0,0,1.0,1.0,0,0)
DispatchPointer(923818,923818,0,106.0,56.0,0.0,0.0,0,1.0,1.0,0,0)
DispatchPointer(923818,923832,2,97.28342,37.865707,0.0,0.0,0,1.0,1.0,0,0)
DispatchPointer(923818,923850,2,84.37138,36.172523,0.0,0.0,0,1.0,1.0,0,0)
DispatchPointer(923818,923866,2,68.99664,32.0007,0.0,0.0,0,1.0,1.0,0,0)
DispatchPointer(923818,923879,1,67.23582,28.99959,0.0,0.0,0,1.0,1.0,0,0)
DispatchPointer(923896,923896,0,398.0,225.0,0.0,0.0,0,1.0,1.0,0,0)
DispatchPointer(923896,923924,1,400.62323,244.05313,0.0,0.0,0,1.0,1.0,0,0)
DispatchKey(940465,940465,0,150,0,0,-1,0)
DispatchKey(940481,940481,1,150,0,0,-1,0)
DispatchPointer(940515,940518,0,383.0,584.0,0.0,0.0,0,1.0,1.0,0,0)
DispatchPointer(940515,940543,2,379.01047,578.1236,0.0,0.0,0,1.0,1.0,0,0)
DispatchPointer(940515,940551,2,374.16592,574.8178,0.0,0.0,0,1.0,1.0,0,0)
DispatchPointer(940515,940559,2,372.6776,574.23804,0.0,0.0,0,1.0,1.0,0,0)
DispatchPointer(940515,940571,2,367.6349,568.2826,0.0,0.0,0,1.0,1.0,0,0)
DispatchPointer(940515,940589,2,366.59738,561.6089,0.0,0.0,0,1.0,1.0,0,0)
DispatchPointer(940515,940604,2,364.9413,555.8466,0.0,0.0,0,1.0,1.0,0,0)
DispatchPointer(940515,940612,1,361.02054,543.8641,0.0,0.0,0,1.0,1.0,0,0)
DispatchKey(940626,940626,0,131,0,0,-1,0)
DispatchKey(940646,940646,1,131,0,0,-1,0)
DispatchKey(940657,940657,0,15,0,0,-1,0)
DispatchKey(940672,940672,1,15,0,0,-1,0)
LaunchActivity(com.smorgasbork.hotdeath,com.smorgasbork.hotdeath.Main)
DispatchKey(940713,940713,0,21,0,0,-1,0)
DispatchKey(940729,940729,1,21,0,0,-1,0)
DispatchPointer(940749,940752,0,346.0,468.0,0.0,0.0,0,1.0,1.0,0,0)
DispatchPointer(940749,940774,261,352.45566,466.59344,0.0,0.0,0,1.0,1.0,0,0)
DispatchPointer(940749,940806,2,355.05484,461.83633,0.0,0.0,0,1.0,1.0,0,0)
DispatchPointer(940749,940819,2,359.59232,456.9393,0.0,0.0,0,1.0,1.0,0,0)
DispatchPointer(940749,940833,2,365.36096,448.5536,0.0,0.0,0,1.0,1.0,0,0)
DispatchPointer(940749,940854,262,371.8376,439.93948,0.0,0.0,0,1.0,1.0,0,0)
DispatchPointer(940749,940864,1,372.6231,426.46738,0.0,0.0,0,1.0,1.0,0,0)
DispatchKey(940889,940889,0,19,0,0,-1,0)
DispatchKey(940905,940905,1,19,0,0,-1,0)
DispatchPointer(940926,940926,0,183.0,462.0,0.0,0.0,0,1.0,1.0,0,0)
DispatchPointer(940926,940943,1,187.23265,441.88992,0.0,0.0,0,1.0,1.0,0,0)
DispatchTrackball(-1,940963,2,-1.0,0.0,0.0,0.0,0,1.0,1.0,0,0)
DispatchTrackball(-1,940976,2,-5.0,4.0,0.0,0.0,0,1.0,1.0,0,0)
DispatchTrackball(-1,940983,2,2.0,3.0,0.0,0.0,0,1.0,1.0,0,0)
DispatchTrackball(-1,940997,2,0.0,3.0,0.0,0.0,0,1.0,1.0,0,0)
DispatchTrackball(-1,941015,2,4.0,-4.0,0.0,0.0,0,1.0,1.0,0,0)
DispatchTrackball(-1,941026,2,-5.0,1.0,0.0,0.0,0,1.0,1.0,0,0)
DispatchTrackball(-1,941075,2,0.0,2.0,0.0,0.0,0,1.0,1.0,0,0)
DispatchTrackball(-1,941094,2,1.0,2.0,0.0,0.0,0,1.0,1.0,0,0)
DispatchTrackball(-1,941113,2,-3.0,-1.0,0.0,0.0,0,1.0,1.0,0,0)
DispatchTrackball(-1,941135,2,-3.0,2.0,0.0,0.0,0,1.0,1.0,0,0)
DispatchTrackball(-1,941157,2,1.0,2.0,0.0,0.0,0,1.0,1.0,0,0)
DispatchTrackball(-1,941194,2,-5.0,-3.0,0.0,0.0,0,1.0,1.0,0,0)
DispatchTrackball(-1,941213,2,1.0,1.0,0.0,0.0,0,1.0,1.0,0,0)
DispatchTrackball(-1,941231,2,3.0,1.0,0.0,0.0,0,1.0,1.0,0,0)
DispatchTrackball(-1,941250,2,1.0,0.0,0.0,0.0,0,1.0,1.0,0,0)
DispatchTrackball(-1,941269,2,-2.0,-1.0,0.0,0.0,0,1.0,1.0,0,0)
DispatchTrackball(-1,941309,2,-2.0,3.0,0.0,0.0,0,1.0,1.0,0,0)
DispatchTrackball(-1,941326,2,-5.0,3.0,0.0,0.0,0,1.0,1.0,0,0)
DispatchTrackball(-1,941342,2,2.0,1.0,0.0,0.0,0,1.0,1.0,0,0)
DispatchTrackball(-1,941353,2,-3.0,2.0,0.0,0.0,0,1.0,1.0,0,0)
DispatchTrackball(-1,941361,2,0.0,2.0,0.0,0.0,0,1.0,1.0,0,0)
DispatchTrackball(-1,941372,2,-1.0,-1.0,0.0,0.0,0,1.0,1.0,0,0)
DispatchTrackball(-1,941378,2,-2.0,-4.0,0.0,0.0,0,1.0,1.0,0,0)
DispatchTrackball(-1,941386,2,-1.0,-5.0,0.0,0.0,0,1.0,1.0,0,0)
DispatchTrackball(-1,941403,2,1.0,1.0,0.0,0.0,0,1.0,1.0,0,0)
DispatchTrackball(-1,941409,2,-2.0,-4.0,0.0,0.0,0,1.0,1.0,0,0)
DispatchTrackball(-1,941436,2,1.0,-2.0,0.0,0.0,0,1.0,1.0,0,0)
DispatchTrackball(-1,941453,2,1.0,0.0,0.0,0.0,0,1.0,1.0,0,0)
DispatchTrackball(-1,941460,2,1.0,1.0,0.0,0.0,0,1.0,1.0,0,0)
DispatchTrackball(-1,941477,2,3.0,-1.0,0.0,0.0,0,1.0,1.0,0,0)
DispatchPointer(941499,941499,0,244.0,374.0,0.0,0.0,0,1.0,1.0,0,0)
DispatchPointer(941499,941542,2,224.095,369.16977,0.0,0.0,0,1.0,1.0,0,0)
DispatchPointer(941499,941558,2,217.54889,356.09308,0.0,0.0,0,1.0,1.0,0,0)
DispatchPointer(941499,941566,2,211.06602,343.15234,0.0,0.0,0,1.0,1.0,0,0)
DispatchPointer(941499,941574,2,201.77028,325.28033,0.0,0.0,0,1.0,1.0,0,0)
DispatchPointer(941499,941588,2,182.98222,311.62183,0.0,0.0,0,1.0,1.0,0,0)
DispatchPointer(941499,941598,2,167.73032,301.1634,0.0,0.0,0,1.0,1.0,0,0)
DispatchPointer(941499,941625,1,165.01833,295.0881,0.0,0.0,0,1.0,1.0,0,0)
DispatchKey(941638,941638,0,82,0,0,-1,0)
DispatchKey(941654,941654,1,82,0,0,-1,0)
DispatchPointer(941688,941688,0,275.0,702.0,0.0,0.0,0,1.0,1.0,0,0)
DispatchPointer(941688,941698,1,275.2614,694.01935,0.0,0.0,0,1.0,1.0,0,0)
DispatchTrackball(-1,941719,2,-3.0,-5.0,0.0,0.0,0,1.0,1.0,0,0)
DispatchTrackball(-1,941752,2,4.0,4.0,0.0,0.0,0,1.0,1.0,0,0)
DispatchTrackball(-1,941759,2,-5.0,0.0,0.0,0.0,0,1.0,1.0,0,0)
DispatchTrackball(-1,941773,2,-4.0,1.0,0.0,0.0,0,1.0,1.0,0,0)
DispatchTrackball(-1,941791,2,3.0,-1.0,0.0,0.0,0,1.0,1.0,0,0)
DispatchTrackball(-1,941799,2,-4.0,-2.0,0.0,0.0,0,1.0,1.0,0,0)
DispatchTrackball(-1,941813,2,-3.0,4.0,0.0,0.0,0,1.0,1.0,0,0)
DispatchTrackball(-1,941819,2,-2.0,-2.0,0.0,0.0,0,1.0,1.0,0,0)
DispatchTrackball(-1,941839,2,-2.0,-3.0,0.0,0.0,0,1.0,1.0,0,0)
DispatchTrackball(-1,941853,2,2.0,2.0,0.0,0.0,0,1.0,1.0,0,0)
DispatchPointer(941867,941868,0,199.0,478.0,0.0,0.0,0,1.0,1.0,0,0)
DispatchPointer(941867,941879,2,198.90248,478.17874,0.0,0.0,0,1.0,1.0,0,0)
DispatchPointer(941867,941900,2,198.88875,480.27322,0.0,0.0,0,1.0,1.0,0,0)
DispatchPointer(941867,941908,1,198.70963,485.43613,0.0,0.0,0,1.0,1.0,0,0)
LaunchActivity(com.smorgasbork.hotdeath,com.smorgasbork.hotdeath.Main)
DispatchKey(941960,941960,0,82,0,0,-1,0)
DispatchKey(941970,941970,1,82,0,0,-1,0)
DispatchTrackball(-1,942043,2,-2.0,-3.0,0.0,0.0,0,1.0,1.0,0,0)
DispatchTrackball(-1,942076,2,2.0,1.0,0.0,0.0,0,1.0,1.0,0,0)
DispatchTrackball(-1,942090,2,1.0,-1.0,0.0,0.0,0,1.0,1.0,0,0)
DispatchTrackball(-1,942117,2,-3.0,-4.0,0.0,0.0,0,1.0,1.0,0,0)
DispatchTrackball(-1,942123,2,-1.0,0.0,0.0,0.0,0,1.0,1.0,0,0)
DispatchTrackball(-1,942128,2,-1.0,2.0,0.0,0.0,0,1.0,1.0,0,0)
DispatchTrackball(-1,942143,2,-2.0,3.0,0.0,0.0,0,1.0,1.0,0,0)
DispatchTrackball(-1,942151,2,1.0,-5.0,0.0,0.0,0,1.0,1.0,0,0)
DispatchTrackball(-1,942157,2,4.0,-2.0,0.0,0.0,0,1.0,1.0,0,0)
DispatchTrackball(-1,942162,2,4.0,0.0,0.0,0.0,0,1.0,1.0,0,0)
DispatchKey(942254,942254,0,82,0,0,-1,0)
DispatchKey(942335,942335,1,82,0,0,-1,0)
DispatchTrackball(-1,942420,2,-3.0,1.0,0.0,0.0,0,1.0,1.0,0,0)
DispatchTrackball(-1,942444,2,1.0,-2.0,0.0,0.0,0,1.0,1.0,0,0)
DispatchTrackball(-1,942461,2,0.0,-3.0,0.0,0.0,0,1.0,1.0,0,0)
DispatchTrackball(-1,942467,2,-2.0,4.0,0.0,0.0,0,1.0,1.0,0,0)
DispatchTrackball(-1,942488,2,0.0,-2.0,0.0,0.0,0,1.0,1.0,0,0)
DispatchTrackball(-1,942494,2,0.0,2.0,0.0,0.0,0,1.0,1.0,0,0)
DispatchTrackball(-1,942500,2,4.0,-2.0,0.0,0.0,0,1.0,1.0,0,0)
DispatchTrackball(-1,942515,2,0.0,-1.0,0.0,0.0,0,1.0,1.0,0,0)
DispatchTrackball(-1,942531,2,1.0,-2.0,0.0,0.0,0,1.0,1.0,0,0)
DispatchTrackball(-1,942539,2,-2.0,3.0,0.0,0.0,0,1.0,1.0,0,0)
DispatchKey(942557,942557,0,19,0,0,-1,0)
DispatchKey(943110,943110,1,19,0,0,-1,0)
