type= raw events
count= -1
speed= 1.0
start data >>
DispatchKey(485667,485667,0,22,0,0,-1,0)
DispatchKey(488407,488407,1,22,0,0,-1,0)
LaunchActivity(com.smorgasbork.hotdeath,com.smorgasbork.hotdeath.Main)
DispatchKey(488492,488492,0,82,0,0,-1,0)
DispatchKey(488663,488663,1,82,0,0,-1,0)
DispatchKey(488709,488709,0,170,0,0,-1,0)
DispatchKey(488929,488929,1,170,0,0,-1,0)
DispatchKey(489029,489029,0,104,0,0,-1,0)
DispatchKey(489064,489064,1,104,0,0,-1,0)
DispatchKey(489079,489079,0,20,0,0,-1,0)
DispatchKey(489133,489133,1,20,0,0,-1,0)
DispatchTrackball(-1,489163,2,-5.0,-5.0,0.0,0.0,0,1.0,1.0,0,0)
DispatchTrackball(-1,489188,2,3.0,2.0,0.0,0.0,0,1.0,1.0,0,0)
DispatchTrackball(-1,489224,2,-2.0,-1.0,0.0,0.0,0,1.0,1.0,0,0)
DispatchTrackball(-1,489239,2,3.0,-4.0,0.0,0.0,0,1.0,1.0,0,0)
DispatchTrackball(-1,489247,2,3.0,-3.0,0.0,0.0,0,1.0,1.0,0,0)
DispatchTrackball(-1,489266,2,-4.0,2.0,0.0,0.0,0,1.0,1.0,0,0)
DispatchTrackball(-1,489275,2,-3.0,3.0,0.0,0.0,0,1.0,1.0,0,0)
DispatchTrackball(-1,489280,2,-5.0,-2.0,0.0,0.0,0,1.0,1.0,0,0)
DispatchTrackball(-1,489298,2,-5.0,-4.0,0.0,0.0,0,1.0,1.0,0,0)
DispatchTrackball(-1,489304,2,3.0,0.0,0.0,0.0,0,1.0,1.0,0,0)
DispatchTrackball(-1,489315,2,-3.0,-5.0,0.0,0.0,0,1.0,1.0,0,0)
DispatchTrackball(-1,489325,2,1.0,-4.0,0.0,0.0,0,1.0,1.0,0,0)
DispatchTrackball(-1,489337,2,4.0,-1.0,0.0,0.0,0,1.0,1.0,0,0)
DispatchTrackball(-1,489362,2,3.0,-1.0,0.0,0.0,0,1.0,1.0,0,0)
DispatchTrackball(-1,489367,2,4.0,1.0,0.0,0.0,0,1.0,1.0,0,0)
DispatchTrackball(-1,489375,2,-3.0,-2.0,0.0,0.0,0,1.0,1.0,0,0)
DispatchTrackball(-1,489394,2,-1.0,1.0,0.0,0.0,0,1.0,1.0,0,0)
DispatchTrackball(-1,489406,2,0.0,-4.0,0.0,0.0,0,1.0,1.0,0,0)
DispatchTrackball(-1,489423,2,-5.0,0.0,0.0,0.0,0,1.0,1.0,0,0)
DispatchTrackball(-1,489429,2,3.0,2.0,0.0,0.0,0,1.0,1.0,0,0)
DispatchFlip(false)
DispatchKey(489454,489454,0,23,0,0,-1,0)
DispatchKey(489517,489517,1,23,0,0,-1,0)
DispatchKey(489551,489551,0,23,0,0,-1,0)
DispatchKey(491744,491744,1,23,0,0,-1,0)
DispatchKey(492952,492952,0,23,0,0,-1,0)
DispatchKey(492976,492976,1,23,0,0,-1,0)
DispatchKey(492999,492999,0,19,0,0,-1,0)
DispatchKey(493026,493026,1,19,0,0,-1,0)
DispatchPointer(493117,493117,0,175.0,475.0,0.0,0.0,0,1.0,1.0,0,0)
DispatchPointer(493117,493139,1,177.07462,476.30768,0.0,0.0,0,1.0,1.0,0,0)
DispatchKey(493164,493164,0,24,0,0,-1,0)
DispatchKey(493706,493706,1,24,0,0,-1,0)
DispatchKey(493775,493775,0,82,0,0,-1,0)
DispatchKey(493886,493886,1,82,0,0,-1,0)
DispatchTrackball(-1,494225,2,2.0,-4.0,0.0,0.0,0,1.0,1.0,0,0)
DispatchTrackball(-1,494238,2,4.0,-1.0,0.0,0.0,0,1.0,1.0,0,0)
DispatchTrackball(-1,494269,2,-3.0,2.0,0.0,0.0,0,1.0,1.0,0,0)
DispatchTrackball(-1,494276,2,-5.0,0.0,0.0,0.0,0,1.0,1.0,0,0)
DispatchTrackball(-1,494293,2,-5.0,-1.0,0.0,0.0,0,1.0,1.0,0,0)
DispatchTrackball(-1,494301,2,-4.0,-3.0,0.0,0.0,0,1.0,1.0,0,0)
DispatchTrackball(-1,494317,2,3.0,2.0,0.0,0.0,0,1.0,1.0,0,0)
DispatchTrackball(-1,494335,2,1.0,-2.0,0.0,0.0,0,1.0,1.0,0,0)
DispatchTrackball(-1,494345,2,-1.0,0.0,0.0,0.0,0,1.0,1.0,0,0)
DispatchTrackball(-1,494373,2,4.0,-1.0,0.0,0.0,0,1.0,1.0,0,0)
DispatchKey(494391,494391,0,82,0,0,-1,0)
DispatchKey(494719,494719,1,82,0,0,-1,0)
DispatchPointer(494906,494907,0,153.0,351.0,0.0,0.0,0,1.0,1.0,0,0)
DispatchPointer(494906,494946,1,156.1174,344.79788,0.0,0.0,0,1.0,1.0,0,0)
DispatchKey(494977,494977,0,23,0,0,-1,0)
DispatchKey(495024,495024,1,23,0,0,-1,0)
DispatchPointer(495054,495054,0,106.0,553.0,0.0,0.0,0,1.0,1.0,0,0)
DispatchPointer(495054,495091,1,93.02031,546.16064,0.0,0.0,0,1.0,1.0,0,0)
DispatchTrackball(-1,495115,2,4.0,-3.0,0.0,0.0,0,1.0,1.0,0,0)
DispatchTrackball(-1,495140,2,0.0,2.0,0.0,0.0,0,1.0,1.0,0,0)
DispatchTrackball(-1,495161,2,3.0,1.0,0.0,0.0,0,1.0,1.0,0,0)
DispatchTrackball(-1,495168,2,-1.0,-2.0,0.0,0.0,0,1.0,1.0,0,0)
DispatchTrackball(-1,495175,2,4.0,-1.0,0.0,0.0,0,1.0,1.0,0,0)
DispatchTrackball(-1,495193,2,0.0,-5.0,0.0,0.0,0,1.0,1.0,0,0)
DispatchTrackball(-1,495211,2,0.0,-1.0,0.0,0.0,0,1.0,1.0,0,0)
DispatchTrackball(-1,495219,2,-5.0,4.0,0.0,0.0,0,1.0,1.0,0,0)
DispatchTrackball(-1,495238,2,-4.0,4.0,0.0,0.0,0,1.0,1.0,0,0)
DispatchTrackball(-1,495272,2,-4.0,-1.0,0.0,0.0,0,1.0,1.0,0,0)
DispatchPointer(495298,495298,0,386.0,427.0,0.0,0.0,0,1.0,1.0,0,0)
DispatchPointer(495298,495314,1,384.6633,413.3917,0.0,0.0,0,1.0,1.0,0,0)
DispatchKey(495344,495344,0,22,0,0,-1,0)
DispatchKey(495517,495517,1,22,0,0,-1,0)
DispatchPointer(495572,495575,0,152.0,337.0,0.0,0.0,0,1.0,1.0,0,0)
DispatchPointer(495572,495602,1,152.77014,343.74765,0.0,0.0,0,1.0,1.0,0,0)
DispatchKey(495621,495621,0,119,0,0,-1,0)
DispatchKey(495765,495765,1,119,0,0,-1,0)
DispatchPointer(495792,495792,0,10.0,151.0,0.0,0.0,0,1.0,1.0,0,0)
DispatchPointer(495792,495855,1,11.688362,144.34344,0.0,0.0,0,1.0,1.0,0,0)
DispatchTrackball(-1,495879,2,-4.0,2.0,0.0,0.0,0,1.0,1.0,0,0)
DispatchTrackball(-1,495911,2,2.0,-5.0,0.0,0.0,0,1.0,1.0,0,0)
DispatchTrackball(-1,495920,2,-2.0,1.0,0.0,0.0,0,1.0,1.0,0,0)
DispatchTrackball(-1,495939,2,-2.0,2.0,0.0,0.0,0,1.0,1.0,0,0)
DispatchTrackball(-1,496014,2,-5.0,-5.0,0.0,0.0,0,1.0,1.0,0,0)
DispatchTrackball(-1,496022,2,3.0,2.0,0.0,0.0,0,1.0,1.0,0,0)
DispatchTrackball(-1,496029,2,-4.0,-1.0,0.0,0.0,0,1.0,1.0,0,0)
DispatchTrackball(-1,496078,2,-3.0,3.0,0.0,0.0,0,1.0,1.0,0,0)
DispatchTrackball(-1,496087,2,2.0,-3.0,0.0,0.0,0,1.0,1.0,0,0)
DispatchTrackball(-1,496099,2,-3.0,-4.0,0.0,0.0,0,1.0,1.0,0,0)
DispatchTrackball(-1,496113,2,0.0,1.0,0.0,0.0,0,1.0,1.0,0,0)
DispatchTrackball(-1,496127,2,4.0,-3.0,0.0,0.0,0,1.0,1.0,0,0)
DispatchTrackball(-1,496137,2,-5.0,3.0,0.0,0.0,0,1.0,1.0,0,0)
DispatchTrackball(-1,496148,2,-5.0,2.0,0.0,0.0,0,1.0,1.0,0,0)
DispatchTrackball(-1,496157,2,-3.0,0.0,0.0,0.0,0,1.0,1.0,0,0)
DispatchTrackball(-1,496203,2,-2.0,4.0,0.0,0.0,0,1.0,1.0,0,0)
DispatchTrackball(-1,496223,2,-5.0,0.0,0.0,0.0,0,1.0,1.0,0,0)
DispatchTrackball(-1,496239,2,2.0,-4.0,0.0,0.0,0,1.0,1.0,0,0)
DispatchTrackball(-1,496258,2,-2.0,-5.0,0.0,0.0,0,1.0,1.0,0,0)
DispatchTrackball(-1,496265,2,0.0,-2.0,0.0,0.0,0,1.0,1.0,0,0)
DispatchTrackball(-1,496281,2,4.0,1.0,0.0,0.0,0,1.0,1.0,0,0)
DispatchTrackball(-1,496296,2,3.0,-5.0,0.0,0.0,0,1.0,1.0,0,0)
DispatchTrackball(-1,496305,2,1.0,-5.0,0.0,0.0,0,1.0,1.0,0,0)
DispatchTrackball(-1,496323,2,-4.0,-3.0,0.0,0.0,0,1.0,1.0,0,0)
DispatchTrackball(-1,496342,2,2.0,0.0,0.0,0.0,0,1.0,1.0,0,0)
DispatchTrackball(-1,496350,2,4.0,-1.0,0.0,0.0,0,1.0,1.0,0,0)
DispatchTrackball(-1,496367,2,-4.0,1.0,0.0,0.0,0,1.0,1.0,0,0)
DispatchTrackball(-1,496374,2,2.0,4.0,0.0,0.0,0,1.0,1.0,0,0)
DispatchTrackball(-1,496382,2,-5.0,-3.0,0.0,0.0,0,1.0,1.0,0,0)
DispatchTrackball(-1,496401,2,3.0,1.0,0.0,0.0,0,1.0,1.0,0,0)
GUIGen(7)
DispatchTrackball(-1,521535,2,-5.0,-3.0,0.0,0.0,0,1.0,1.0,0,0)
DispatchTrackball(-1,521561,2,1.0,-4.0,0.0,0.0,0,1.0,1.0,0,0)
DispatchTrackball(-1,521576,2,-5.0,1.0,0.0,0.0,0,1.0,1.0,0,0)
DispatchTrackball(-1,521587,2,1.0,0.0,0.0,0.0,0,1.0,1.0,0,0)
DispatchTrackball(-1,521603,2,-4.0,-3.0,0.0,0.0,0,1.0,1.0,0,0)
DispatchTrackball(-1,521611,2,-1.0,-2.0,0.0,0.0,0,1.0,1.0,0,0)
DispatchTrackball(-1,521618,2,1.0,-4.0,0.0,0.0,0,1.0,1.0,0,0)
DispatchTrackball(-1,521628,2,-1.0,-2.0,0.0,0.0,0,1.0,1.0,0,0)
DispatchTrackball(-1,521635,2,2.0,3.0,0.0,0.0,0,1.0,1.0,0,0)
DispatchTrackball(-1,521653,2,-3.0,0.0,0.0,0.0,0,1.0,1.0,0,0)
DispatchTrackball(-1,521671,2,0.0,-3.0,0.0,0.0,0,1.0,1.0,0,0)
DispatchTrackball(-1,521698,2,-5.0,0.0,0.0,0.0,0,1.0,1.0,0,0)
DispatchTrackball(-1,521720,2,-1.0,4.0,0.0,0.0,0,1.0,1.0,0,0)
DispatchTrackball(-1,521729,2,-4.0,-2.0,0.0,0.0,0,1.0,1.0,0,0)
DispatchTrackball(-1,521747,2,-2.0,3.0,0.0,0.0,0,1.0,1.0,0,0)
DispatchTrackball(-1,521754,2,1.0,-2.0,0.0,0.0,0,1.0,1.0,0,0)
DispatchTrackball(-1,521774,2,-1.0,3.0,0.0,0.0,0,1.0,1.0,0,0)
DispatchTrackball(-1,521794,2,1.0,1.0,0.0,0.0,0,1.0,1.0,0,0)
DispatchTrackball(-1,521814,2,2.0,-1.0,0.0,0.0,0,1.0,1.0,0,0)
DispatchTrackball(-1,521833,2,1.0,-1.0,0.0,0.0,0,1.0,1.0,0,0)
DispatchTrackball(-1,521851,2,4.0,2.0,0.0,0.0,0,1.0,1.0,0,0)
DispatchTrackball(-1,521925,2,3.0,1.0,0.0,0.0,0,1.0,1.0,0,0)
DispatchTrackball(-1,521959,2,1.0,1.0,0.0,0.0,0,1.0,1.0,0,0)
DispatchTrackball(-1,521986,2,4.0,2.0,0.0,0.0,0,1.0,1.0,0,0)
DispatchTrackball(-1,522003,2,-3.0,3.0,0.0,0.0,0,1.0,1.0,0,0)
DispatchTrackball(-1,522012,2,-5.0,0.0,0.0,0.0,0,1.0,1.0,0,0)
DispatchTrackball(-1,522031,2,4.0,-2.0,0.0,0.0,0,1.0,1.0,0,0)
DispatchTrackball(-1,522046,2,-4.0,-5.0,0.0,0.0,0,1.0,1.0,0,0)
DispatchTrackball(-1,522055,2,1.0,0.0,0.0,0.0,0,1.0,1.0,0,0)
DispatchTrackball(-1,522070,2,1.0,-2.0,0.0,0.0,0,1.0,1.0,0,0)
DispatchKey(522076,522076,0,25,0,0,-1,0)
DispatchKey(522235,522235,1,25,0,0,-1,0)
DispatchKey(522369,522369,0,20,0,0,-1,0)
DispatchKey(522393,522393,1,20,0,0,-1,0)
DispatchTrackball(-1,522438,2,-5.0,2.0,0.0,0.0,0,1.0,1.0,0,0)
DispatchTrackball(-1,522448,2,3.0,1.0,0.0,0.0,0,1.0,1.0,0,0)
DispatchTrackball(-1,522456,2,4.0,3.0,0.0,0.0,0,1.0,1.0,0,0)
DispatchTrackball(-1,522541,2,-1.0,0.0,0.0,0.0,0,1.0,1.0,0,0)
DispatchTrackball(-1,522555,2,1.0,-2.0,0.0,0.0,0,1.0,1.0,0,0)
DispatchTrackball(-1,522565,2,-4.0,-4.0,0.0,0.0,0,1.0,1.0,0,0)
DispatchTrackball(-1,522583,2,-3.0,3.0,0.0,0.0,0,1.0,1.0,0,0)
DispatchTrackball(-1,522596,2,-4.0,2.0,0.0,0.0,0,1.0,1.0,0,0)
DispatchTrackball(-1,522607,2,1.0,1.0,0.0,0.0,0,1.0,1.0,0,0)
DispatchTrackball(-1,522645,2,-2.0,-3.0,0.0,0.0,0,1.0,1.0,0,0)
DispatchTrackball(522437,522664,0,0.0,0.0,0.0,0.0,0,1.0,1.0,0,0)
DispatchTrackball(522437,522698,1,0.0,0.0,0.0,0.0,0,1.0,1.0,0,0)
GUIGen(7)
DispatchTrackball(-1,546462,2,-3.0,-2.0,0.0,0.0,0,1.0,1.0,0,0)
DispatchTrackball(-1,546487,2,0.0,3.0,0.0,0.0,0,1.0,1.0,0,0)
DispatchTrackball(-1,546503,2,4.0,3.0,0.0,0.0,0,1.0,1.0,0,0)
DispatchTrackball(-1,546521,2,-2.0,-1.0,0.0,0.0,0,1.0,1.0,0,0)
DispatchTrackball(-1,546530,2,-2.0,2.0,0.0,0.0,0,1.0,1.0,0,0)
DispatchTrackball(-1,546547,2,-4.0,1.0,0.0,0.0,0,1.0,1.0,0,0)
DispatchTrackball(-1,546564,2,3.0,-5.0,0.0,0.0,0,1.0,1.0,0,0)
DispatchTrackball(-1,546577,2,0.0,0.0,0.0,0.0,0,1.0,1.0,0,0)
DispatchTrackball(-1,546629,2,-1.0,-3.0,0.0,0.0,0,1.0,1.0,0,0)
DispatchTrackball(-1,546637,2,-3.0,4.0,0.0,0.0,0,1.0,1.0,0,0)
DispatchKey(546653,546653,0,82,0,0,-1,0)
DispatchKey(546888,546888,1,82,0,0,-1,0)
DispatchPointer(547117,547117,0,305.0,219.0,0.0,0.0,0,1.0,1.0,0,0)
DispatchPointer(547117,547130,1,302.60727,222.29298,0.0,0.0,0,1.0,1.0,0,0)
DispatchPointer(547225,547225,0,257.0,415.0,0.0,0.0,0,1.0,1.0,0,0)
DispatchPointer(547225,547239,1,249.44101,415.34793,0.0,0.0,0,1.0,1.0,0,0)
GUIGen(5)
DispatchKey(560037,560037,0,4,0,0,-1,0)
DispatchKey(560117,560117,1,4,0,0,-1,0)
DispatchPointer(560280,560280,0,3.0,32.0,0.0,0.0,0,1.0,1.0,0,0)
DispatchPointer(560280,560390,1,0.4249258,32.089256,0.0,0.0,0,1.0,1.0,0,0)
DispatchKey(560477,560477,0,21,0,0,-1,0)
DispatchKey(560587,560587,1,21,0,0,-1,0)
DispatchPointer(560680,560691,0,479.0,186.0,0.0,0.0,0,1.0,1.0,0,0)
DispatchPointer(560680,560717,261,478.70087,178.60187,0.0,0.0,0,1.0,1.0,0,0)
DispatchPointer(560680,560734,2,478.37363,164.7628,0.0,0.0,0,1.0,1.0,0,0)
DispatchPointer(560680,560750,262,478.22354,159.53406,0.0,0.0,0,1.0,1.0,0,0)
DispatchPointer(560680,560759,1,478.18997,151.01257,0.0,0.0,0,1.0,1.0,0,0)
DispatchTrackball(-1,560786,2,-1.0,-3.0,0.0,0.0,0,1.0,1.0,0,0)
DispatchTrackball(-1,560813,2,1.0,2.0,0.0,0.0,0,1.0,1.0,0,0)
DispatchTrackball(-1,560824,2,3.0,-1.0,0.0,0.0,0,1.0,1.0,0,0)
DispatchTrackball(-1,560842,2,0.0,2.0,0.0,0.0,0,1.0,1.0,0,0)
DispatchTrackball(-1,560863,2,-5.0,2.0,0.0,0.0,0,1.0,1.0,0,0)
DispatchTrackball(-1,560883,2,-4.0,-5.0,0.0,0.0,0,1.0,1.0,0,0)
DispatchTrackball(-1,560892,2,-3.0,0.0,0.0,0.0,0,1.0,1.0,0,0)
DispatchTrackball(-1,560910,2,-2.0,3.0,0.0,0.0,0,1.0,1.0,0,0)
DispatchTrackball(-1,560918,2,-1.0,4.0,0.0,0.0,0,1.0,1.0,0,0)
DispatchTrackball(-1,560929,2,4.0,-3.0,0.0,0.0,0,1.0,1.0,0,0)
DispatchPointer(560969,560969,0,463.0,118.0,0.0,0.0,0,1.0,1.0,0,0)
DispatchPointer(560969,561012,1,454.94495,118.429115,0.0,0.0,0,1.0,1.0,0,0)
DispatchTrackball(-1,561027,2,0.0,-1.0,0.0,0.0,0,1.0,1.0,0,0)
DispatchTrackball(-1,561051,2,2.0,4.0,0.0,0.0,0,1.0,1.0,0,0)
DispatchTrackball(-1,561056,2,-4.0,-4.0,0.0,0.0,0,1.0,1.0,0,0)
DispatchTrackball(-1,561075,2,2.0,1.0,0.0,0.0,0,1.0,1.0,0,0)
DispatchTrackball(-1,561094,2,-2.0,3.0,0.0,0.0,0,1.0,1.0,0,0)
DispatchTrackball(-1,561111,2,-4.0,3.0,0.0,0.0,0,1.0,1.0,0,0)
DispatchTrackball(-1,561118,2,-5.0,-5.0,0.0,0.0,0,1.0,1.0,0,0)
DispatchTrackball(-1,561126,2,-2.0,-2.0,0.0,0.0,0,1.0,1.0,0,0)
DispatchTrackball(-1,561152,2,0.0,-1.0,0.0,0.0,0,1.0,1.0,0,0)
DispatchTrackball(-1,561189,2,-1.0,2.0,0.0,0.0,0,1.0,1.0,0,0)
LaunchActivity(com.smorgasbork.hotdeath,com.smorgasbork.hotdeath.Main)
DispatchPointer(561261,561262,0,462.0,238.0,0.0,0.0,0,1.0,1.0,0,0)
DispatchPointer(561261,561289,261,461.18243,235.67984,0.0,0.0,0,1.0,1.0,0,0)
DispatchPointer(561261,561314,262,454.31906,232.50441,0.0,0.0,0,1.0,1.0,0,0)
DispatchPointer(561261,561319,1,434.28162,231.90321,0.0,0.0,0,1.0,1.0,0,0)
DispatchKey(561364,561364,0,20,0,0,-1,0)
DispatchKey(561454,561454,1,20,0,0,-1,0)
DispatchKey(561615,561615,0,21,0,0,-1,0)
DispatchKey(561625,561625,1,21,0,0,-1,0)
DispatchPointer(561683,561683,0,387.0,401.0,0.0,0.0,0,1.0,1.0,0,0)
DispatchPointer(561683,561695,1,372.12177,418.5871,0.0,0.0,0,1.0,1.0,0,0)
DispatchKey(561758,561758,0,19,0,0,-1,0)
DispatchKey(561825,561825,1,19,0,0,-1,0)
DispatchKey(561885,561885,0,82,0,0,-1,0)
DispatchKey(561987,561987,1,82,0,0,-1,0)
DispatchTrackball(-1,562020,2,3.0,-4.0,0.0,0.0,0,1.0,1.0,0,0)
DispatchTrackball(-1,562037,2,3.0,1.0,0.0,0.0,0,1.0,1.0,0,0)
DispatchTrackball(-1,562048,2,2.0,0.0,0.0,0.0,0,1.0,1.0,0,0)
DispatchTrackball(-1,562069,2,1.0,-5.0,0.0,0.0,0,1.0,1.0,0,0)
DispatchTrackball(-1,562090,2,1.0,-4.0,0.0,0.0,0,1.0,1.0,0,0)
DispatchTrackball(-1,562098,2,1.0,-1.0,0.0,0.0,0,1.0,1.0,0,0)
DispatchTrackball(-1,562106,2,4.0,2.0,0.0,0.0,0,1.0,1.0,0,0)
DispatchTrackball(-1,562113,2,-5.0,3.0,0.0,0.0,0,1.0,1.0,0,0)
DispatchTrackball(-1,562119,2,-4.0,-3.0,0.0,0.0,0,1.0,1.0,0,0)
DispatchTrackball(-1,562129,2,0.0,-5.0,0.0,0.0,0,1.0,1.0,0,0)
DispatchTrackball(-1,562170,2,-3.0,2.0,0.0,0.0,0,1.0,1.0,0,0)
DispatchTrackball(-1,562205,2,-4.0,-3.0,0.0,0.0,0,1.0,1.0,0,0)
DispatchTrackball(-1,562215,2,-2.0,2.0,0.0,0.0,0,1.0,1.0,0,0)
DispatchTrackball(-1,562228,2,2.0,1.0,0.0,0.0,0,1.0,1.0,0,0)
DispatchTrackball(-1,562256,2,-2.0,-4.0,0.0,0.0,0,1.0,1.0,0,0)
DispatchTrackball(-1,562283,2,-2.0,-3.0,0.0,0.0,0,1.0,1.0,0,0)
DispatchTrackball(-1,562290,2,2.0,1.0,0.0,0.0,0,1.0,1.0,0,0)
DispatchTrackball(-1,562304,2,-5.0,0.0,0.0,0.0,0,1.0,1.0,0,0)
DispatchTrackball(-1,562341,2,1.0,-2.0,0.0,0.0,0,1.0,1.0,0,0)
DispatchTrackball(-1,562351,2,-3.0,0.0,0.0,0.0,0,1.0,1.0,0,0)
DispatchKey(562359,562359,0,144,0,0,-1,0)
DispatchKey(562561,562561,1,144,0,0,-1,0)
DispatchPointer(562599,562599,0,218.0,133.0,0.0,0.0,0,1.0,1.0,0,0)
DispatchPointer(562599,562652,1,229.71263,125.68641,0.0,0.0,0,1.0,1.0,0,0)
DispatchKey(562667,562667,0,150,0,0,-1,0)
DispatchKey(562992,562992,1,150,0,0,-1,0)
DispatchKey(563039,563039,0,19,0,0,-1,0)
DispatchKey(563060,563060,1,19,0,0,-1,0)
DispatchKey(563088,563088,0,21,0,0,-1,0)
DispatchKey(563126,563126,1,21,0,0,-1,0)
DispatchTrackball(-1,563138,2,-4.0,-2.0,0.0,0.0,0,1.0,1.0,0,0)
DispatchTrackball(-1,563149,2,1.0,-1.0,0.0,0.0,0,1.0,1.0,0,0)
DispatchTrackball(-1,563182,2,-1.0,-5.0,0.0,0.0,0,1.0,1.0,0,0)
DispatchTrackball(-1,563211,2,2.0,-5.0,0.0,0.0,0,1.0,1.0,0,0)
DispatchTrackball(-1,563227,2,1.0,2.0,0.0,0.0,0,1.0,1.0,0,0)
DispatchTrackball(-1,563330,2,2.0,-2.0,0.0,0.0,0,1.0,1.0,0,0)
DispatchTrackball(-1,563365,2,2.0,-3.0,0.0,0.0,0,1.0,1.0,0,0)
DispatchTrackball(-1,563383,2,0.0,-5.0,0.0,0.0,0,1.0,1.0,0,0)
DispatchTrackball(-1,563413,2,4.0,-1.0,0.0,0.0,0,1.0,1.0,0,0)
DispatchTrackball(-1,563423,2,4.0,3.0,0.0,0.0,0,1.0,1.0,0,0)
DispatchKey(563435,563435,0,82,0,0,-1,0)
DispatchKey(563743,563743,1,82,0,0,-1,0)
DispatchPointer(563797,563798,0,205.0,1.0,0.0,0.0,0,1.0,1.0,0,0)
DispatchPointer(563797,563828,2,195.90509,14.10071,0.0,0.0,0,1.0,1.0,0,0)
DispatchPointer(563797,563842,2,191.57356,29.647224,0.0,0.0,0,1.0,1.0,0,0)
DispatchPointer(563797,563872,2,183.1631,30.356533,0.0,0.0,0,1.0,1.0,0,0)
DispatchPointer(563797,563893,2,175.25406,45.2706,0.0,0.0,0,1.0,1.0,0,0)
DispatchPointer(563797,563933,1,164.9348,48.172688,0.0,0.0,0,1.0,1.0,0,0)
DispatchFlip(true)
DispatchPointer(564017,564017,0,49.0,217.0,0.0,0.0,0,1.0,1.0,0,0)
DispatchPointer(564017,564051,1,68.308205,215.27818,0.0,0.0,0,1.0,1.0,0,0)
DispatchPointer(564092,564092,0,144.0,505.0,0.0,0.0,0,1.0,1.0,0,0)
DispatchPointer(564092,564123,1,140.29239,509.50467,0.0,0.0,0,1.0,1.0,0,0)
DispatchKey(564152,564152,0,23,0,0,-1,0)
DispatchKey(564522,564522,1,23,0,0,-1,0)
DispatchPointer(564588,564588,0,409.0,777.0,0.0,0.0,0,1.0,1.0,0,0)
DispatchPointer(564588,564624,1,400.4645,782.23083,0.0,0.0,0,1.0,1.0,0,0)
DispatchKey(564673,564673,0,23,0,0,-1,0)
DispatchKey(564780,564780,1,23,0,0,-1,0)
LaunchActivity(com.smorgasbork.hotdeath,com.smorgasbork.hotdeath.Main)
DispatchKey(564942,564942,0,23,0,0,-1,0)
DispatchKey(564957,564957,1,23,0,0,-1,0)
DispatchPointer(565242,565242,0,451.0,511.0,0.0,0.0,0,1.0,1.0,0,0)
DispatchPointer(565242,565255,1,451.4304,512.9224,0.0,0.0,0,1.0,1.0,0,0)
DispatchKey(565353,565353,0,118,0,0,-1,0)
DispatchKey(565368,565368,1,118,0,0,-1,0)
DispatchPointer(565450,565460,0,333.0,430.0,0.0,0.0,0,1.0,1.0,0,0)
DispatchPointer(565450,565477,2,338.63644,428.16336,0.0,0.0,0,1.0,1.0,0,0)
DispatchPointer(565450,565485,2,340.7037,427.4159,0.0,0.0,0,1.0,1.0,0,0)
DispatchPointer(565450,565505,1,356.71646,425.80002,0.0,0.0,0,1.0,1.0,0,0)
DispatchKey(565542,565542,0,22,0,0,-1,0)
DispatchKey(565555,565555,1,22,0,0,-1,0)
DispatchPointer(565971,565971,0,29.0,584.0,0.0,0.0,0,1.0,1.0,0,0)
DispatchPointer(565971,565989,2,31.56191,601.06055,0.0,0.0,0,1.0,1.0,0,0)
DispatchPointer(565971,566010,1,32.96972,622.33167,0.0,0.0,0,1.0,1.0,0,0)
DispatchTrackball(-1,566086,2,1.0,1.0,0.0,0.0,0,1.0,1.0,0,0)
DispatchTrackball(-1,566113,2,-1.0,-5.0,0.0,0.0,0,1.0,1.0,0,0)
DispatchTrackball(-1,566124,2,-5.0,3.0,0.0,0.0,0,1.0,1.0,0,0)
DispatchTrackball(-1,566140,2,0.0,4.0,0.0,0.0,0,1.0,1.0,0,0)
DispatchTrackball(-1,566150,2,-1.0,-2.0,0.0,0.0,0,1.0,1.0,0,0)
DispatchTrackball(-1,566172,2,-1.0,-4.0,0.0,0.0,0,1.0,1.0,0,0)
DispatchTrackball(-1,566179,2,-1.0,-1.0,0.0,0.0,0,1.0,1.0,0,0)
DispatchTrackball(-1,566197,2,1.0,0.0,0.0,0.0,0,1.0,1.0,0,0)
DispatchTrackball(-1,566223,2,2.0,-3.0,0.0,0.0,0,1.0,1.0,0,0)
DispatchTrackball(-1,566232,2,4.0,-4.0,0.0,0.0,0,1.0,1.0,0,0)
DispatchKey(566259,566259,0,82,0,0,-1,0)
DispatchKey(566781,566781,1,82,0,0,-1,0)
DispatchPointer(567436,567436,0,400.0,277.0,0.0,0.0,0,1.0,1.0,0,0)
DispatchPointer(567436,567501,1,403.5492,292.95282,0.0,0.0,0,1.0,1.0,0,0)
DispatchKey(567534,567534,0,179,0,0,-1,0)
DispatchKey(567684,567684,1,179,0,0,-1,0)
DispatchPointer(567815,567816,0,158.0,685.0,0.0,0.0,0,1.0,1.0,0,0)
DispatchPointer(567815,567829,1,160.02995,677.5375,0.0,0.0,0,1.0,1.0,0,0)
DispatchPointer(567891,567892,0,377.0,265.0,0.0,0.0,0,1.0,1.0,0,0)
DispatchPointer(567891,567925,2,399.62827,258.57993,0.0,0.0,0,1.0,1.0,0,0)
DispatchPointer(567891,567942,2,409.21005,254.12897,0.0,0.0,0,1.0,1.0,0,0)
DispatchPointer(567891,567962,2,409.70297,251.7585,0.0,0.0,0,1.0,1.0,0,0)
DispatchPointer(567891,567981,2,425.0828,245.11732,0.0,0.0,0,1.0,1.0,0,0)
DispatchPointer(567891,567993,2,448.99286,240.72418,0.0,0.0,0,1.0,1.0,0,0)
DispatchPointer(567891,568011,2,460.25516,235.1448,0.0,0.0,0,1.0,1.0,0,0)
DispatchPointer(567891,568030,2,477.35977,230.91434,0.0,0.0,0,1.0,1.0,0,0)
DispatchPointer(567891,568050,1,478.36853,223.34042,0.0,0.0,0,1.0,1.0,0,0)
DispatchKey(568085,568085,0,23,0,0,-1,0)
DispatchKey(568104,568104,1,23,0,0,-1,0)
DispatchKey(569248,569248,0,25,0,0,-1,0)
DispatchKey(569510,569510,1,25,0,0,-1,0)
DispatchKey(570160,570160,0,23,0,0,-1,0)
DispatchKey(570641,570641,1,23,0,0,-1,0)
DispatchTrackball(-1,571807,2,3.0,2.0,0.0,0.0,0,1.0,1.0,0,0)
DispatchTrackball(-1,571860,2,0.0,-4.0,0.0,0.0,0,1.0,1.0,0,0)
DispatchTrackball(-1,571905,2,1.0,-3.0,0.0,0.0,0,1.0,1.0,0,0)
DispatchTrackball(-1,571923,2,-1.0,0.0,0.0,0.0,0,1.0,1.0,0,0)
DispatchTrackball(-1,571936,2,-4.0,0.0,0.0,0.0,0,1.0,1.0,0,0)
DispatchTrackball(-1,571944,2,4.0,-2.0,0.0,0.0,0,1.0,1.0,0,0)
DispatchTrackball(-1,571963,2,-4.0,-2.0,0.0,0.0,0,1.0,1.0,0,0)
DispatchTrackball(-1,571973,2,3.0,0.0,0.0,0.0,0,1.0,1.0,0,0)
DispatchTrackball(-1,572014,2,2.0,1.0,0.0,0.0,0,1.0,1.0,0,0)
DispatchTrackball(-1,572080,2,-4.0,0.0,0.0,0.0,0,1.0,1.0,0,0)
DispatchTrackball(-1,572107,2,4.0,-5.0,0.0,0.0,0,1.0,1.0,0,0)
DispatchTrackball(-1,572149,2,-5.0,-1.0,0.0,0.0,0,1.0,1.0,0,0)
DispatchTrackball(-1,572176,2,0.0,-1.0,0.0,0.0,0,1.0,1.0,0,0)
DispatchTrackball(-1,572199,2,-5.0,-4.0,0.0,0.0,0,1.0,1.0,0,0)
DispatchTrackball(-1,572216,2,0.0,1.0,0.0,0.0,0,1.0,1.0,0,0)
DispatchTrackball(-1,572245,2,-1.0,-1.0,0.0,0.0,0,1.0,1.0,0,0)
DispatchTrackball(-1,572265,2,-5.0,-3.0,0.0,0.0,0,1.0,1.0,0,0)
DispatchTrackball(-1,572285,2,-4.0,1.0,0.0,0.0,0,1.0,1.0,0,0)
DispatchTrackball(-1,572315,2,3.0,2.0,0.0,0.0,0,1.0,1.0,0,0)
DispatchTrackball(-1,572330,2,0.0,2.0,0.0,0.0,0,1.0,1.0,0,0)
DispatchTrackball(572107,572365,0,0.0,0.0,0.0,0.0,0,1.0,1.0,0,0)
DispatchTrackball(572107,572373,1,0.0,0.0,0.0,0.0,0,1.0,1.0,0,0)
DispatchKey(572459,572459,0,82,0,0,-1,0)
DispatchKey(572594,572594,1,82,0,0,-1,0)
DispatchKey(572950,572950,0,19,0,0,-1,0)
DispatchKey(573139,573139,1,19,0,0,-1,0)
DispatchKey(573231,573231,0,20,0,0,-1,0)
DispatchKey(573338,573338,1,20,0,0,-1,0)
DispatchKey(573436,573436,0,21,0,0,-1,0)
DispatchKey(573495,573495,1,21,0,0,-1,0)
DispatchTrackball(-1,573545,2,-4.0,-4.0,0.0,0.0,0,1.0,1.0,0,0)
DispatchTrackball(-1,573585,2,2.0,2.0,0.0,0.0,0,1.0,1.0,0,0)
DispatchTrackball(-1,573606,2,-1.0,-2.0,0.0,0.0,0,1.0,1.0,0,0)
DispatchTrackball(-1,573820,2,4.0,4.0,0.0,0.0,0,1.0,1.0,0,0)
DispatchTrackball(-1,573848,2,-3.0,4.0,0.0,0.0,0,1.0,1.0,0,0)
DispatchTrackball(-1,573858,2,2.0,4.0,0.0,0.0,0,1.0,1.0,0,0)
DispatchTrackball(-1,573886,2,4.0,-5.0,0.0,0.0,0,1.0,1.0,0,0)
DispatchTrackball(-1,573904,2,-1.0,-1.0,0.0,0.0,0,1.0,1.0,0,0)
DispatchTrackball(-1,573935,2,-4.0,-3.0,0.0,0.0,0,1.0,1.0,0,0)
DispatchTrackball(-1,573957,2,3.0,3.0,0.0,0.0,0,1.0,1.0,0,0)
DispatchKey(573963,573963,0,21,0,0,-1,0)
DispatchKey(574063,574063,1,21,0,0,-1,0)
DispatchKey(574240,574240,0,198,0,0,-1,0)
DispatchKey(574315,574315,1,198,0,0,-1,0)
DispatchKey(574345,574345,0,60,0,0,-1,0)
DispatchKey(574403,574403,1,60,0,0,-1,0)
DispatchTrackball(-1,574440,2,-5.0,3.0,0.0,0.0,0,1.0,1.0,0,0)
DispatchTrackball(-1,574469,2,-4.0,-1.0,0.0,0.0,0,1.0,1.0,0,0)
DispatchTrackball(-1,574506,2,2.0,-4.0,0.0,0.0,0,1.0,1.0,0,0)
DispatchTrackball(-1,574523,2,0.0,-3.0,0.0,0.0,0,1.0,1.0,0,0)
DispatchTrackball(-1,574544,2,0.0,3.0,0.0,0.0,0,1.0,1.0,0,0)
DispatchTrackball(-1,574573,2,0.0,-5.0,0.0,0.0,0,1.0,1.0,0,0)
DispatchTrackball(-1,574586,2,-1.0,-4.0,0.0,0.0,0,1.0,1.0,0,0)
DispatchTrackball(-1,574608,2,1.0,1.0,0.0,0.0,0,1.0,1.0,0,0)
DispatchTrackball(-1,574619,2,2.0,-5.0,0.0,0.0,0,1.0,1.0,0,0)
DispatchTrackball(-1,574625,2,3.0,-4.0,0.0,0.0,0,1.0,1.0,0,0)
DispatchPointer(574676,574677,0,427.0,434.0,0.0,0.0,0,1.0,1.0,0,0)
DispatchPointer(574676,574704,261,417.15738,425.95074,0.0,0.0,0,1.0,1.0,0,0)
DispatchPointer(574676,574721,2,407.2312,421.08362,0.0,0.0,0,1.0,1.0,0,0)
DispatchPointer(574676,574743,2,404.58218,418.2299,0.0,0.0,0,1.0,1.0,0,0)
DispatchPointer(574676,574800,262,387.4989,413.80304,0.0,0.0,0,1.0,1.0,0,0)
DispatchPointer(574676,574834,1,376.1745,402.84885,0.0,0.0,0,1.0,1.0,0,0)
DispatchPointer(574967,574982,0,95.0,404.0,0.0,0.0,0,1.0,1.0,0,0)
DispatchPointer(574967,575077,2,93.4721,400.22824,0.0,0.0,0,1.0,1.0,0,0)
DispatchPointer(574967,575244,2,89.50934,397.64127,0.0,0.0,0,1.0,1.0,0,0)
DispatchPointer(574967,575361,2,80.17456,396.44852,0.0,0.0,0,1.0,1.0,0,0)
DispatchPointer(574967,575369,2,75.60063,393.45554,0.0,0.0,0,1.0,1.0,0,0)
DispatchPointer(574967,575389,2,71.010956,393.41962,0.0,0.0,0,1.0,1.0,0,0)
DispatchPointer(574967,575399,2,59.85367,391.2319,0.0,0.0,0,1.0,1.0,0,0)
DispatchPointer(574967,575416,2,58.120808,389.41306,0.0,0.0,0,1.0,1.0,0,0)
DispatchPointer(574967,575433,2,49.933945,386.1062,0.0,0.0,0,1.0,1.0,0,0)
DispatchPointer(574967,575453,2,48.421356,384.94382,0.0,0.0,0,1.0,1.0,0,0)
DispatchPointer(574967,575468,1,44.408844,380.37585,0.0,0.0,0,1.0,1.0,0,0)
DispatchKey(575485,575485,0,22,0,0,-1,0)
DispatchKey(575657,575657,1,22,0,0,-1,0)
DispatchPointer(575690,575701,0,204.0,89.0,0.0,0.0,0,1.0,1.0,0,0)
DispatchPointer(575690,575726,2,192.552,105.72929,0.0,0.0,0,1.0,1.0,0,0)
DispatchPointer(575690,575738,2,180.34348,114.87368,0.0,0.0,0,1.0,1.0,0,0)
DispatchPointer(575690,575746,2,172.76558,121.20596,0.0,0.0,0,1.0,1.0,0,0)
DispatchPointer(575690,575755,2,168.72601,130.89742,0.0,0.0,0,1.0,1.0,0,0)
DispatchPointer(575690,575805,2,158.24026,135.81367,0.0,0.0,0,1.0,1.0,0,0)
DispatchPointer(575690,575810,2,151.3981,149.5992,0.0,0.0,0,1.0,1.0,0,0)
DispatchPointer(575690,575835,1,148.53139,163.64935,0.0,0.0,0,1.0,1.0,0,0)
DispatchPointer(575918,575930,0,73.0,208.0,0.0,0.0,0,1.0,1.0,0,0)
DispatchPointer(575918,576012,261,70.90592,208.1388,0.0,0.0,0,1.0,1.0,0,0)
DispatchPointer(575918,576030,2,63.096478,211.10277,0.0,0.0,0,1.0,1.0,0,0)
DispatchPointer(575918,576037,262,56.148197,212.65762,0.0,0.0,0,1.0,1.0,0,0)
DispatchPointer(575918,576225,1,54.98649,214.13832,0.0,0.0,0,1.0,1.0,0,0)
DispatchKey(576236,576236,0,23,0,0,-1,0)
DispatchKey(577001,577001,1,23,0,0,-1,0)
DispatchTrackball(-1,577242,2,2.0,2.0,0.0,0.0,0,1.0,1.0,0,0)
DispatchTrackball(-1,577270,2,-3.0,-5.0,0.0,0.0,0,1.0,1.0,0,0)
DispatchTrackball(-1,577288,2,-3.0,-5.0,0.0,0.0,0,1.0,1.0,0,0)
DispatchTrackball(-1,577298,2,-1.0,3.0,0.0,0.0,0,1.0,1.0,0,0)
DispatchTrackball(-1,577319,2,-1.0,4.0,0.0,0.0,0,1.0,1.0,0,0)
DispatchTrackball(-1,577326,2,-4.0,0.0,0.0,0.0,0,1.0,1.0,0,0)
DispatchTrackball(-1,577345,2,2.0,4.0,0.0,0.0,0,1.0,1.0,0,0)
DispatchTrackball(-1,577643,2,3.0,0.0,0.0,0.0,0,1.0,1.0,0,0)
DispatchTrackball(-1,577649,2,-1.0,0.0,0.0,0.0,0,1.0,1.0,0,0)
DispatchTrackball(-1,577657,2,-4.0,0.0,0.0,0.0,0,1.0,1.0,0,0)
DispatchKey(577791,577791,0,82,0,0,-1,0)
DispatchKey(578387,578387,1,82,0,0,-1,0)
DispatchKey(578425,578425,0,82,0,0,-1,0)
DispatchKey(578455,578455,1,82,0,0,-1,0)
DispatchKey(578477,578477,0,23,0,0,-1,0)
DispatchKey(578518,578518,1,23,0,0,-1,0)
DispatchKey(578547,578547,0,21,0,0,-1,0)
DispatchKey(578559,578559,1,21,0,0,-1,0)
DispatchKey(578677,578677,0,19,0,0,-1,0)
DispatchKey(578698,578698,1,19,0,0,-1,0)
DispatchKey(578804,578804,0,184,0,0,-1,0)
DispatchKey(578818,578818,1,184,0,0,-1,0)
LaunchActivity(com.smorgasbork.hotdeath,com.smorgasbork.hotdeath.Main)
DispatchTrackball(-1,579098,2,-5.0,3.0,0.0,0.0,0,1.0,1.0,0,0)
DispatchTrackball(-1,579129,2,3.0,2.0,0.0,0.0,0,1.0,1.0,0,0)
DispatchTrackball(-1,579150,2,0.0,-4.0,0.0,0.0,0,1.0,1.0,0,0)
DispatchTrackball(-1,579187,2,-4.0,4.0,0.0,0.0,0,1.0,1.0,0,0)
DispatchTrackball(-1,579195,2,-4.0,3.0,0.0,0.0,0,1.0,1.0,0,0)
DispatchTrackball(-1,579207,2,-2.0,-4.0,0.0,0.0,0,1.0,1.0,0,0)
DispatchTrackball(-1,579218,2,0.0,2.0,0.0,0.0,0,1.0,1.0,0,0)
DispatchTrackball(-1,579235,2,4.0,-2.0,0.0,0.0,0,1.0,1.0,0,0)
DispatchTrackball(-1,579246,2,-1.0,2.0,0.0,0.0,0,1.0,1.0,0,0)
DispatchTrackball(-1,579254,2,1.0,-1.0,0.0,0.0,0,1.0,1.0,0,0)
DispatchTrackball(-1,579259,2,4.0,4.0,0.0,0.0,0,1.0,1.0,0,0)
DispatchTrackball(-1,579286,2,-4.0,-1.0,0.0,0.0,0,1.0,1.0,0,0)
DispatchTrackball(-1,579301,2,-2.0,-3.0,0.0,0.0,0,1.0,1.0,0,0)
DispatchTrackball(-1,579308,2,-5.0,-5.0,0.0,0.0,0,1.0,1.0,0,0)
DispatchTrackball(-1,579320,2,-3.0,4.0,0.0,0.0,0,1.0,1.0,0,0)
DispatchTrackball(-1,579344,2,4.0,-1.0,0.0,0.0,0,1.0,1.0,0,0)
DispatchTrackball(-1,579358,2,2.0,-2.0,0.0,0.0,0,1.0,1.0,0,0)
DispatchTrackball(-1,579370,2,-4.0,2.0,0.0,0.0,0,1.0,1.0,0,0)
DispatchTrackball(-1,579385,2,-2.0,1.0,0.0,0.0,0,1.0,1.0,0,0)
DispatchTrackball(-1,579429,2,-5.0,-3.0,0.0,0.0,0,1.0,1.0,0,0)
DispatchKey(579444,579444,0,23,0,0,-1,0)
DispatchKey(579474,579474,1,23,0,0,-1,0)
DispatchKey(579498,579498,0,21,0,0,-1,0)
DispatchKey(579515,579515,1,21,0,0,-1,0)
DispatchKey(579532,579532,0,82,0,0,-1,0)
DispatchKey(579545,579545,1,82,0,0,-1,0)
DispatchKey(579566,579566,0,23,0,0,-1,0)
DispatchKey(579606,579606,1,23,0,0,-1,0)
DispatchKey(579644,579644,0,22,0,0,-1,0)
DispatchKey(579664,579664,1,22,0,0,-1,0)
DispatchKey(580796,580796,0,162,0,0,-1,0)
DispatchKey(580817,580817,1,162,0,0,-1,0)
DispatchTrackball(-1,580829,2,0.0,3.0,0.0,0.0,0,1.0,1.0,0,0)
DispatchTrackball(-1,580841,2,-1.0,1.0,0.0,0.0,0,1.0,1.0,0,0)
DispatchTrackball(-1,580861,2,-3.0,-5.0,0.0,0.0,0,1.0,1.0,0,0)
