type= raw events
count= -1
speed= 2.0
start data >>
DispatchKey(266315,266315,0,23,0,0,-1,0)
DispatchKey(269045,269045,1,23,0,0,-1,0)



























































DispatchKey(275203,275203,1,3,0,0,-1,0)
DispatchPointer(275265,275266,0,435.0,416.0,0.0,0.0,0,1.0,1.0,0,0)
DispatchPointer(275265,275305,1,435.5442,427.18365,0.0,0.0,0,1.0,1.0,0,0)
DispatchTrackball(-1,275329,2,2.0,1.0,0.0,0.0,0,1.0,1.0,0,0)
DispatchTrackball(-1,275354,2,0.0,3.0,0.0,0.0,0,1.0,1.0,0,0)
DispatchTrackball(-1,275367,2,-1.0,-1.0,0.0,0.0,0,1.0,1.0,0,0)
DispatchTrackball(-1,275375,2,4.0,2.0,0.0,0.0,0,1.0,1.0,0,0)
DispatchTrackball(-1,275383,2,-5.0,-2.0,0.0,0.0,0,1.0,1.0,0,0)
DispatchTrackball(-1,275391,2,4.0,-5.0,0.0,0.0,0,1.0,1.0,0,0)
DispatchTrackball(-1,275407,2,2.0,-5.0,0.0,0.0,0,1.0,1.0,0,0)
DispatchTrackball(-1,275425,2,-4.0,0.0,0.0,0.0,0,1.0,1.0,0,0)
DispatchTrackball(-1,275431,2,3.0,-5.0,0.0,0.0,0,1.0,1.0,0,0)
DispatchTrackball(-1,275437,2,-5.0,3.0,0.0,0.0,0,1.0,1.0,0,0)
DispatchKey(275707,275707,1,82,0,0,-1,0)




































































DispatchKey(282508,282508,1,4,0,0,-1,0)
DispatchTrackball(-1,282544,2,-1.0,-2.0,0.0,0.0,0,1.0,1.0,0,0)
DispatchTrackball(-1,282571,2,1.0,-3.0,0.0,0.0,0,1.0,1.0,0,0)
DispatchTrackball(-1,282620,2,-1.0,2.0,0.0,0.0,0,1.0,1.0,0,0)
DispatchTrackball(-1,282651,2,0.0,1.0,0.0,0.0,0,1.0,1.0,0,0)
DispatchTrackball(-1,282670,2,1.0,0.0,0.0,0.0,0,1.0,1.0,0,0)
DispatchTrackball(-1,282758,2,4.0,-3.0,0.0,0.0,0,1.0,1.0,0,0)
DispatchTrackball(-1,282766,2,2.0,-5.0,0.0,0.0,0,1.0,1.0,0,0)
DispatchTrackball(-1,282782,2,-4.0,-3.0,0.0,0.0,0,1.0,1.0,0,0)
DispatchTrackball(-1,282852,2,0.0,-3.0,0.0,0.0,0,1.0,1.0,0,0)
DispatchTrackball(-1,282901,2,-3.0,2.0,0.0,0.0,0,1.0,1.0,0,0)
DispatchKey(282912,282912,0,21,0,0,-1,0)
DispatchKey(283309,283309,1,21,0,0,-1,0)
LaunchActivity(com.smorgasbork.hotdeath,com.smorgasbork.hotdeath.Main)
DispatchKey(283431,283431,0,23,0,0,-1,0)
DispatchKey(283462,283462,1,23,0,0,-1,0)
DispatchTrackball(-1,283490,2,-3.0,-3.0,0.0,0.0,0,1.0,1.0,0,0)
DispatchTrackball(-1,283516,2,-5.0,1.0,0.0,0.0,0,1.0,1.0,0,0)
DispatchTrackball(-1,283546,2,2.0,-3.0,0.0,0.0,0,1.0,1.0,0,0)
DispatchTrackball(-1,283560,2,0.0,-5.0,0.0,0.0,0,1.0,1.0,0,0)
DispatchTrackball(-1,283568,2,-3.0,-4.0,0.0,0.0,0,1.0,1.0,0,0)
DispatchTrackball(-1,283578,2,1.0,-2.0,0.0,0.0,0,1.0,1.0,0,0)
DispatchTrackball(-1,283585,2,1.0,-1.0,0.0,0.0,0,1.0,1.0,0,0)
DispatchTrackball(-1,283626,2,-4.0,0.0,0.0,0.0,0,1.0,1.0,0,0)
DispatchTrackball(-1,288203,2,-4.0,2.0,0.0,0.0,0,1.0,1.0,0,0)
DispatchTrackball(-1,288223,2,2.0,2.0,0.0,0.0,0,1.0,1.0,0,0)
DispatchKey(288232,288232,0,22,0,0,-1,0)
DispatchKey(289165,289165,1,22,0,0,-1,0)
DispatchTrackball(-1,289287,2,-5.0,1.0,0.0,0.0,0,1.0,1.0,0,0)
DispatchTrackball(-1,289307,2,-1.0,-3.0,0.0,0.0,0,1.0,1.0,0,0)
DispatchTrackball(-1,289333,2,-5.0,4.0,0.0,0.0,0,1.0,1.0,0,0)
DispatchTrackball(-1,289342,2,4.0,-3.0,0.0,0.0,0,1.0,1.0,0,0)
DispatchTrackball(-1,289350,2,0.0,-1.0,0.0,0.0,0,1.0,1.0,0,0)
DispatchTrackball(-1,289368,2,0.0,-2.0,0.0,0.0,0,1.0,1.0,0,0)
DispatchTrackball(-1,289378,2,-3.0,0.0,0.0,0.0,0,1.0,1.0,0,0)
DispatchTrackball(-1,289384,2,4.0,-1.0,0.0,0.0,0,1.0,1.0,0,0)
DispatchTrackball(-1,289392,2,-4.0,4.0,0.0,0.0,0,1.0,1.0,0,0)
DispatchTrackball(-1,289406,2,-3.0,0.0,0.0,0.0,0,1.0,1.0,0,0)
DispatchKey(289418,289418,0,82,0,0,-1,0)
DispatchKey(289637,289637,1,82,0,0,-1,0)
DispatchTrackball(-1,289775,2,4.0,4.0,0.0,0.0,0,1.0,1.0,0,0)
DispatchTrackball(-1,289806,2,2.0,0.0,0.0,0.0,0,1.0,1.0,0,0)
DispatchTrackball(-1,289831,2,2.0,3.0,0.0,0.0,0,1.0,1.0,0,0)
DispatchTrackball(-1,289839,2,2.0,-5.0,0.0,0.0,0,1.0,1.0,0,0)
DispatchTrackball(-1,289886,2,1.0,-4.0,0.0,0.0,0,1.0,1.0,0,0)
DispatchTrackball(-1,289939,2,3.0,4.0,0.0,0.0,0,1.0,1.0,0,0)
DispatchTrackball(-1,289955,2,-5.0,1.0,0.0,0.0,0,1.0,1.0,0,0)
DispatchTrackball(-1,290032,2,4.0,-4.0,0.0,0.0,0,1.0,1.0,0,0)
DispatchTrackball(-1,290101,2,2.0,-1.0,0.0,0.0,0,1.0,1.0,0,0)
DispatchTrackball(-1,290108,2,2.0,4.0,0.0,0.0,0,1.0,1.0,0,0)
DispatchTrackball(289775,290144,0,0.0,0.0,0.0,0.0,0,1.0,1.0,0,0)
DispatchTrackball(289775,290158,1,0.0,0.0,0.0,0.0,0,1.0,1.0,0,0)
DispatchPointer(290189,290200,0,63.0,462.0,0.0,0.0,0,1.0,1.0,0,0)
DispatchPointer(290189,290216,1,57.57312,470.00012,0.0,0.0,0,1.0,1.0,0,0)
DispatchKey(290258,290258,0,21,0,0,-1,0)
DispatchKey(290552,290552,1,21,0,0,-1,0)
DispatchTrackball(-1,290671,2,-4.0,-1.0,0.0,0.0,0,1.0,1.0,0,0)
DispatchTrackball(-1,290709,2,-2.0,-4.0,0.0,0.0,0,1.0,1.0,0,0)
DispatchTrackball(-1,290760,2,-1.0,-5.0,0.0,0.0,0,1.0,1.0,0,0)
DispatchTrackball(-1,290778,2,-5.0,3.0,0.0,0.0,0,1.0,1.0,0,0)
DispatchTrackball(-1,290786,2,4.0,3.0,0.0,0.0,0,1.0,1.0,0,0)
DispatchTrackball(-1,290804,2,-2.0,-3.0,0.0,0.0,0,1.0,1.0,0,0)
DispatchTrackball(-1,290818,2,-3.0,1.0,0.0,0.0,0,1.0,1.0,0,0)
DispatchTrackball(-1,290827,2,-3.0,4.0,0.0,0.0,0,1.0,1.0,0,0)
DispatchTrackball(-1,290843,2,0.0,1.0,0.0,0.0,0,1.0,1.0,0,0)
DispatchTrackball(-1,290864,2,1.0,0.0,0.0,0.0,0,1.0,1.0,0,0)
DispatchTrackball(-1,290884,2,-1.0,2.0,0.0,0.0,0,1.0,1.0,0,0)
DispatchTrackball(-1,290898,2,-5.0,-1.0,0.0,0.0,0,1.0,1.0,0,0)
DispatchTrackball(-1,290949,2,3.0,-2.0,0.0,0.0,0,1.0,1.0,0,0)
DispatchTrackball(-1,290967,2,3.0,-3.0,0.0,0.0,0,1.0,1.0,0,0)
DispatchTrackball(-1,290974,2,0.0,3.0,0.0,0.0,0,1.0,1.0,0,0)
DispatchTrackball(-1,290979,2,3.0,1.0,0.0,0.0,0,1.0,1.0,0,0)
DispatchTrackball(-1,290986,2,3.0,-1.0,0.0,0.0,0,1.0,1.0,0,0)
DispatchTrackball(-1,290991,2,1.0,-3.0,0.0,0.0,0,1.0,1.0,0,0)
DispatchTrackball(-1,290997,2,-5.0,-1.0,0.0,0.0,0,1.0,1.0,0,0)
DispatchTrackball(-1,291013,2,-3.0,1.0,0.0,0.0,0,1.0,1.0,0,0)
DispatchKey(291020,291020,0,210,0,0,-1,0)
DispatchKey(291057,291057,1,210,0,0,-1,0)
DispatchPointer(291340,291351,0,277.0,695.0,0.0,0.0,0,1.0,1.0,0,0)
DispatchPointer(291340,291372,1,275.71368,697.4251,0.0,0.0,0,1.0,1.0,0,0)
DispatchKey(291396,291396,0,20,0,0,-1,0)
DispatchKey(291647,291647,1,20,0,0,-1,0)
DispatchKey(291700,291700,0,23,0,0,-1,0)
DispatchKey(291723,291723,1,23,0,0,-1,0)
DispatchKey(291857,291857,0,21,0,0,-1,0)
DispatchKey(291891,291891,1,21,0,0,-1,0)
LaunchActivity(com.smorgasbork.hotdeath,com.smorgasbork.hotdeath.Main)
DispatchTrackball(-1,292011,2,0.0,-3.0,0.0,0.0,0,1.0,1.0,0,0)
DispatchTrackball(-1,292040,2,-5.0,-3.0,0.0,0.0,0,1.0,1.0,0,0)
DispatchTrackball(-1,292048,2,-2.0,-3.0,0.0,0.0,0,1.0,1.0,0,0)
DispatchTrackball(-1,292077,2,-1.0,1.0,0.0,0.0,0,1.0,1.0,0,0)
DispatchTrackball(-1,292099,2,-3.0,0.0,0.0,0.0,0,1.0,1.0,0,0)
DispatchTrackball(-1,292362,2,-2.0,-2.0,0.0,0.0,0,1.0,1.0,0,0)
DispatchTrackball(-1,292380,2,2.0,4.0,0.0,0.0,0,1.0,1.0,0,0)
DispatchTrackball(-1,292394,2,0.0,-4.0,0.0,0.0,0,1.0,1.0,0,0)
DispatchTrackball(-1,292458,2,1.0,0.0,0.0,0.0,0,1.0,1.0,0,0)
DispatchTrackball(-1,292532,2,0.0,-3.0,0.0,0.0,0,1.0,1.0,0,0)
DispatchKey(292858,292858,0,19,0,0,-1,0)
DispatchKey(292936,292936,1,19,0,0,-1,0)
DispatchPointer(292964,292965,0,203.0,499.0,0.0,0.0,0,1.0,1.0,0,0)
DispatchPointer(292964,292987,1,202.86589,505.0588,0.0,0.0,0,1.0,1.0,0,0)
DispatchKey(293025,293025,0,21,0,0,-1,0)
DispatchKey(293076,293076,1,21,0,0,-1,0)
DispatchPointer(293120,293120,0,219.0,656.0,0.0,0.0,0,1.0,1.0,0,0)
DispatchPointer(293120,293166,1,218.07355,655.8819,0.0,0.0,0,1.0,1.0,0,0)






































































































































































DispatchPointer(305915,305916,0,236.0,99.0,0.0,0.0,0,1.0,1.0,0,0)
DispatchPointer(305915,305955,1,234.97827,102.72105,0.0,0.0,0,1.0,1.0,0,0)
DispatchKey(306005,306005,0,82,0,0,-1,0)
DispatchKey(306074,306074,1,82,0,0,-1,0)
DispatchTrackball(-1,306301,2,4.0,2.0,0.0,0.0,0,1.0,1.0,0,0)
