type= raw events
count= -1
speed= 2.0
start data >>
DispatchKey(485667,485667,0,22,0,0,-1,0)
DispatchKey(488407,488407,1,22,0,0,-1,0)
LaunchActivity(com.smorgasbork.hotdeath,com.smorgasbork.hotdeath.Main)
DispatchKey(488492,488492,0,82,0,0,-1,0)
DispatchKey(488663,488663,1,82,0,0,-1,0)
DispatchKey(488709,488709,0,170,0,0,-1,0)
DispatchKey(488929,488929,1,170,0,0,-1,0)
DispatchKey(489029,489029,0,104,0,0,-1,0)
DispatchKey(489064,489064,1,104,0,0,-1,0)
DispatchKey(489079,489079,0,20,0,0,-1,0)
DispatchKey(489133,489133,1,20,0,0,-1,0)
DispatchTrackball(-1,489163,2,-5.0,-5.0,0.0,0.0,0,1.0,1.0,0,0)
DispatchTrackball(-1,489188,2,3.0,2.0,0.0,0.0,0,1.0,1.0,0,0)
DispatchTrackball(-1,489224,2,-2.0,-1.0,0.0,0.0,0,1.0,1.0,0,0)
DispatchTrackball(-1,489239,2,3.0,-4.0,0.0,0.0,0,1.0,1.0,0,0)
DispatchTrackball(-1,489247,2,3.0,-3.0,0.0,0.0,0,1.0,1.0,0,0)
DispatchTrackball(-1,489266,2,-4.0,2.0,0.0,0.0,0,1.0,1.0,0,0)
DispatchTrackball(-1,489275,2,-3.0,3.0,0.0,0.0,0,1.0,1.0,0,0)
DispatchTrackball(-1,489280,2,-5.0,-2.0,0.0,0.0,0,1.0,1.0,0,0)
DispatchTrackball(-1,489298,2,-5.0,-4.0,0.0,0.0,0,1.0,1.0,0,0)
DispatchTrackball(-1,489304,2,3.0,0.0,0.0,0.0,0,1.0,1.0,0,0)
DispatchTrackball(-1,489315,2,-3.0,-5.0,0.0,0.0,0,1.0,1.0,0,0)
DispatchTrackball(-1,489325,2,1.0,-4.0,0.0,0.0,0,1.0,1.0,0,0)
DispatchTrackball(-1,489337,2,4.0,-1.0,0.0,0.0,0,1.0,1.0,0,0)
DispatchTrackball(-1,489362,2,3.0,-1.0,0.0,0.0,0,1.0,1.0,0,0)
DispatchTrackball(-1,489367,2,4.0,1.0,0.0,0.0,0,1.0,1.0,0,0)
DispatchTrackball(-1,489375,2,-3.0,-2.0,0.0,0.0,0,1.0,1.0,0,0)
DispatchTrackball(-1,489394,2,-1.0,1.0,0.0,0.0,0,1.0,1.0,0,0)
DispatchTrackball(-1,489406,2,0.0,-4.0,0.0,0.0,0,1.0,1.0,0,0)
DispatchTrackball(-1,489423,2,-5.0,0.0,0.0,0.0,0,1.0,1.0,0,0)
DispatchTrackball(-1,489429,2,3.0,2.0,0.0,0.0,0,1.0,1.0,0,0)
DispatchFlip(false)
DispatchKey(489454,489454,0,23,0,0,-1,0)
DispatchKey(489517,489517,1,23,0,0,-1,0)
DispatchKey(489551,489551,0,23,0,0,-1,0)
DispatchKey(491744,491744,1,23,0,0,-1,0)
DispatchKey(492952,492952,0,23,0,0,-1,0)
DispatchKey(492976,492976,1,23,0,0,-1,0)
DispatchKey(492999,492999,0,19,0,0,-1,0)
DispatchKey(493026,493026,1,19,0,0,-1,0)











































































































































DispatchKey(560037,560037,0,4,0,0,-1,0)
DispatchKey(560117,560117,1,4,0,0,-1,0)
DispatchPointer(560280,560280,0,3.0,32.0,0.0,0.0,0,1.0,1.0,0,0)
DispatchPointer(560280,560390,1,0.4249258,32.089256,0.0,0.0,0,1.0,1.0,0,0)
DispatchKey(560477,560477,0,21,0,0,-1,0)
DispatchKey(560587,560587,1,21,0,0,-1,0)
DispatchPointer(560680,560691,0,479.0,186.0,0.0,0.0,0,1.0,1.0,0,0)
DispatchPointer(560680,560717,261,478.70087,178.60187,0.0,0.0,0,1.0,1.0,0,0)
DispatchPointer(560680,560734,2,478.37363,164.7628,0.0,0.0,0,1.0,1.0,0,0)
DispatchPointer(560680,560750,262,478.22354,159.53406,0.0,0.0,0,1.0,1.0,0,0)
DispatchPointer(560680,560759,1,478.18997,151.01257,0.0,0.0,0,1.0,1.0,0,0)
DispatchTrackball(-1,560786,2,-1.0,-3.0,0.0,0.0,0,1.0,1.0,0,0)
DispatchTrackball(-1,560813,2,1.0,2.0,0.0,0.0,0,1.0,1.0,0,0)
DispatchTrackball(-1,560824,2,3.0,-1.0,0.0,0.0,0,1.0,1.0,0,0)
DispatchTrackball(-1,560842,2,0.0,2.0,0.0,0.0,0,1.0,1.0,0,0)
DispatchTrackball(-1,560863,2,-5.0,2.0,0.0,0.0,0,1.0,1.0,0,0)
DispatchTrackball(-1,560883,2,-4.0,-5.0,0.0,0.0,0,1.0,1.0,0,0)
DispatchTrackball(-1,560892,2,-3.0,0.0,0.0,0.0,0,1.0,1.0,0,0)
DispatchTrackball(-1,560910,2,-2.0,3.0,0.0,0.0,0,1.0,1.0,0,0)
DispatchTrackball(-1,560918,2,-1.0,4.0,0.0,0.0,0,1.0,1.0,0,0)
DispatchTrackball(-1,560929,2,4.0,-3.0,0.0,0.0,0,1.0,1.0,0,0)
DispatchPointer(560969,560969,0,463.0,118.0,0.0,0.0,0,1.0,1.0,0,0)
DispatchPointer(560969,561012,1,454.94495,118.429115,0.0,0.0,0,1.0,1.0,0,0)
DispatchTrackball(-1,561027,2,0.0,-1.0,0.0,0.0,0,1.0,1.0,0,0)
DispatchTrackball(-1,561051,2,2.0,4.0,0.0,0.0,0,1.0,1.0,0,0)
DispatchTrackball(-1,561056,2,-4.0,-4.0,0.0,0.0,0,1.0,1.0,0,0)
DispatchTrackball(-1,561075,2,2.0,1.0,0.0,0.0,0,1.0,1.0,0,0)
DispatchTrackball(-1,561094,2,-2.0,3.0,0.0,0.0,0,1.0,1.0,0,0)
DispatchTrackball(-1,561111,2,-4.0,3.0,0.0,0.0,0,1.0,1.0,0,0)
DispatchTrackball(-1,561118,2,-5.0,-5.0,0.0,0.0,0,1.0,1.0,0,0)
DispatchTrackball(-1,561126,2,-2.0,-2.0,0.0,0.0,0,1.0,1.0,0,0)
DispatchTrackball(-1,561152,2,0.0,-1.0,0.0,0.0,0,1.0,1.0,0,0)
DispatchTrackball(-1,561189,2,-1.0,2.0,0.0,0.0,0,1.0,1.0,0,0)
LaunchActivity(com.smorgasbork.hotdeath,com.smorgasbork.hotdeath.Main)
DispatchPointer(561261,561262,0,462.0,238.0,0.0,0.0,0,1.0,1.0,0,0)
DispatchPointer(561261,561289,261,461.18243,235.67984,0.0,0.0,0,1.0,1.0,0,0)
DispatchPointer(561261,561314,262,454.31906,232.50441,0.0,0.0,0,1.0,1.0,0,0)
DispatchPointer(561261,561319,1,434.28162,231.90321,0.0,0.0,0,1.0,1.0,0,0)
DispatchKey(561364,561364,0,20,0,0,-1,0)
DispatchKey(561454,561454,1,20,0,0,-1,0)
DispatchKey(561615,561615,0,21,0,0,-1,0)
DispatchKey(561625,561625,1,21,0,0,-1,0)
DispatchPointer(561683,561683,0,387.0,401.0,0.0,0.0,0,1.0,1.0,0,0)
DispatchPointer(561683,561695,1,372.12177,418.5871,0.0,0.0,0,1.0,1.0,0,0)
DispatchKey(561758,561758,0,19,0,0,-1,0)
DispatchKey(561825,561825,1,19,0,0,-1,0)
DispatchKey(561885,561885,0,82,0,0,-1,0)
DispatchKey(561987,561987,1,82,0,0,-1,0)
DispatchTrackball(-1,562020,2,3.0,-4.0,0.0,0.0,0,1.0,1.0,0,0)
DispatchTrackball(-1,562037,2,3.0,1.0,0.0,0.0,0,1.0,1.0,0,0)
DispatchTrackball(-1,562048,2,2.0,0.0,0.0,0.0,0,1.0,1.0,0,0)
DispatchTrackball(-1,562069,2,1.0,-5.0,0.0,0.0,0,1.0,1.0,0,0)
DispatchTrackball(-1,562090,2,1.0,-4.0,0.0,0.0,0,1.0,1.0,0,0)
DispatchTrackball(-1,562098,2,1.0,-1.0,0.0,0.0,0,1.0,1.0,0,0)
DispatchTrackball(-1,562106,2,4.0,2.0,0.0,0.0,0,1.0,1.0,0,0)
DispatchTrackball(-1,562113,2,-5.0,3.0,0.0,0.0,0,1.0,1.0,0,0)
DispatchTrackball(-1,562119,2,-4.0,-3.0,0.0,0.0,0,1.0,1.0,0,0)
DispatchTrackball(-1,562129,2,0.0,-5.0,0.0,0.0,0,1.0,1.0,0,0)
DispatchTrackball(-1,562170,2,-3.0,2.0,0.0,0.0,0,1.0,1.0,0,0)
DispatchTrackball(-1,562205,2,-4.0,-3.0,0.0,0.0,0,1.0,1.0,0,0)
DispatchTrackball(-1,562215,2,-2.0,2.0,0.0,0.0,0,1.0,1.0,0,0)
DispatchTrackball(-1,562228,2,2.0,1.0,0.0,0.0,0,1.0,1.0,0,0)
DispatchTrackball(-1,562256,2,-2.0,-4.0,0.0,0.0,0,1.0,1.0,0,0)
DispatchTrackball(-1,562283,2,-2.0,-3.0,0.0,0.0,0,1.0,1.0,0,0)
DispatchTrackball(-1,562290,2,2.0,1.0,0.0,0.0,0,1.0,1.0,0,0)
DispatchTrackball(-1,562304,2,-5.0,0.0,0.0,0.0,0,1.0,1.0,0,0)
DispatchTrackball(-1,562341,2,1.0,-2.0,0.0,0.0,0,1.0,1.0,0,0)
DispatchTrackball(-1,562351,2,-3.0,0.0,0.0,0.0,0,1.0,1.0,0,0)
DispatchKey(562359,562359,0,144,0,0,-1,0)
DispatchKey(562561,562561,1,144,0,0,-1,0)































DispatchKey(564152,564152,0,23,0,0,-1,0)
DispatchKey(564522,564522,1,23,0,0,-1,0)




























































































































































DispatchKey(578455,578455,1,82,0,0,-1,0)
DispatchKey(578477,578477,0,23,0,0,-1,0)
DispatchKey(578518,578518,1,23,0,0,-1,0)
DispatchKey(578547,578547,0,21,0,0,-1,0)
DispatchKey(578559,578559,1,21,0,0,-1,0)
DispatchKey(578677,578677,0,19,0,0,-1,0)
DispatchKey(578698,578698,1,19,0,0,-1,0)
DispatchKey(578804,578804,0,184,0,0,-1,0)
DispatchKey(578818,578818,1,184,0,0,-1,0)




























DispatchKey(579606,579606,1,23,0,0,-1,0)
DispatchKey(579644,579644,0,22,0,0,-1,0)
DispatchKey(579664,579664,1,22,0,0,-1,0)
DispatchKey(580796,580796,0,162,0,0,-1,0)
DispatchKey(580817,580817,1,162,0,0,-1,0)
DispatchTrackball(-1,580829,2,0.0,3.0,0.0,0.0,0,1.0,1.0,0,0)
DispatchTrackball(-1,580841,2,-1.0,1.0,0.0,0.0,0,1.0,1.0,0,0)
DispatchTrackball(-1,580861,2,-3.0,-5.0,0.0,0.0,0,1.0,1.0,0,0)
