type= raw events
count= -1
speed= 2.0
start data >>
DispatchKey(864787,864787,0,20,0,0,-1,0)
DispatchKey(868365,868365,1,20,0,0,-1,0)
DispatchKey(868424,868424,0,19,0,0,-1,0)
DispatchKey(868436,868436,1,19,0,0,-1,0)
DispatchKey(868454,868454,0,82,0,0,-1,0)
DispatchKey(868477,868477,1,82,0,0,-1,0)




































DispatchTrackball(-1,870491,2,-1.0,0.0,0.0,0.0,0,1.0,1.0,0,0)
DispatchTrackball(-1,870506,2,-3.0,3.0,0.0,0.0,0,1.0,1.0,0,0)
DispatchTrackball(-1,870536,2,-3.0,-4.0,0.0,0.0,0,1.0,1.0,0,0)
DispatchTrackball(-1,870543,2,4.0,-4.0,0.0,0.0,0,1.0,1.0,0,0)
DispatchTrackball(-1,870549,2,-3.0,-4.0,0.0,0.0,0,1.0,1.0,0,0)
DispatchTrackball(-1,870559,2,-2.0,-1.0,0.0,0.0,0,1.0,1.0,0,0)
DispatchTrackball(-1,870566,2,1.0,4.0,0.0,0.0,0,1.0,1.0,0,0)
DispatchTrackball(-1,870583,2,-5.0,2.0,0.0,0.0,0,1.0,1.0,0,0)
DispatchTrackball(-1,870601,2,3.0,-5.0,0.0,0.0,0,1.0,1.0,0,0)
DispatchTrackball(-1,870607,2,4.0,-1.0,0.0,0.0,0,1.0,1.0,0,0)
DispatchTrackball(870491,870623,0,0.0,0.0,0.0,0.0,0,1.0,1.0,0,0)


















































































DispatchKey(877231,877231,1,4,0,0,-1,0)
DispatchKey(877285,877285,0,200,0,0,-1,0)
DispatchKey(877385,877385,1,200,0,0,-1,0)
DispatchKey(877398,877398,0,22,0,0,-1,0)
DispatchKey(877416,877416,1,22,0,0,-1,0)
DispatchKey(877429,877429,0,21,0,0,-1,0)
DispatchKey(877444,877444,1,21,0,0,-1,0)
DispatchKey(877455,877455,0,21,0,0,-1,0)
DispatchKey(877469,877469,1,21,0,0,-1,0)
DispatchPointer(877563,877563,0,224.0,649.0,0.0,0.0,0,1.0,1.0,0,0)
DispatchPointer(877563,877579,1,236.43906,635.8733,0.0,0.0,0,1.0,1.0,0,0)
DispatchKey(877606,877606,0,82,0,0,-1,0)
DispatchKey(877841,877841,1,82,0,0,-1,0)
DispatchPointer(877932,877933,0,370.0,624.0,0.0,0.0,0,1.0,1.0,0,0)
DispatchPointer(877932,877949,1,356.0927,623.16046,0.0,0.0,0,1.0,1.0,0,0)
DispatchKey(878003,878003,0,20,0,0,-1,0)
DispatchKey(878064,878064,1,20,0,0,-1,0)
DispatchKey(878135,878135,0,21,0,0,-1,0)
DispatchKey(878597,878597,1,21,0,0,-1,0)
DispatchTrackball(-1,878690,2,-1.0,4.0,0.0,0.0,0,1.0,1.0,0,0)
DispatchTrackball(-1,878704,2,3.0,4.0,0.0,0.0,0,1.0,1.0,0,0)
DispatchTrackball(-1,878724,2,1.0,2.0,0.0,0.0,0,1.0,1.0,0,0)
DispatchTrackball(-1,878748,2,4.0,-4.0,0.0,0.0,0,1.0,1.0,0,0)
DispatchTrackball(-1,878758,2,2.0,3.0,0.0,0.0,0,1.0,1.0,0,0)
DispatchTrackball(-1,878811,2,3.0,3.0,0.0,0.0,0,1.0,1.0,0,0)
DispatchTrackball(-1,878826,2,-4.0,0.0,0.0,0.0,0,1.0,1.0,0,0)
DispatchTrackball(-1,878843,2,4.0,0.0,0.0,0.0,0,1.0,1.0,0,0)
DispatchTrackball(-1,878860,2,-1.0,0.0,0.0,0.0,0,1.0,1.0,0,0)
DispatchTrackball(-1,878883,2,2.0,4.0,0.0,0.0,0,1.0,1.0,0,0)
DispatchKey(878897,878897,0,23,0,0,-1,0)
DispatchKey(879347,879347,1,23,0,0,-1,0)
DispatchTrackball(-1,879908,2,-5.0,-1.0,0.0,0.0,0,1.0,1.0,0,0)
DispatchTrackball(-1,879936,2,4.0,2.0,0.0,0.0,0,1.0,1.0,0,0)
DispatchTrackball(-1,879957,2,-3.0,1.0,0.0,0.0,0,1.0,1.0,0,0)
DispatchTrackball(-1,879989,2,3.0,-2.0,0.0,0.0,0,1.0,1.0,0,0)
DispatchTrackball(-1,880008,2,-1.0,4.0,0.0,0.0,0,1.0,1.0,0,0)
DispatchTrackball(-1,880026,2,-4.0,3.0,0.0,0.0,0,1.0,1.0,0,0)
DispatchTrackball(-1,880033,2,-1.0,0.0,0.0,0.0,0,1.0,1.0,0,0)
DispatchTrackball(-1,880053,2,-5.0,-2.0,0.0,0.0,0,1.0,1.0,0,0)
DispatchTrackball(-1,880060,2,-5.0,3.0,0.0,0.0,0,1.0,1.0,0,0)
DispatchTrackball(-1,880078,2,-1.0,-2.0,0.0,0.0,0,1.0,1.0,0,0)
DispatchPointer(880090,880090,0,279.0,345.0,0.0,0.0,0,1.0,1.0,0,0)
DispatchPointer(880090,880119,1,278.27335,345.3403,0.0,0.0,0,1.0,1.0,0,0)































































DispatchPointer(910869,910870,0,232.0,313.0,0.0,0.0,0,1.0,1.0,0,0)
DispatchPointer(910869,910905,1,239.48116,313.7273,0.0,0.0,0,1.0,1.0,0,0)
DispatchTrackball(-1,910918,2,-5.0,1.0,0.0,0.0,0,1.0,1.0,0,0)
DispatchTrackball(-1,910942,2,2.0,-2.0,0.0,0.0,0,1.0,1.0,0,0)
DispatchTrackball(-1,910949,2,-4.0,-5.0,0.0,0.0,0,1.0,1.0,0,0)
DispatchTrackball(-1,910955,2,-1.0,0.0,0.0,0.0,0,1.0,1.0,0,0)
DispatchTrackball(-1,910974,2,0.0,-2.0,0.0,0.0,0,1.0,1.0,0,0)
DispatchTrackball(-1,910981,2,3.0,-1.0,0.0,0.0,0,1.0,1.0,0,0)
DispatchTrackball(-1,910987,2,-1.0,3.0,0.0,0.0,0,1.0,1.0,0,0)
DispatchTrackball(-1,910994,2,4.0,3.0,0.0,0.0,0,1.0,1.0,0,0)
DispatchTrackball(-1,911013,2,-1.0,-4.0,0.0,0.0,0,1.0,1.0,0,0)
DispatchTrackball(-1,911022,2,0.0,4.0,0.0,0.0,0,1.0,1.0,0,0)
DispatchFlip(false)
DispatchKey(916343,916343,1,22,0,0,-1,0)
DispatchTrackball(-1,916472,2,-1.0,-4.0,0.0,0.0,0,1.0,1.0,0,0)
DispatchTrackball(-1,916499,2,3.0,2.0,0.0,0.0,0,1.0,1.0,0,0)
DispatchTrackball(-1,916535,2,1.0,-5.0,0.0,0.0,0,1.0,1.0,0,0)
DispatchTrackball(-1,916581,2,-2.0,1.0,0.0,0.0,0,1.0,1.0,0,0)
DispatchTrackball(-1,916604,2,-1.0,-3.0,0.0,0.0,0,1.0,1.0,0,0)
DispatchTrackball(-1,916610,2,-1.0,2.0,0.0,0.0,0,1.0,1.0,0,0)
DispatchTrackball(-1,916628,2,-4.0,3.0,0.0,0.0,0,1.0,1.0,0,0)
DispatchTrackball(-1,916635,2,4.0,4.0,0.0,0.0,0,1.0,1.0,0,0)
DispatchTrackball(-1,917459,2,-1.0,0.0,0.0,0.0,0,1.0,1.0,0,0)
DispatchTrackball(-1,917483,2,-2.0,-4.0,0.0,0.0,0,1.0,1.0,0,0)
DispatchKey(917489,917489,0,20,0,0,-1,0)
DispatchKey(918080,918080,1,20,0,0,-1,0)
DispatchKey(918133,918133,0,25,0,0,-1,0)
DispatchKey(918297,918297,1,25,0,0,-1,0)
DispatchKey(918445,918445,0,20,0,0,-1,0)
DispatchKey(918485,918485,1,20,0,0,-1,0)
DispatchPointer(918515,918515,0,343.0,183.0,0.0,0.0,0,1.0,1.0,0,0)
DispatchPointer(918515,918545,1,341.27762,168.18982,0.0,0.0,0,1.0,1.0,0,0)
DispatchKey(918568,918568,0,21,0,0,-1,0)
DispatchKey(918594,918594,1,21,0,0,-1,0)












































DispatchKey(921792,921792,0,20,0,0,-1,0)
DispatchKey(921871,921871,1,20,0,0,-1,0)





































































































































DispatchPointer(941867,941868,0,199.0,478.0,0.0,0.0,0,1.0,1.0,0,0)
DispatchPointer(941867,941879,2,198.90248,478.17874,0.0,0.0,0,1.0,1.0,0,0)
DispatchPointer(941867,941900,2,198.88875,480.27322,0.0,0.0,0,1.0,1.0,0,0)
DispatchPointer(941867,941908,1,198.70963,485.43613,0.0,0.0,0,1.0,1.0,0,0)
LaunchActivity(com.smorgasbork.hotdeath,com.smorgasbork.hotdeath.Main)
DispatchKey(941960,941960,0,82,0,0,-1,0)
DispatchKey(941970,941970,1,82,0,0,-1,0)
DispatchTrackball(-1,942043,2,-2.0,-3.0,0.0,0.0,0,1.0,1.0,0,0)
DispatchTrackball(-1,942076,2,2.0,1.0,0.0,0.0,0,1.0,1.0,0,0)
DispatchTrackball(-1,942090,2,1.0,-1.0,0.0,0.0,0,1.0,1.0,0,0)
DispatchTrackball(-1,942117,2,-3.0,-4.0,0.0,0.0,0,1.0,1.0,0,0)
DispatchTrackball(-1,942123,2,-1.0,0.0,0.0,0.0,0,1.0,1.0,0,0)
DispatchTrackball(-1,942128,2,-1.0,2.0,0.0,0.0,0,1.0,1.0,0,0)
DispatchTrackball(-1,942143,2,-2.0,3.0,0.0,0.0,0,1.0,1.0,0,0)
DispatchTrackball(-1,942151,2,1.0,-5.0,0.0,0.0,0,1.0,1.0,0,0)
DispatchTrackball(-1,942157,2,4.0,-2.0,0.0,0.0,0,1.0,1.0,0,0)
DispatchTrackball(-1,942162,2,4.0,0.0,0.0,0.0,0,1.0,1.0,0,0)
DispatchKey(942254,942254,0,82,0,0,-1,0)
DispatchKey(942335,942335,1,82,0,0,-1,0)
DispatchTrackball(-1,942420,2,-3.0,1.0,0.0,0.0,0,1.0,1.0,0,0)
DispatchTrackball(-1,942444,2,1.0,-2.0,0.0,0.0,0,1.0,1.0,0,0)
DispatchTrackball(-1,942461,2,0.0,-3.0,0.0,0.0,0,1.0,1.0,0,0)
DispatchTrackball(-1,942467,2,-2.0,4.0,0.0,0.0,0,1.0,1.0,0,0)
DispatchTrackball(-1,942488,2,0.0,-2.0,0.0,0.0,0,1.0,1.0,0,0)
DispatchTrackball(-1,942494,2,0.0,2.0,0.0,0.0,0,1.0,1.0,0,0)
DispatchTrackball(-1,942500,2,4.0,-2.0,0.0,0.0,0,1.0,1.0,0,0)
DispatchTrackball(-1,942515,2,0.0,-1.0,0.0,0.0,0,1.0,1.0,0,0)
DispatchTrackball(-1,942531,2,1.0,-2.0,0.0,0.0,0,1.0,1.0,0,0)
DispatchTrackball(-1,942539,2,-2.0,3.0,0.0,0.0,0,1.0,1.0,0,0)
DispatchKey(942557,942557,0,19,0,0,-1,0)
DispatchKey(943110,943110,1,19,0,0,-1,0)
