type= raw events
count= -1
speed= 1.0
start data >>
LaunchActivity(org.wordpress.android,org.wordpress.android.Dashboard)
DispatchPointer(6311192,6311193,0,340.0,783.0,0.0,0.0,0,1.0,1.0,0,0)
DispatchPointer(6311192,6311276,1,349.2489,789.1224,0.0,0.0,0,1.0,1.0,0,0)
DispatchKey(6311324,6311324,0,82,0,0,-1,0)
DispatchKey(6314782,6314782,1,82,0,0,-1,0)
DispatchKey(6315011,6315011,0,19,0,0,-1,0)
DispatchKey(6318786,6318786,1,19,0,0,-1,0)
DispatchKey(6318820,6318820,0,3,0,0,-1,0)
DispatchKey(6318863,6318863,1,3,0,0,-1,0)
DispatchKey(6318947,6318947,0,23,0,0,-1,0)
DispatchKey(6319372,6319372,0,82,0,0,-1,0)
DispatchKey(6319638,6319638,1,82,0,0,-1,0)
DispatchPointer(6319719,6319720,0,345.0,402.0,0.0,0.0,0,1.0,1.0,0,0)
DispatchPointer(6319719,6319813,2,351.06244,391.64053,0.0,0.0,0,1.0,1.0,0,0)
DispatchPointer(6319719,6319902,1,354.04596,388.60153,0.0,0.0,0,1.0,1.0,0,0)
DispatchPointer(6319928,6319928,0,109.0,255.0,0.0,0.0,0,1.0,1.0,0,0)
DispatchPointer(6319928,6319967,1,112.60688,255.58682,0.0,0.0,0,1.0,1.0,0,0)
DispatchKey(6319993,6319993,0,190,0,0,-1,0)
DispatchKey(6320336,6320336,1,190,0,0,-1,0)
DispatchKey(6320423,6320423,0,22,0,0,-1,0)
DispatchKey(6320462,6320462,1,22,0,0,-1,0)
DispatchKey(6320498,6320498,0,22,0,0,-1,0)
DispatchKey(6320529,6320529,1,22,0,0,-1,0)
DispatchPointer(6323366,6323370,0,406.0,361.0,0.0,0.0,0,1.0,1.0,0,0)
DispatchPointer(6323366,6323394,2,405.99545,377.70755,0.0,0.0,0,1.0,1.0,0,0)
DispatchPointer(6323366,6323402,2,405.97812,379.9511,0.0,0.0,0,1.0,1.0,0,0)
DispatchPointer(6323366,6323416,1,405.95053,399.9953,0.0,0.0,0,1.0,1.0,0,0)
DispatchKey(6323447,6323447,0,29,0,0,-1,0)
DispatchKey(6323525,6323525,1,29,0,0,-1,0)
DispatchKey(6323561,6323561,0,22,0,0,-1,0)
DispatchKey(6323580,6323580,1,22,0,0,-1,0)
DispatchKey(6324563,6324563,0,79,0,0,-1,0)
DispatchKey(6324586,6324586,1,79,0,0,-1,0)
DispatchKey(6324626,6324626,0,82,0,0,-1,0)
DispatchKey(6324681,6324681,1,82,0,0,-1,0)
DispatchTrackball(-1,6324704,2,-4.0,3.0,0.0,0.0,0,1.0,1.0,0,0)
DispatchTrackball(-1,6324774,2,-1.0,1.0,0.0,0.0,0,1.0,1.0,0,0)
DispatchTrackball(-1,6324793,2,1.0,-4.0,0.0,0.0,0,1.0,1.0,0,0)
DispatchTrackball(-1,6324806,2,1.0,4.0,0.0,0.0,0,1.0,1.0,0,0)
DispatchTrackball(-1,6324817,2,3.0,-5.0,0.0,0.0,0,1.0,1.0,0,0)
DispatchTrackball(-1,6324846,2,-2.0,3.0,0.0,0.0,0,1.0,1.0,0,0)
DispatchTrackball(-1,6324857,2,-3.0,-2.0,0.0,0.0,0,1.0,1.0,0,0)
DispatchTrackball(-1,6324867,2,2.0,-1.0,0.0,0.0,0,1.0,1.0,0,0)
DispatchTrackball(-1,6324873,2,0.0,2.0,0.0,0.0,0,1.0,1.0,0,0)
DispatchTrackball(-1,6324879,2,-3.0,-4.0,0.0,0.0,0,1.0,1.0,0,0)
DispatchKey(6324898,6324898,0,22,0,0,-1,0)
DispatchKey(6325033,6325033,1,22,0,0,-1,0)
DispatchKey(6325097,6325097,0,19,0,0,-1,0)
DispatchKey(6325143,6325143,1,19,0,0,-1,0)
DispatchKey(6325174,6325174,0,132,0,0,-1,0)
DispatchKey(6325196,6325196,1,132,0,0,-1,0)
DispatchKey(6325209,6325209,0,82,0,0,-1,0)
DispatchKey(6325262,6325262,1,82,0,0,-1,0)
DispatchPointer(6325294,6325294,0,118.0,258.0,0.0,0.0,0,1.0,1.0,0,0)
DispatchPointer(6325294,6325323,1,115.535706,260.8291,0.0,0.0,0,1.0,1.0,0,0)
DispatchKey(6325385,6325385,0,82,0,0,-1,0)
DispatchKey(6325420,6325420,1,82,0,0,-1,0)
DispatchKey(6325439,6325439,0,21,0,0,-1,0)
DispatchKey(6325498,6325498,1,21,0,0,-1,0)
DispatchKey(6325619,6325619,0,20,0,0,-1,0)
DispatchKey(6325714,6325714,1,20,0,0,-1,0)
DispatchKey(6325727,6325727,0,19,0,0,-1,0)
DispatchKey(6325875,6325875,1,19,0,0,-1,0)
DispatchPointer(6325933,6325934,0,277.0,208.0,0.0,0.0,0,1.0,1.0,0,0)
DispatchPointer(6325933,6325949,2,270.6186,204.48682,0.0,0.0,0,1.0,1.0,0,0)
DispatchPointer(6325933,6326001,2,255.71854,199.91548,0.0,0.0,0,1.0,1.0,0,0)
DispatchPointer(6325933,6326009,2,254.22212,196.99277,0.0,0.0,0,1.0,1.0,0,0)
DispatchPointer(6325933,6326027,2,242.62173,193.34991,0.0,0.0,0,1.0,1.0,0,0)
DispatchPointer(6325933,6326032,2,232.70824,192.47414,0.0,0.0,0,1.0,1.0,0,0)
DispatchPointer(6325933,6326040,2,225.25249,190.33286,0.0,0.0,0,1.0,1.0,0,0)
DispatchPointer(6325933,6326054,2,218.40944,190.24207,0.0,0.0,0,1.0,1.0,0,0)
DispatchPointer(6325933,6326060,2,216.0771,186.4054,0.0,0.0,0,1.0,1.0,0,0)
DispatchPointer(6325933,6326069,1,211.93436,185.36943,0.0,0.0,0,1.0,1.0,0,0)
DispatchPointer(6326099,6326099,0,65.0,680.0,0.0,0.0,0,1.0,1.0,0,0)
DispatchPointer(6326099,6326134,1,60.789753,679.65845,0.0,0.0,0,1.0,1.0,0,0)
DispatchPointer(6326185,6326185,0,265.0,714.0,0.0,0.0,0,1.0,1.0,0,0)
DispatchPointer(6326185,6326199,1,263.8146,708.78815,0.0,0.0,0,1.0,1.0,0,0)
DispatchKey(6326238,6326238,0,19,0,0,-1,0)
DispatchKey(6326277,6326277,1,19,0,0,-1,0)
DispatchKey(6326297,6326297,0,25,0,0,-1,0)
DispatchKey(6328152,6328152,1,25,0,0,-1,0)
DispatchTrackball(-1,6328329,2,2.0,-5.0,0.0,0.0,0,1.0,1.0,0,0)
DispatchTrackball(-1,6328374,2,3.0,-2.0,0.0,0.0,0,1.0,1.0,0,0)
DispatchTrackball(-1,6328384,2,4.0,-5.0,0.0,0.0,0,1.0,1.0,0,0)
DispatchTrackball(-1,6328389,2,4.0,-1.0,0.0,0.0,0,1.0,1.0,0,0)
DispatchTrackball(-1,6328403,2,-3.0,-1.0,0.0,0.0,0,1.0,1.0,0,0)
DispatchTrackball(-1,6328409,2,-3.0,-3.0,0.0,0.0,0,1.0,1.0,0,0)
DispatchTrackball(-1,6328435,2,-3.0,2.0,0.0,0.0,0,1.0,1.0,0,0)
DispatchTrackball(-1,6328503,2,3.0,4.0,0.0,0.0,0,1.0,1.0,0,0)
DispatchTrackball(-1,6328509,2,-3.0,3.0,0.0,0.0,0,1.0,1.0,0,0)
DispatchTrackball(-1,6328539,2,-1.0,0.0,0.0,0.0,0,1.0,1.0,0,0)
DispatchPointer(6328591,6328592,0,188.0,631.0,0.0,0.0,0,1.0,1.0,0,0)
DispatchPointer(6328591,6328608,2,185.97353,628.1896,0.0,0.0,0,1.0,1.0,0,0)
DispatchPointer(6328591,6328672,2,185.08127,625.23584,0.0,0.0,0,1.0,1.0,0,0)
DispatchPointer(6328591,6328686,2,184.54031,618.73987,0.0,0.0,0,1.0,1.0,0,0)
DispatchPointer(6328591,6328701,2,183.03513,618.47955,0.0,0.0,0,1.0,1.0,0,0)
DispatchPointer(6328591,6328722,2,182.69023,614.7374,0.0,0.0,0,1.0,1.0,0,0)
DispatchPointer(6328591,6328730,2,180.41173,614.6529,0.0,0.0,0,1.0,1.0,0,0)
DispatchPointer(6328591,6328747,2,178.88521,614.5827,0.0,0.0,0,1.0,1.0,0,0)
DispatchPointer(6328591,6328753,2,177.76163,612.374,0.0,0.0,0,1.0,1.0,0,0)
DispatchPointer(6328591,6328765,1,174.90927,610.0964,0.0,0.0,0,1.0,1.0,0,0)
DispatchPointer(6331180,6331180,0,474.0,755.0,0.0,0.0,0,1.0,1.0,0,0)
DispatchPointer(6331180,6331210,1,474.07327,772.54987,0.0,0.0,0,1.0,1.0,0,0)
DispatchKey(6331286,6331286,0,217,0,0,-1,0)
DispatchKey(6331386,6331386,1,217,0,0,-1,0)
DispatchKey(6331588,6331588,0,22,0,0,-1,0)
DispatchKey(6331633,6331633,1,22,0,0,-1,0)
DispatchKey(6332185,6332185,0,20,0,0,-1,0)
DispatchKey(6332453,6332453,1,20,0,0,-1,0)
DispatchTrackball(-1,6332715,2,-5.0,-4.0,0.0,0.0,0,1.0,1.0,0,0)
DispatchTrackball(-1,6332736,2,4.0,0.0,0.0,0.0,0,1.0,1.0,0,0)
DispatchTrackball(-1,6332746,2,3.0,-2.0,0.0,0.0,0,1.0,1.0,0,0)
DispatchTrackball(-1,6332763,2,-3.0,-2.0,0.0,0.0,0,1.0,1.0,0,0)
DispatchTrackball(-1,6332819,2,4.0,-5.0,0.0,0.0,0,1.0,1.0,0,0)
DispatchTrackball(-1,6332949,2,3.0,-5.0,0.0,0.0,0,1.0,1.0,0,0)
DispatchTrackball(-1,6333014,2,3.0,-3.0,0.0,0.0,0,1.0,1.0,0,0)
DispatchTrackball(-1,6333031,2,-5.0,3.0,0.0,0.0,0,1.0,1.0,0,0)
DispatchTrackball(-1,6333037,2,3.0,-2.0,0.0,0.0,0,1.0,1.0,0,0)
DispatchTrackball(-1,6333056,2,3.0,-5.0,0.0,0.0,0,1.0,1.0,0,0)
LaunchActivity(org.wordpress.android,org.wordpress.android.Dashboard)
DispatchKey(6333435,6333435,0,82,0,0,-1,0)
DispatchKey(6334749,6334749,1,82,0,0,-1,0)
DispatchKey(6334812,6334812,0,82,0,0,-1,0)
DispatchKey(6334824,6334824,1,82,0,0,-1,0)
DispatchTrackball(-1,6335508,2,1.0,1.0,0.0,0.0,0,1.0,1.0,0,0)
DispatchTrackball(-1,6335517,2,-1.0,1.0,0.0,0.0,0,1.0,1.0,0,0)
DispatchTrackball(-1,6335527,2,4.0,1.0,0.0,0.0,0,1.0,1.0,0,0)
DispatchTrackball(-1,6335533,2,-2.0,-1.0,0.0,0.0,0,1.0,1.0,0,0)
DispatchTrackball(-1,6335540,2,0.0,-4.0,0.0,0.0,0,1.0,1.0,0,0)
DispatchTrackball(-1,6335558,2,-4.0,0.0,0.0,0.0,0,1.0,1.0,0,0)
DispatchTrackball(-1,6335586,2,2.0,-4.0,0.0,0.0,0,1.0,1.0,0,0)
DispatchTrackball(-1,6335603,2,3.0,3.0,0.0,0.0,0,1.0,1.0,0,0)
