type= raw events
count= -1
speed= 1.0
start data >>
DispatchPointer(6353295,6353410,2,433.71542,201.57825,0.0,0.0,0,1.0,1.0,0,0)
DispatchPointer(6352494,6352541,2,440.56876,203.31136,0.0,0.0,0,1.0,1.0,0,0)
DispatchPointer(6353295,6353383,2,437.5272,201.45314,0.0,0.0,0,1.0,1.0,0,0)
DispatchKey(6350728,6350728,1,21,0,0,-1,0)
DispatchPointer(6352344,6352428,2,304.51544,609.8678,0.0,0.0,0,1.0,1.0,0,0)
DispatchPointer(6328591,6328753,2,177.76163,612.374,0.0,0.0,0,1.0,1.0,0,0)
DispatchKey(6331286,6331286,0,217,0,0,-1,0)
DispatchPointer(6353295,6353296,0,445.0,201.0,0.0,0.0,0,1.0,1.0,0,0)
DispatchPointer(6352344,6352345,0,350.0,555.0,0.0,0.0,0,1.0,1.0,0,0)
DispatchPointer(6352344,6352446,2,300.0205,623.3614,0.0,0.0,0,1.0,1.0,0,0)
DispatchTrackball(-1,6332763,2,-3.0,-2.0,0.0,0.0,0,1.0,1.0,0,0)
DispatchKey(6325209,6325209,0,82,0,0,-1,0)
DispatchKey(6353861,6353861,1,19,0,0,-1,0)
DispatchFlip(false)
DispatchPointer(6325933,6326009,2,254.22212,196.99277,0.0,0.0,0,1.0,1.0,0,0)
DispatchKey(6334824,6334824,1,82,0,0,-1,0)
DispatchKey(6352942,6352942,1,159,0,0,-1,0)
DispatchPointer(6352344,6352421,2,314.49164,606.60004,0.0,0.0,0,1.0,1.0,0,0)
DispatchKey(6325196,6325196,1,132,0,0,-1,0)
DispatchTrackball(-1,6354027,2,-1.0,-2.0,0.0,0.0,0,1.0,1.0,0,0)
DispatchPointer(6353295,6353363,2,439.87048,201.4024,0.0,0.0,0,1.0,1.0,0,0)
DispatchTrackball(-1,6335540,2,0.0,-4.0,0.0,0.0,0,1.0,1.0,0,0)
DispatchKey(6325385,6325385,0,82,0,0,-1,0)
LaunchActivity(org.wordpress.android,org.wordpress.android.Dashboard)
DispatchTrackball(-1,6335558,2,-4.0,0.0,0.0,0.0,0,1.0,1.0,0,0)
DispatchPointer(6353295,6353474,2,432.69415,201.74632,0.0,0.0,0,1.0,1.0,0,0)
DispatchPointer(6353295,6353558,1,429.64218,201.76491,0.0,0.0,0,1.0,1.0,0,0)
DispatchKey(6353652,6353652,0,19,0,0,-1,0)
DispatchKey(6353709,6353709,1,19,0,0,-1,0)
DispatchKey(6325875,6325875,1,19,0,0,-1,0)
DispatchPointer(6328591,6328672,2,185.08127,625.23584,0.0,0.0,0,1.0,1.0,0,0)
DispatchKey(6353775,6353775,0,82,0,0,-1,0)
DispatchKey(6325727,6325727,0,19,0,0,-1,0)
DispatchTrackball(-1,6335603,2,3.0,3.0,0.0,0.0,0,1.0,1.0,0,0)
DispatchPointer(6352494,6352522,2,432.51227,189.0487,0.0,0.0,0,1.0,1.0,0,0)
DispatchPointer(6328591,6328747,2,178.88521,614.5827,0.0,0.0,0,1.0,1.0,0,0)
DispatchKey(6325498,6325498,1,21,0,0,-1,0)
DispatchTrackball(-1,6354047,2,-1.0,-3.0,0.0,0.0,0,1.0,1.0,0,0)
DispatchKey(6325714,6325714,1,20,0,0,-1,0)
DispatchTrackball(-1,6328509,2,-3.0,3.0,0.0,0.0,0,1.0,1.0,0,0)
DispatchTrackball(-1,6354020,2,-5.0,-1.0,0.0,0.0,0,1.0,1.0,0,0)
DispatchPointer(6353295,6353345,2,441.67813,201.2689,0.0,0.0,0,1.0,1.0,0,0)
DispatchKey(6353819,6353819,1,82,0,0,-1,0)
DispatchTrackball(-1,6332715,2,-5.0,-4.0,0.0,0.0,0,1.0,1.0,0,0)
DispatchKey(6324898,6324898,0,22,0,0,-1,0)
DispatchKey(6325033,6325033,1,22,0,0,-1,0)
DispatchPointer(6328591,6328722,2,182.69023,614.7374,0.0,0.0,0,1.0,1.0,0,0)
DispatchTrackball(-1,6332949,2,3.0,-5.0,0.0,0.0,0,1.0,1.0,0,0)
DispatchKey(6353880,6353880,0,159,0,0,-1,0)
DispatchPointer(6353744,6353756,1,211.79552,497.56097,0.0,0.0,0,1.0,1.0,0,0)
DispatchTrackball(-1,6354013,2,-3.0,-2.0,0.0,0.0,0,1.0,1.0,0,0)
DispatchKey(6325262,6325262,1,82,0,0,-1,0)
DispatchPointer(6325294,6325294,0,118.0,258.0,0.0,0.0,0,1.0,1.0,0,0)
DispatchPointer(6325294,6325323,1,115.535706,260.8291,0.0,0.0,0,1.0,1.0,0,0)
DispatchKey(6325143,6325143,1,19,0,0,-1,0)
LaunchActivity(org.wordpress.android,org.wordpress.android.Dashboard)
DispatchKey(6325439,6325439,0,21,0,0,-1,0)
DispatchKey(6353906,6353906,1,159,0,0,-1,0)
DispatchTrackball(-1,6332746,2,3.0,-2.0,0.0,0.0,0,1.0,1.0,0,0)
DispatchTrackball(-1,6353988,2,2.0,3.0,0.0,0.0,0,1.0,1.0,0,0)
DispatchKey(6325174,6325174,0,132,0,0,-1,0)
DispatchPointer(6353744,6353744,0,199.0,485.0,0.0,0.0,0,1.0,1.0,0,0)
DispatchTrackball(-1,6332736,2,4.0,0.0,0.0,0.0,0,1.0,1.0,0,0)
DispatchKey(6333435,6333435,0,82,0,0,-1,0)
DispatchPointer(6325933,6326001,2,255.71854,199.91548,0.0,0.0,0,1.0,1.0,0,0)
DispatchPointer(6328591,6328730,2,180.41173,614.6529,0.0,0.0,0,1.0,1.0,0,0)
DispatchPointer(6325933,6326027,2,242.62173,193.34991,0.0,0.0,0,1.0,1.0,0,0)
DispatchPointer(6325933,6326032,2,232.70824,192.47414,0.0,0.0,0,1.0,1.0,0,0)
DispatchPointer(6325933,6326040,2,225.25249,190.33286,0.0,0.0,0,1.0,1.0,0,0)
DispatchKey(6350705,6350705,0,21,0,0,-1,0)
DispatchPointer(6325933,6326060,2,216.0771,186.4054,0.0,0.0,0,1.0,1.0,0,0)
DispatchKey(6326277,6326277,1,19,0,0,-1,0)
DispatchPointer(6352344,6352465,1,298.49142,642.1958,0.0,0.0,0,1.0,1.0,0,0)
DispatchPointer(6326099,6326134,1,60.789753,679.65845,0.0,0.0,0,1.0,1.0,0,0)
DispatchKey(6331386,6331386,1,217,0,0,-1,0)
DispatchPointer(6326185,6326199,1,263.8146,708.78815,0.0,0.0,0,1.0,1.0,0,0)
DispatchPointer(6325933,6325934,0,277.0,208.0,0.0,0.0,0,1.0,1.0,0,0)
DispatchPointer(6325933,6326069,1,211.93436,185.36943,0.0,0.0,0,1.0,1.0,0,0)
DispatchKey(6325097,6325097,0,19,0,0,-1,0)
DispatchPointer(6328591,6328701,2,183.03513,618.47955,0.0,0.0,0,1.0,1.0,0,0)
DispatchTrackball(-1,6328329,2,2.0,-5.0,0.0,0.0,0,1.0,1.0,0,0)
DispatchTrackball(-1,6328374,2,3.0,-2.0,0.0,0.0,0,1.0,1.0,0,0)
DispatchTrackball(-1,6328384,2,4.0,-5.0,0.0,0.0,0,1.0,1.0,0,0)
DispatchTrackball(-1,6328389,2,4.0,-1.0,0.0,0.0,0,1.0,1.0,0,0)
DispatchPointer(6352494,6352550,1,443.47998,222.03745,0.0,0.0,0,1.0,1.0,0,0)
DispatchTrackball(-1,6328409,2,-3.0,-3.0,0.0,0.0,0,1.0,1.0,0,0)
DispatchTrackball(-1,6328435,2,-3.0,2.0,0.0,0.0,0,1.0,1.0,0,0)
DispatchTrackball(-1,6328503,2,3.0,4.0,0.0,0.0,0,1.0,1.0,0,0)
DispatchPointer(6328591,6328608,2,185.97353,628.1896,0.0,0.0,0,1.0,1.0,0,0)
DispatchKey(6326297,6326297,0,25,0,0,-1,0)
DispatchPointer(6328591,6328592,0,188.0,631.0,0.0,0.0,0,1.0,1.0,0,0)
DispatchPointer(6325933,6326054,2,218.40944,190.24207,0.0,0.0,0,1.0,1.0,0,0)
DispatchPointer(6353295,6353325,2,444.91254,201.13177,0.0,0.0,0,1.0,1.0,0,0)
DispatchPointer(6328591,6328686,2,184.54031,618.73987,0.0,0.0,0,1.0,1.0,0,0)
DispatchPointer(6325933,6325949,2,270.6186,204.48682,0.0,0.0,0,1.0,1.0,0,0)
DispatchKey(6325420,6325420,1,82,0,0,-1,0)
DispatchTrackball(-1,6332819,2,4.0,-5.0,0.0,0.0,0,1.0,1.0,0,0)
DispatchKey(6325619,6325619,0,20,0,0,-1,0)
DispatchPointer(6352494,6352495,0,430.0,183.0,0.0,0.0,0,1.0,1.0,0,0)
DispatchPointer(6328591,6328765,1,174.90927,610.0964,0.0,0.0,0,1.0,1.0,0,0)
DispatchPointer(6352344,6352395,2,332.10345,594.07385,0.0,0.0,0,1.0,1.0,0,0)
DispatchTrackball(-1,6333056,2,3.0,-5.0,0.0,0.0,0,1.0,1.0,0,0)
DispatchPointer(6331180,6331180,0,474.0,755.0,0.0,0.0,0,1.0,1.0,0,0)
DispatchPointer(6326185,6326185,0,265.0,714.0,0.0,0.0,0,1.0,1.0,0,0)
DispatchKey(6331588,6331588,0,22,0,0,-1,0)
DispatchPointer(6352344,6352375,2,336.20404,574.5989,0.0,0.0,0,1.0,1.0,0,0)
DispatchKey(6332185,6332185,0,20,0,0,-1,0)
DispatchKey(6332453,6332453,1,20,0,0,-1,0)
DispatchTrackball(-1,6324879,2,-3.0,-4.0,0.0,0.0,0,1.0,1.0,0,0)
DispatchKey(6326238,6326238,0,19,0,0,-1,0)
DispatchTrackball(-1,6353964,2,-2.0,1.0,0.0,0.0,0,1.0,1.0,0,0)
DispatchPointer(6326099,6326099,0,65.0,680.0,0.0,0.0,0,1.0,1.0,0,0)
DispatchTrackball(-1,6328403,2,-3.0,-1.0,0.0,0.0,0,1.0,1.0,0,0)
DispatchPointer(6353295,6353390,2,436.30905,201.4828,0.0,0.0,0,1.0,1.0,0,0)
DispatchTrackball(-1,6333014,2,3.0,-3.0,0.0,0.0,0,1.0,1.0,0,0)
DispatchTrackball(-1,6333031,2,-5.0,3.0,0.0,0.0,0,1.0,1.0,0,0)
DispatchTrackball(-1,6333037,2,3.0,-2.0,0.0,0.0,0,1.0,1.0,0,0)
DispatchPointer(6331180,6331210,1,474.07327,772.54987,0.0,0.0,0,1.0,1.0,0,0)
DispatchKey(6353841,6353841,0,19,0,0,-1,0)
DispatchKey(6328152,6328152,1,25,0,0,-1,0)
DispatchKey(6334749,6334749,1,82,0,0,-1,0)
DispatchKey(6334812,6334812,0,82,0,0,-1,0)
DispatchKey(6352580,6352580,0,159,0,0,-1,0)
DispatchTrackball(-1,6335508,2,1.0,1.0,0.0,0.0,0,1.0,1.0,0,0)
DispatchTrackball(-1,6335517,2,-1.0,1.0,0.0,0.0,0,1.0,1.0,0,0)
DispatchTrackball(-1,6335527,2,4.0,1.0,0.0,0.0,0,1.0,1.0,0,0)
DispatchTrackball(-1,6335533,2,-2.0,-1.0,0.0,0.0,0,1.0,1.0,0,0)
DispatchKey(6331633,6331633,1,22,0,0,-1,0)
DispatchPointer(6353295,6353450,2,433.54984,201.63489,0.0,0.0,0,1.0,1.0,0,0)
DispatchTrackball(-1,6335586,2,2.0,-4.0,0.0,0.0,0,1.0,1.0,0,0)
DispatchTrackball(-1,6328539,2,-1.0,0.0,0.0,0.0,0,1.0,1.0,0,0)
