type= raw events
count= -1
speed= 1.0
start data >>
LaunchActivity(org.wordpress.android,org.wordpress.android.Dashboard)
DispatchKey(6428232,6428232,0,2,0,0,-1,0)
DispatchKey(6429901,6429901,1,2,0,0,-1,0)
DispatchTrackball(-1,6429970,2,2.0,-5.0,0.0,0.0,0,1.0,1.0,0,0)
DispatchTrackball(-1,6430013,2,4.0,0.0,0.0,0.0,0,1.0,1.0,0,0)
DispatchTrackball(-1,6430028,2,-4.0,3.0,0.0,0.0,0,1.0,1.0,0,0)
DispatchTrackball(-1,6430063,2,-3.0,-4.0,0.0,0.0,0,1.0,1.0,0,0)
DispatchTrackball(-1,6430083,2,3.0,1.0,0.0,0.0,0,1.0,1.0,0,0)
DispatchTrackball(-1,6430093,2,-4.0,-3.0,0.0,0.0,0,1.0,1.0,0,0)
DispatchTrackball(-1,6430115,2,-4.0,3.0,0.0,0.0,0,1.0,1.0,0,0)
DispatchTrackball(-1,6430139,2,3.0,-2.0,0.0,0.0,0,1.0,1.0,0,0)
DispatchTrackball(-1,6430162,2,4.0,3.0,0.0,0.0,0,1.0,1.0,0,0)
DispatchTrackball(-1,6430169,2,3.0,2.0,0.0,0.0,0,1.0,1.0,0,0)
DispatchTrackball(-1,6430402,2,-2.0,-2.0,0.0,0.0,0,1.0,1.0,0,0)
DispatchTrackball(-1,6430428,2,-5.0,0.0,0.0,0.0,0,1.0,1.0,0,0)
DispatchTrackball(-1,6430446,2,4.0,-5.0,0.0,0.0,0,1.0,1.0,0,0)
DispatchTrackball(-1,6430457,2,0.0,-1.0,0.0,0.0,0,1.0,1.0,0,0)
DispatchTrackball(-1,6430469,2,4.0,3.0,0.0,0.0,0,1.0,1.0,0,0)
DispatchTrackball(-1,6430499,2,2.0,1.0,0.0,0.0,0,1.0,1.0,0,0)
DispatchTrackball(-1,6434446,2,0.0,-2.0,0.0,0.0,0,1.0,1.0,0,0)
DispatchTrackball(-1,6434455,2,-3.0,4.0,0.0,0.0,0,1.0,1.0,0,0)
DispatchTrackball(-1,6434472,2,-2.0,1.0,0.0,0.0,0,1.0,1.0,0,0)
DispatchTrackball(-1,6434490,2,3.0,-4.0,0.0,0.0,0,1.0,1.0,0,0)
DispatchPointer(6434512,6434513,0,426.0,225.0,0.0,0.0,0,1.0,1.0,0,0)
DispatchPointer(6434512,6434561,261,422.30933,238.60959,0.0,0.0,0,1.0,1.0,0,0)
DispatchPointer(6434512,6434575,2,413.52115,242.97514,0.0,0.0,0,1.0,1.0,0,0)
DispatchPointer(6434512,6434631,2,405.74783,257.41644,0.0,0.0,0,1.0,1.0,0,0)
DispatchPointer(6434512,6434639,2,396.7445,259.871,0.0,0.0,0,1.0,1.0,0,0)
DispatchPointer(6434512,6434661,2,389.32687,268.64023,0.0,0.0,0,1.0,1.0,0,0)
DispatchPointer(6434512,6434680,2,380.3621,276.03726,0.0,0.0,0,1.0,1.0,0,0)
DispatchPointer(6434512,6434697,262,377.06552,295.30878,0.0,0.0,0,1.0,1.0,0,0)
DispatchPointer(6434512,6434705,1,365.511,312.6606,0.0,0.0,0,1.0,1.0,0,0)
DispatchPointer(6434760,6434761,0,398.0,240.0,0.0,0.0,0,1.0,1.0,0,0)
DispatchPointer(6434760,6434801,1,400.82083,245.32549,0.0,0.0,0,1.0,1.0,0,0)
DispatchTrackball(-1,6434835,2,0.0,-3.0,0.0,0.0,0,1.0,1.0,0,0)
DispatchTrackball(-1,6434886,2,1.0,-4.0,0.0,0.0,0,1.0,1.0,0,0)
DispatchTrackball(-1,6434910,2,2.0,-1.0,0.0,0.0,0,1.0,1.0,0,0)
DispatchTrackball(-1,6434923,2,-5.0,4.0,0.0,0.0,0,1.0,1.0,0,0)
DispatchTrackball(-1,6434943,2,-5.0,-3.0,0.0,0.0,0,1.0,1.0,0,0)
DispatchTrackball(-1,6434965,2,1.0,-3.0,0.0,0.0,0,1.0,1.0,0,0)
DispatchTrackball(-1,6435549,2,-3.0,2.0,0.0,0.0,0,1.0,1.0,0,0)
DispatchTrackball(-1,6435580,2,2.0,-4.0,0.0,0.0,0,1.0,1.0,0,0)
DispatchTrackball(-1,6435589,2,-5.0,3.0,0.0,0.0,0,1.0,1.0,0,0)
DispatchTrackball(-1,6435627,2,0.0,3.0,0.0,0.0,0,1.0,1.0,0,0)
DispatchKey(6435651,6435651,0,82,0,0,-1,0)
DispatchKey(6436149,6436149,1,82,0,0,-1,0)
DispatchPointer(6436194,6436194,0,396.0,124.0,0.0,0.0,0,1.0,1.0,0,0)
DispatchPointer(6436194,6436236,2,407.60718,139.7003,0.0,0.0,0,1.0,1.0,0,0)
DispatchPointer(6436194,6436256,2,412.18048,152.72256,0.0,0.0,0,1.0,1.0,0,0)
DispatchPointer(6436194,6436276,2,421.5912,158.792,0.0,0.0,0,1.0,1.0,0,0)
DispatchPointer(6436194,6436293,1,422.4376,159.13567,0.0,0.0,0,1.0,1.0,0,0)
DispatchPointer(6436326,6436326,0,376.0,667.0,0.0,0.0,0,1.0,1.0,0,0)
DispatchPointer(6436326,6436342,1,367.19455,686.7937,0.0,0.0,0,1.0,1.0,0,0)
DispatchKey(6436375,6436375,0,21,0,0,-1,0)
DispatchKey(6436469,6436469,1,21,0,0,-1,0)
DispatchKey(6436512,6436512,0,82,0,0,-1,0)
DispatchKey(6436600,6436600,1,82,0,0,-1,0)
DispatchKey(6436619,6436619,0,187,0,0,-1,0)
DispatchKey(6436663,6436663,1,187,0,0,-1,0)
DispatchTrackball(-1,6436694,2,2.0,0.0,0.0,0.0,0,1.0,1.0,0,0)
DispatchTrackball(-1,6436727,2,1.0,-1.0,0.0,0.0,0,1.0,1.0,0,0)
DispatchTrackball(-1,6436739,2,3.0,-2.0,0.0,0.0,0,1.0,1.0,0,0)
DispatchTrackball(-1,6436759,2,-2.0,2.0,0.0,0.0,0,1.0,1.0,0,0)
DispatchTrackball(-1,6436767,2,1.0,-1.0,0.0,0.0,0,1.0,1.0,0,0)
DispatchTrackball(-1,6436774,2,-4.0,4.0,0.0,0.0,0,1.0,1.0,0,0)
DispatchTrackball(-1,6436790,2,0.0,-4.0,0.0,0.0,0,1.0,1.0,0,0)
DispatchTrackball(-1,6436796,2,-5.0,0.0,0.0,0.0,0,1.0,1.0,0,0)
DispatchTrackball(-1,6436823,2,-1.0,3.0,0.0,0.0,0,1.0,1.0,0,0)
DispatchTrackball(-1,6436867,2,-2.0,0.0,0.0,0.0,0,1.0,1.0,0,0)
DispatchPointer(6436885,6436885,0,71.0,115.0,0.0,0.0,0,1.0,1.0,0,0)
DispatchPointer(6436885,6436897,1,70.868576,117.4769,0.0,0.0,0,1.0,1.0,0,0)
DispatchPointer(6436940,6436940,0,371.0,401.0,0.0,0.0,0,1.0,1.0,0,0)
DispatchPointer(6436940,6436977,1,370.4858,413.81244,0.0,0.0,0,1.0,1.0,0,0)
DispatchPointer(6437019,6437020,0,26.0,696.0,0.0,0.0,0,1.0,1.0,0,0)
DispatchPointer(6437019,6437046,1,24.799162,695.0546,0.0,0.0,0,1.0,1.0,0,0)
DispatchKey(6437166,6437166,1,20,0,0,-1,0)
DispatchKey(6437417,6437417,0,23,0,0,-1,0)
DispatchKey(6437459,6437459,1,23,0,0,-1,0)
DispatchFlip(false)
DispatchKey(6437515,6437515,0,23,0,0,-1,0)
DispatchKey(6437690,6437690,1,23,0,0,-1,0)
DispatchPointer(6437752,6437752,0,307.0,629.0,0.0,0.0,0,1.0,1.0,0,0)
DispatchPointer(6437752,6437874,1,317.5121,631.8192,0.0,0.0,0,1.0,1.0,0,0)
DispatchKey(6437888,6437888,0,19,0,0,-1,0)
DispatchKey(6440637,6440637,1,19,0,0,-1,0)
DispatchKey(6440726,6440726,0,19,0,0,-1,0)
DispatchKey(6441882,6441882,1,19,0,0,-1,0)
DispatchKey(6441932,6441932,0,20,0,0,-1,0)
DispatchKey(6441988,6441988,1,20,0,0,-1,0)
DispatchPointer(6442039,6442051,0,158.0,602.0,0.0,0.0,0,1.0,1.0,0,0)
DispatchPointer(6442039,6442107,2,177.81398,614.9735,0.0,0.0,0,1.0,1.0,0,0)
DispatchPointer(6442039,6442122,2,201.52101,625.7267,0.0,0.0,0,1.0,1.0,0,0)
DispatchPointer(6442039,6442129,2,216.23315,635.95886,0.0,0.0,0,1.0,1.0,0,0)
DispatchPointer(6442039,6442145,1,233.3653,651.6096,0.0,0.0,0,1.0,1.0,0,0)
DispatchKey(6442157,6442157,0,21,0,0,-1,0)
DispatchKey(6442481,6442481,1,21,0,0,-1,0)
DispatchTrackball(-1,6442551,2,1.0,-2.0,0.0,0.0,0,1.0,1.0,0,0)
DispatchTrackball(-1,6442581,2,-5.0,1.0,0.0,0.0,0,1.0,1.0,0,0)
DispatchTrackball(-1,6442617,2,-5.0,-1.0,0.0,0.0,0,1.0,1.0,0,0)
DispatchTrackball(-1,6442624,2,3.0,3.0,0.0,0.0,0,1.0,1.0,0,0)
DispatchTrackball(-1,6442640,2,1.0,-3.0,0.0,0.0,0,1.0,1.0,0,0)
DispatchTrackball(-1,6442646,2,-4.0,-4.0,0.0,0.0,0,1.0,1.0,0,0)
DispatchTrackball(-1,6442663,2,-3.0,-3.0,0.0,0.0,0,1.0,1.0,0,0)
DispatchTrackball(-1,6442681,2,0.0,0.0,0.0,0.0,0,1.0,1.0,0,0)
DispatchTrackball(-1,6442688,2,1.0,3.0,0.0,0.0,0,1.0,1.0,0,0)
DispatchTrackball(-1,6442771,2,0.0,-3.0,0.0,0.0,0,1.0,1.0,0,0)
DispatchTrackball(6442551,6442816,0,0.0,0.0,0.0,0.0,0,1.0,1.0,0,0)
DispatchTrackball(6442551,6442826,1,0.0,0.0,0.0,0.0,0,1.0,1.0,0,0)
DispatchTrackball(-1,6442866,2,3.0,-2.0,0.0,0.0,0,1.0,1.0,0,0)
DispatchTrackball(-1,6442895,2,4.0,0.0,0.0,0.0,0,1.0,1.0,0,0)
DispatchTrackball(-1,6442908,2,4.0,2.0,0.0,0.0,0,1.0,1.0,0,0)
DispatchTrackball(-1,6442942,2,0.0,-1.0,0.0,0.0,0,1.0,1.0,0,0)
DispatchTrackball(-1,6442967,2,-2.0,-4.0,0.0,0.0,0,1.0,1.0,0,0)
DispatchTrackball(-1,6443015,2,0.0,-3.0,0.0,0.0,0,1.0,1.0,0,0)
DispatchTrackball(-1,6443172,2,0.0,0.0,0.0,0.0,0,1.0,1.0,0,0)
DispatchTrackball(-1,6443191,2,-4.0,1.0,0.0,0.0,0,1.0,1.0,0,0)
DispatchTrackball(-1,6443203,2,-5.0,4.0,0.0,0.0,0,1.0,1.0,0,0)
DispatchTrackball(-1,6443213,2,-2.0,-5.0,0.0,0.0,0,1.0,1.0,0,0)
DispatchKey(6443234,6443234,0,168,0,0,-1,0)
DispatchKey(6443394,6443394,1,168,0,0,-1,0)
DispatchPointer(6443460,6443460,0,239.0,580.0,0.0,0.0,0,1.0,1.0,0,0)
DispatchPointer(6443460,6443500,1,250.72787,586.86115,0.0,0.0,0,1.0,1.0,0,0)
DispatchTrackball(-1,6443529,2,-4.0,2.0,0.0,0.0,0,1.0,1.0,0,0)
DispatchTrackball(-1,6443555,2,2.0,-4.0,0.0,0.0,0,1.0,1.0,0,0)
DispatchTrackball(-1,6443576,2,4.0,-2.0,0.0,0.0,0,1.0,1.0,0,0)
DispatchTrackball(-1,6443585,2,-5.0,-2.0,0.0,0.0,0,1.0,1.0,0,0)
DispatchTrackball(-1,6443603,2,-1.0,-3.0,0.0,0.0,0,1.0,1.0,0,0)
DispatchTrackball(-1,6443610,2,-2.0,1.0,0.0,0.0,0,1.0,1.0,0,0)
DispatchTrackball(-1,6443629,2,1.0,0.0,0.0,0.0,0,1.0,1.0,0,0)
DispatchTrackball(-1,6443637,2,3.0,1.0,0.0,0.0,0,1.0,1.0,0,0)
DispatchTrackball(-1,6443644,2,-3.0,4.0,0.0,0.0,0,1.0,1.0,0,0)
DispatchTrackball(-1,6443652,2,0.0,-2.0,0.0,0.0,0,1.0,1.0,0,0)
DispatchKey(6443675,6443675,0,3,0,0,-1,0)
DispatchKey(6443717,6443717,1,3,0,0,-1,0)
DispatchKey(6444219,6444219,1,23,0,0,-1,0)
DispatchKey(6446376,6446376,0,21,0,0,-1,0)
DispatchKey(6446518,6446518,1,21,0,0,-1,0)
DispatchKey(6446673,6446673,0,25,0,0,-1,0)
DispatchKey(6446914,6446914,1,25,0,0,-1,0)
DispatchPointer(6449876,6449876,0,58.0,255.0,0.0,0.0,0,1.0,1.0,0,0)
DispatchPointer(6449876,6449900,1,43.173973,247.56764,0.0,0.0,0,1.0,1.0,0,0)
