type= raw events
count= -1
speed= 1.0
start data >>
LaunchActivity(org.wordpress.android,org.wordpress.android.Dashboard)
DispatchPointer(6534014,6534015,0,390.0,156.0,0.0,0.0,0,1.0,1.0,0,0)
DispatchPointer(6534014,6534135,2,399.67896,153.6195,0.0,0.0,0,1.0,1.0,0,0)
DispatchPointer(6534014,6534147,2,414.85837,148.10631,0.0,0.0,0,1.0,1.0,0,0)
DispatchPointer(6534014,6534158,1,420.37457,145.12608,0.0,0.0,0,1.0,1.0,0,0)
DispatchKey(6544504,6544504,0,54,0,0,-1,0)
DispatchKey(6545084,6545084,1,54,0,0,-1,0)
DispatchTrackball(-1,6545157,2,-1.0,-4.0,0.0,0.0,0,1.0,1.0,0,0)
DispatchTrackball(-1,6545184,2,-3.0,4.0,0.0,0.0,0,1.0,1.0,0,0)
DispatchTrackball(-1,6545204,2,-4.0,-2.0,0.0,0.0,0,1.0,1.0,0,0)
DispatchTrackball(-1,6545214,2,-4.0,1.0,0.0,0.0,0,1.0,1.0,0,0)
DispatchTrackball(-1,6545221,2,-4.0,-4.0,0.0,0.0,0,1.0,1.0,0,0)
DispatchTrackball(-1,6545229,2,3.0,0.0,0.0,0.0,0,1.0,1.0,0,0)
DispatchTrackball(-1,6545233,2,3.0,-4.0,0.0,0.0,0,1.0,1.0,0,0)
DispatchTrackball(-1,6545250,2,4.0,0.0,0.0,0.0,0,1.0,1.0,0,0)
DispatchTrackball(-1,6545270,2,-2.0,0.0,0.0,0.0,0,1.0,1.0,0,0)
DispatchTrackball(-1,6545279,2,-1.0,0.0,0.0,0.0,0,1.0,1.0,0,0)
DispatchKey(6563733,6563733,1,20,0,0,-1,0)
DispatchKey(6563759,6563759,0,22,0,0,-1,0)
DispatchKey(6563783,6563783,1,22,0,0,-1,0)
DispatchKey(6563847,6563847,0,20,0,0,-1,0)
DispatchKey(6563883,6563883,1,20,0,0,-1,0)
DispatchKey(6563911,6563911,0,82,0,0,-1,0)
DispatchKey(6563923,6563923,1,82,0,0,-1,0)
DispatchPointer(6564015,6564016,0,430.0,171.0,0.0,0.0,0,1.0,1.0,0,0)
DispatchPointer(6564015,6564029,1,432.65747,192.80272,0.0,0.0,0,1.0,1.0,0,0)
DispatchPointer(6564105,6564105,0,314.0,200.0,0.0,0.0,0,1.0,1.0,0,0)
DispatchPointer(6564105,6564130,1,302.13126,195.58833,0.0,0.0,0,1.0,1.0,0,0)
LaunchActivity(org.wordpress.android,org.wordpress.android.Dashboard)
DispatchKey(6564233,6564233,0,23,0,0,-1,0)
DispatchKey(6564257,6564257,1,23,0,0,-1,0)
LaunchActivity(org.wordpress.android,org.wordpress.android.Dashboard)
DispatchKey(6564349,6564349,0,22,0,0,-1,0)
DispatchKey(6564408,6564408,1,22,0,0,-1,0)
DispatchTrackball(-1,6564509,2,-1.0,-5.0,0.0,0.0,0,1.0,1.0,0,0)
DispatchTrackball(-1,6564544,2,-1.0,-3.0,0.0,0.0,0,1.0,1.0,0,0)
DispatchTrackball(-1,6564554,2,4.0,-3.0,0.0,0.0,0,1.0,1.0,0,0)
DispatchTrackball(-1,6564572,2,4.0,-2.0,0.0,0.0,0,1.0,1.0,0,0)
DispatchTrackball(-1,6564583,2,0.0,0.0,0.0,0.0,0,1.0,1.0,0,0)
DispatchTrackball(-1,6564590,2,4.0,-5.0,0.0,0.0,0,1.0,1.0,0,0)
DispatchTrackball(-1,6564606,2,-4.0,-2.0,0.0,0.0,0,1.0,1.0,0,0)
DispatchTrackball(-1,6564613,2,0.0,1.0,0.0,0.0,0,1.0,1.0,0,0)
DispatchTrackball(-1,6564618,2,1.0,-1.0,0.0,0.0,0,1.0,1.0,0,0)
DispatchTrackball(-1,6564625,2,4.0,4.0,0.0,0.0,0,1.0,1.0,0,0)
DispatchKey(6564651,6564651,0,82,0,0,-1,0)
DispatchKey(6564729,6564729,1,82,0,0,-1,0)
DispatchPointer(6564843,6564843,0,242.0,705.0,0.0,0.0,0,1.0,1.0,0,0)
DispatchPointer(6564843,6564888,1,251.34917,704.378,0.0,0.0,0,1.0,1.0,0,0)
GUIGen(7)
DispatchPointer(6587288,6587289,0,56.0,726.0,0.0,0.0,0,1.0,1.0,0,0)
DispatchPointer(6587288,6587315,2,46.30528,724.83795,0.0,0.0,0,1.0,1.0,0,0)
DispatchPointer(6587288,6587326,2,41.867817,710.6075,0.0,0.0,0,1.0,1.0,0,0)
DispatchPointer(6587288,6587335,2,28.532711,706.6527,0.0,0.0,0,1.0,1.0,0,0)
DispatchPointer(6587288,6587348,2,19.30281,697.1693,0.0,0.0,0,1.0,1.0,0,0)
DispatchPointer(6587288,6587380,2,16.50745,684.2426,0.0,0.0,0,1.0,1.0,0,0)
DispatchPointer(6587288,6587390,2,13.920958,675.69226,0.0,0.0,0,1.0,1.0,0,0)
DispatchPointer(6587288,6587398,2,13.523448,675.5675,0.0,0.0,0,1.0,1.0,0,0)
DispatchPointer(6587288,6587405,2,11.506054,668.7018,0.0,0.0,0,1.0,1.0,0,0)
DispatchPointer(6587288,6587423,2,4.293733,660.9536,0.0,0.0,0,1.0,1.0,0,0)
DispatchPointer(6587288,6587446,1,0.0,649.91656,0.0,0.0,0,1.0,1.0,0,0)
DispatchKey(6587546,6587546,0,82,0,0,-1,0)
DispatchKey(6587558,6587558,1,82,0,0,-1,0)
DispatchPointer(6587666,6587666,0,182.0,489.0,0.0,0.0,0,1.0,1.0,0,0)
DispatchPointer(6587666,6587677,1,170.76483,487.71893,0.0,0.0,0,1.0,1.0,0,0)
DispatchTrackball(-1,6587708,2,-2.0,-4.0,0.0,0.0,0,1.0,1.0,0,0)
DispatchTrackball(-1,6587724,2,0.0,-5.0,0.0,0.0,0,1.0,1.0,0,0)
DispatchTrackball(-1,6587759,2,1.0,-4.0,0.0,0.0,0,1.0,1.0,0,0)
DispatchTrackball(-1,6587776,2,3.0,3.0,0.0,0.0,0,1.0,1.0,0,0)
DispatchTrackball(-1,6587792,2,-1.0,-4.0,0.0,0.0,0,1.0,1.0,0,0)
DispatchTrackball(-1,6587799,2,4.0,1.0,0.0,0.0,0,1.0,1.0,0,0)
DispatchTrackball(-1,6587806,2,1.0,4.0,0.0,0.0,0,1.0,1.0,0,0)
DispatchTrackball(-1,6587828,2,-5.0,-1.0,0.0,0.0,0,1.0,1.0,0,0)
DispatchTrackball(-1,6587867,2,-2.0,-3.0,0.0,0.0,0,1.0,1.0,0,0)
DispatchTrackball(-1,6587874,2,2.0,-2.0,0.0,0.0,0,1.0,1.0,0,0)
DispatchKey(6587890,6587890,0,23,0,0,-1,0)
DispatchKey(6588149,6588149,1,23,0,0,-1,0)
DispatchTrackball(-1,6588190,2,0.0,3.0,0.0,0.0,0,1.0,1.0,0,0)
DispatchTrackball(-1,6588226,2,-4.0,-3.0,0.0,0.0,0,1.0,1.0,0,0)
DispatchTrackball(-1,6588240,2,-5.0,-1.0,0.0,0.0,0,1.0,1.0,0,0)
DispatchTrackball(-1,6588258,2,1.0,-5.0,0.0,0.0,0,1.0,1.0,0,0)
DispatchTrackball(-1,6588264,2,-3.0,0.0,0.0,0.0,0,1.0,1.0,0,0)
DispatchTrackball(-1,6588324,2,-1.0,3.0,0.0,0.0,0,1.0,1.0,0,0)
