type= raw events
count= -1
speed= 1.0
start data >>
DispatchKey(6897278,6897278,0,21,0,0,-1,0)
DispatchKey(6900068,6900068,1,21,0,0,-1,0)
DispatchKey(6900143,6900143,0,32,0,0,-1,0)
DispatchKey(6904363,6904363,1,32,0,0,-1,0)
DispatchTrackball(-1,6904437,2,-2.0,-3.0,0.0,0.0,0,1.0,1.0,0,0)
DispatchTrackball(-1,6904479,2,0.0,-4.0,0.0,0.0,0,1.0,1.0,0,0)
DispatchTrackball(-1,6904504,2,-2.0,4.0,0.0,0.0,0,1.0,1.0,0,0)
DispatchTrackball(-1,6904509,2,-5.0,3.0,0.0,0.0,0,1.0,1.0,0,0)
DispatchTrackball(-1,6904545,2,-3.0,3.0,0.0,0.0,0,1.0,1.0,0,0)
DispatchTrackball(-1,6904585,2,-5.0,-2.0,0.0,0.0,0,1.0,1.0,0,0)
DispatchTrackball(-1,6904596,2,0.0,0.0,0.0,0.0,0,1.0,1.0,0,0)
DispatchTrackball(-1,6904607,2,-4.0,1.0,0.0,0.0,0,1.0,1.0,0,0)
DispatchTrackball(-1,6904616,2,-5.0,3.0,0.0,0.0,0,1.0,1.0,0,0)
DispatchTrackball(-1,6904633,2,-4.0,-3.0,0.0,0.0,0,1.0,1.0,0,0)
DispatchKey(6904655,6904655,0,82,0,0,-1,0)
DispatchKey(6905219,6905219,1,82,0,0,-1,0)
DispatchTrackball(-1,6905635,2,2.0,3.0,0.0,0.0,0,1.0,1.0,0,0)
DispatchTrackball(-1,6905673,2,-3.0,-4.0,0.0,0.0,0,1.0,1.0,0,0)
DispatchTrackball(-1,6905688,2,-3.0,2.0,0.0,0.0,0,1.0,1.0,0,0)
DispatchTrackball(-1,6905733,2,-4.0,-1.0,0.0,0.0,0,1.0,1.0,0,0)
DispatchTrackball(-1,6905741,2,-4.0,1.0,0.0,0.0,0,1.0,1.0,0,0)
DispatchTrackball(-1,6905749,2,-2.0,-3.0,0.0,0.0,0,1.0,1.0,0,0)
DispatchTrackball(-1,6905778,2,-4.0,-2.0,0.0,0.0,0,1.0,1.0,0,0)
DispatchTrackball(-1,6905789,2,4.0,-4.0,0.0,0.0,0,1.0,1.0,0,0)
DispatchTrackball(-1,6905821,2,0.0,4.0,0.0,0.0,0,1.0,1.0,0,0)
DispatchTrackball(-1,6905874,2,-1.0,1.0,0.0,0.0,0,1.0,1.0,0,0)
DispatchKey(6905883,6905883,0,23,0,0,-1,0)
DispatchPointer(6787465,6787465,0,152.0,501.0,0.0,0.0,0,1.0,1.0,0,0)
DispatchPointer(6787465,6787494,1,146.87698,498.4175,0.0,0.0,0,1.0,1.0,0,0)
DispatchKey(6787583,6787583,0,82,0,0,-1,0)
DispatchKey(6787669,6787669,1,82,0,0,-1,0)
DispatchKey(6787689,6787689,0,20,0,0,-1,0)
DispatchKey(6787839,6787839,1,20,0,0,-1,0)
DispatchTrackball(-1,6788077,2,1.0,1.0,0.0,0.0,0,1.0,1.0,0,0)
DispatchTrackball(-1,6788148,2,2.0,0.0,0.0,0.0,0,1.0,1.0,0,0)
DispatchTrackball(-1,6788178,2,-4.0,-2.0,0.0,0.0,0,1.0,1.0,0,0)
DispatchTrackball(-1,6788243,2,-2.0,1.0,0.0,0.0,0,1.0,1.0,0,0)
DispatchTrackball(-1,6788268,2,-2.0,2.0,0.0,0.0,0,1.0,1.0,0,0)
DispatchTrackball(-1,6788347,2,2.0,1.0,0.0,0.0,0,1.0,1.0,0,0)
DispatchTrackball(-1,6788376,2,-1.0,-3.0,0.0,0.0,0,1.0,1.0,0,0)
DispatchTrackball(-1,6788405,2,1.0,4.0,0.0,0.0,0,1.0,1.0,0,0)
DispatchTrackball(-1,6788423,2,-4.0,-1.0,0.0,0.0,0,1.0,1.0,0,0)
DispatchTrackball(-1,6788463,2,0.0,-5.0,0.0,0.0,0,1.0,1.0,0,0)
DispatchKey(6788671,6788671,0,20,0,0,-1,0)
DispatchKey(6789626,6789626,1,20,0,0,-1,0)
DispatchKey(6789801,6789801,0,23,0,0,-1,0)
DispatchKey(6789822,6789822,1,23,0,0,-1,0)
DispatchKey(6789928,6789928,0,4,0,0,-1,0)
DispatchKey(6789975,6789975,1,4,0,0,-1,0)
DispatchKey(6790125,6790125,0,20,0,0,-1,0)
DispatchKey(6790181,6790181,1,20,0,0,-1,0)
DispatchKey(6790265,6790265,0,61,0,0,-1,0)
DispatchKey(6790746,6790746,1,61,0,0,-1,0)
DispatchPointer(6791137,6791137,0,204.0,444.0,0.0,0.0,0,1.0,1.0,0,0)
DispatchPointer(6791137,6791181,1,213.87045,441.32593,0.0,0.0,0,1.0,1.0,0,0)
DispatchPointer(6791243,6791245,0,13.0,5.0,0.0,0.0,0,1.0,1.0,0,0)
DispatchPointer(6791243,6791303,2,7.2053723,14.448895,0.0,0.0,0,1.0,1.0,0,0)
DispatchPointer(6791243,6791329,2,6.98392,17.831722,0.0,0.0,0,1.0,1.0,0,0)
DispatchPointer(6791243,6791404,2,3.566176,26.186378,0.0,0.0,0,1.0,1.0,0,0)
DispatchPointer(6791243,6791432,1,0.0,34.735218,0.0,0.0,0,1.0,1.0,0,0)
DispatchKey(6791495,6791495,0,19,0,0,-1,0)
DispatchKey(6791827,6791827,1,19,0,0,-1,0)
DispatchKey(6792004,6792004,0,23,0,0,-1,0)
DispatchKey(6792089,6792089,1,23,0,0,-1,0)
DispatchTrackball(-1,6792164,2,-1.0,4.0,0.0,0.0,0,1.0,1.0,0,0)
DispatchTrackball(-1,6792190,2,-3.0,-4.0,0.0,0.0,0,1.0,1.0,0,0)
DispatchTrackball(-1,6792213,2,4.0,0.0,0.0,0.0,0,1.0,1.0,0,0)
DispatchTrackball(-1,6792232,2,-3.0,0.0,0.0,0.0,0,1.0,1.0,0,0)
DispatchTrackball(-1,6792240,2,-1.0,-4.0,0.0,0.0,0,1.0,1.0,0,0)
DispatchTrackball(-1,6792321,2,0.0,3.0,0.0,0.0,0,1.0,1.0,0,0)
DispatchTrackball(-1,6792400,2,3.0,2.0,0.0,0.0,0,1.0,1.0,0,0)
DispatchTrackball(-1,6794821,2,-5.0,-3.0,0.0,0.0,0,1.0,1.0,0,0)
DispatchTrackball(-1,6794830,2,1.0,-5.0,0.0,0.0,0,1.0,1.0,0,0)
DispatchTrackball(-1,6794849,2,-1.0,2.0,0.0,0.0,0,1.0,1.0,0,0)
DispatchKey(6794942,6794942,0,56,0,0,-1,0)
DispatchKey(6796018,6796018,1,56,0,0,-1,0)
DispatchKey(6796197,6796197,0,35,0,0,-1,0)
DispatchKey(6796209,6796209,1,35,0,0,-1,0)
DispatchKey(6796313,6796313,0,82,0,0,-1,0)
DispatchKey(6796325,6796325,1,82,0,0,-1,0)
DispatchKey(6796416,6796416,0,41,0,0,-1,0)
DispatchKey(6796528,6796528,1,41,0,0,-1,0)
DispatchTrackball(-1,6796988,2,-5.0,-4.0,0.0,0.0,0,1.0,1.0,0,0)
DispatchTrackball(-1,6797013,2,1.0,-3.0,0.0,0.0,0,1.0,1.0,0,0)
DispatchTrackball(-1,6797112,2,-3.0,3.0,0.0,0.0,0,1.0,1.0,0,0)
DispatchTrackball(-1,6797121,2,-5.0,-5.0,0.0,0.0,0,1.0,1.0,0,0)
DispatchTrackball(-1,6797129,2,-4.0,-5.0,0.0,0.0,0,1.0,1.0,0,0)
DispatchTrackball(-1,6797138,2,-1.0,-1.0,0.0,0.0,0,1.0,1.0,0,0)
DispatchTrackball(-1,6797181,2,-5.0,-2.0,0.0,0.0,0,1.0,1.0,0,0)
DispatchTrackball(-1,6797190,2,-2.0,-4.0,0.0,0.0,0,1.0,1.0,0,0)
DispatchTrackball(-1,6797210,2,-5.0,4.0,0.0,0.0,0,1.0,1.0,0,0)
DispatchTrackball(-1,6797218,2,0.0,3.0,0.0,0.0,0,1.0,1.0,0,0)
DispatchPointer(6797309,6797321,0,361.0,10.0,0.0,0.0,0,1.0,1.0,0,0)
DispatchPointer(6797309,6797335,2,363.9157,8.29854,0.0,0.0,0,1.0,1.0,0,0)
DispatchPointer(6797309,6797349,2,373.78186,0.0,0.0,0.0,0,1.0,1.0,0,0)
DispatchPointer(6797309,6797389,2,378.03156,0.0,0.0,0.0,0,1.0,1.0,0,0)
DispatchPointer(6797309,6797438,2,387.74457,0.0,0.0,0.0,0,1.0,1.0,0,0)
DispatchPointer(6797309,6797445,2,391.0045,0.0,0.0,0.0,0,1.0,1.0,0,0)
DispatchPointer(6797309,6797462,2,393.24213,0.0,0.0,0.0,0,1.0,1.0,0,0)
DispatchPointer(6797309,6797492,1,394.3096,0.0,0.0,0.0,0,1.0,1.0,0,0)
DispatchKey(6797515,6797515,0,24,0,0,-1,0)
DispatchKey(6797608,6797608,1,24,0,0,-1,0)
DispatchKey(6797681,6797681,0,23,0,0,-1,0)
DispatchKey(6798008,6798008,1,23,0,0,-1,0)
DispatchKey(6798794,6798794,0,82,0,0,-1,0)
DispatchKey(6798859,6798859,1,82,0,0,-1,0)
GUIGen(0)
DispatchKey(6802518,6802518,0,69,0,0,-1,0)
DispatchKey(6802558,6802558,1,69,0,0,-1,0)
DispatchTrackball(-1,6802574,2,-3.0,0.0,0.0,0.0,0,1.0,1.0,0,0)
DispatchTrackball(-1,6802588,2,1.0,-1.0,0.0,0.0,0,1.0,1.0,0,0)
DispatchTrackball(-1,6802601,2,0.0,4.0,0.0,0.0,0,1.0,1.0,0,0)
DispatchTrackball(-1,6802608,2,-4.0,-4.0,0.0,0.0,0,1.0,1.0,0,0)
DispatchTrackball(-1,6802679,2,-1.0,2.0,0.0,0.0,0,1.0,1.0,0,0)
DispatchTrackball(-1,6802736,2,-4.0,-3.0,0.0,0.0,0,1.0,1.0,0,0)
DispatchTrackball(-1,6802744,2,-4.0,-5.0,0.0,0.0,0,1.0,1.0,0,0)
DispatchTrackball(-1,6802783,2,0.0,-1.0,0.0,0.0,0,1.0,1.0,0,0)
DispatchTrackball(-1,6802841,2,3.0,-1.0,0.0,0.0,0,1.0,1.0,0,0)
DispatchTrackball(-1,6802851,2,1.0,-2.0,0.0,0.0,0,1.0,1.0,0,0)
DispatchPointer(6802865,6802866,0,99.0,203.0,0.0,0.0,0,1.0,1.0,0,0)
DispatchPointer(6802865,6802890,1,102.20914,202.50464,0.0,0.0,0,1.0,1.0,0,0)
DispatchPointer(6802965,6802965,0,113.0,713.0,0.0,0.0,0,1.0,1.0,0,0)
DispatchPointer(6802965,6803013,1,101.10702,710.4384,0.0,0.0,0,1.0,1.0,0,0)
DispatchKey(6803122,6803122,0,19,0,0,-1,0)
DispatchKey(6803336,6803336,1,19,0,0,-1,0)
DispatchKey(6803428,6803428,0,21,0,0,-1,0)
DispatchKey(6803489,6803489,1,21,0,0,-1,0)
DispatchKey(6803594,6803594,0,22,0,0,-1,0)
DispatchKey(6803610,6803610,1,22,0,0,-1,0)
DispatchTrackball(-1,6803677,2,3.0,0.0,0.0,0.0,0,1.0,1.0,0,0)
DispatchTrackball(-1,6803706,2,2.0,4.0,0.0,0.0,0,1.0,1.0,0,0)
DispatchTrackball(-1,6803727,2,-2.0,-1.0,0.0,0.0,0,1.0,1.0,0,0)
DispatchTrackball(-1,6803745,2,0.0,3.0,0.0,0.0,0,1.0,1.0,0,0)
DispatchTrackball(-1,6803753,2,3.0,4.0,0.0,0.0,0,1.0,1.0,0,0)
DispatchTrackball(-1,6803758,2,1.0,-4.0,0.0,0.0,0,1.0,1.0,0,0)
DispatchTrackball(-1,6803806,2,3.0,-3.0,0.0,0.0,0,1.0,1.0,0,0)
DispatchTrackball(-1,6803823,2,-2.0,-4.0,0.0,0.0,0,1.0,1.0,0,0)
DispatchTrackball(-1,6803842,2,-4.0,1.0,0.0,0.0,0,1.0,1.0,0,0)
DispatchTrackball(-1,6803863,2,2.0,0.0,0.0,0.0,0,1.0,1.0,0,0)
DispatchKey(6803881,6803881,0,52,0,0,-1,0)
DispatchKey(6804123,6804123,1,52,0,0,-1,0)
DispatchPointer(6804204,6804205,0,157.0,256.0,0.0,0.0,0,1.0,1.0,0,0)
DispatchPointer(6804204,6804230,2,163.94107,251.57756,0.0,0.0,0,1.0,1.0,0,0)
DispatchPointer(6804204,6804287,2,170.8812,249.28374,0.0,0.0,0,1.0,1.0,0,0)
DispatchPointer(6804204,6804312,2,176.03914,239.02135,0.0,0.0,0,1.0,1.0,0,0)
DispatchPointer(6804204,6804335,2,176.495,226.51295,0.0,0.0,0,1.0,1.0,0,0)
DispatchPointer(6804204,6804357,2,180.11404,214.28084,0.0,0.0,0,1.0,1.0,0,0)
DispatchPointer(6804204,6804369,1,187.3738,208.819,0.0,0.0,0,1.0,1.0,0,0)
DispatchTrackball(-1,6804426,2,-2.0,-5.0,0.0,0.0,0,1.0,1.0,0,0)
DispatchTrackball(-1,6804448,2,-5.0,2.0,0.0,0.0,0,1.0,1.0,0,0)
DispatchTrackball(-1,6804457,2,-4.0,1.0,0.0,0.0,0,1.0,1.0,0,0)
DispatchTrackball(-1,6804463,2,4.0,-1.0,0.0,0.0,0,1.0,1.0,0,0)
DispatchTrackball(-1,6804468,2,4.0,-1.0,0.0,0.0,0,1.0,1.0,0,0)
DispatchTrackball(-1,6804484,2,-2.0,-3.0,0.0,0.0,0,1.0,1.0,0,0)
DispatchTrackball(-1,6804489,2,1.0,-2.0,0.0,0.0,0,1.0,1.0,0,0)
DispatchTrackball(-1,6804572,2,1.0,-2.0,0.0,0.0,0,1.0,1.0,0,0)
DispatchTrackball(-1,6804579,2,4.0,0.0,0.0,0.0,0,1.0,1.0,0,0)
DispatchTrackball(-1,6804616,2,-5.0,1.0,0.0,0.0,0,1.0,1.0,0,0)
DispatchTrackball(-1,6804634,2,0.0,2.0,0.0,0.0,0,1.0,1.0,0,0)
DispatchTrackball(-1,6804658,2,0.0,4.0,0.0,0.0,0,1.0,1.0,0,0)
DispatchTrackball(-1,6804665,2,-1.0,3.0,0.0,0.0,0,1.0,1.0,0,0)
DispatchTrackball(-1,6804674,2,-5.0,-3.0,0.0,0.0,0,1.0,1.0,0,0)
DispatchTrackball(-1,6804679,2,-1.0,1.0,0.0,0.0,0,1.0,1.0,0,0)
DispatchTrackball(-1,6804751,2,-5.0,-5.0,0.0,0.0,0,1.0,1.0,0,0)
DispatchTrackball(-1,6804756,2,-4.0,3.0,0.0,0.0,0,1.0,1.0,0,0)
DispatchTrackball(-1,6804791,2,-4.0,4.0,0.0,0.0,0,1.0,1.0,0,0)
DispatchTrackball(-1,6804798,2,-3.0,-2.0,0.0,0.0,0,1.0,1.0,0,0)
DispatchTrackball(-1,6804833,2,-4.0,0.0,0.0,0.0,0,1.0,1.0,0,0)
DispatchPointer(6804853,6804854,0,458.0,119.0,0.0,0.0,0,1.0,1.0,0,0)
DispatchPointer(6804853,6804877,1,474.03595,136.13164,0.0,0.0,0,1.0,1.0,0,0)
DispatchKey(6804903,6804903,0,19,0,0,-1,0)
DispatchKey(6805044,6805044,1,19,0,0,-1,0)
DispatchKey(6805123,6805123,0,20,0,0,-1,0)
DispatchKey(6805140,6805140,1,20,0,0,-1,0)
DispatchKey(6805251,6805251,0,21,0,0,-1,0)
DispatchKey(6805325,6805325,1,21,0,0,-1,0)
DispatchPointer(6805353,6805353,0,401.0,337.0,0.0,0.0,0,1.0,1.0,0,0)
DispatchPointer(6805353,6805463,1,398.29764,347.47192,0.0,0.0,0,1.0,1.0,0,0)
DispatchKey(6805478,6805478,0,20,0,0,-1,0)
DispatchKey(6805557,6805557,1,20,0,0,-1,0)
DispatchPointer(6805593,6805593,0,89.0,534.0,0.0,0.0,0,1.0,1.0,0,0)
DispatchPointer(6805593,6805638,1,109.81435,522.98914,0.0,0.0,0,1.0,1.0,0,0)
DispatchPointer(6805698,6805698,0,461.0,540.0,0.0,0.0,0,1.0,1.0,0,0)
DispatchPointer(6805698,6805818,1,457.82043,543.9919,0.0,0.0,0,1.0,1.0,0,0)
DispatchPointer(6805864,6805865,0,37.0,441.0,0.0,0.0,0,1.0,1.0,0,0)
DispatchPointer(6805864,6805882,2,20.473997,441.0461,0.0,0.0,0,1.0,1.0,0,0)
DispatchPointer(6805864,6805893,2,7.7282677,441.10632,0.0,0.0,0,1.0,1.0,0,0)
DispatchPointer(6805864,6805905,1,0.0,441.1601,0.0,0.0,0,1.0,1.0,0,0)
DispatchPointer(6805931,6805932,0,448.0,614.0,0.0,0.0,0,1.0,1.0,0,0)
DispatchPointer(6805931,6805963,2,443.58417,603.0684,0.0,0.0,0,1.0,1.0,0,0)
DispatchPointer(6805931,6806023,2,442.12714,599.0953,0.0,0.0,0,1.0,1.0,0,0)
DispatchPointer(6805931,6806028,2,435.15408,588.88434,0.0,0.0,0,1.0,1.0,0,0)
DispatchPointer(6805931,6806034,2,429.02322,578.73706,0.0,0.0,0,1.0,1.0,0,0)
DispatchPointer(6805931,6806051,2,428.45862,567.7365,0.0,0.0,0,1.0,1.0,0,0)
DispatchPointer(6805931,6806057,2,428.08264,558.78455,0.0,0.0,0,1.0,1.0,0,0)
DispatchPointer(6805931,6806064,2,424.7296,552.461,0.0,0.0,0,1.0,1.0,0,0)
DispatchPointer(6805931,6806068,1,419.83408,549.21094,0.0,0.0,0,1.0,1.0,0,0)
DispatchKey(6806091,6806091,0,211,0,0,-1,0)
DispatchKey(6806132,6806132,1,211,0,0,-1,0)
DispatchKey(6806189,6806189,0,19,0,0,-1,0)
DispatchKey(6806209,6806209,1,19,0,0,-1,0)
DispatchKey(6806254,6806254,0,19,0,0,-1,0)
DispatchKey(6806269,6806269,1,19,0,0,-1,0)
DispatchKey(6806348,6806348,0,25,0,0,-1,0)
DispatchKey(6806521,6806521,1,25,0,0,-1,0)
DispatchKey(6806606,6806606,0,4,0,0,-1,0)
DispatchKey(6806639,6806639,1,4,0,0,-1,0)
DispatchKey(6806787,6806787,0,24,0,0,-1,0)
DispatchKey(6806919,6806919,1,24,0,0,-1,0)
DispatchPointer(6806949,6806961,0,288.0,586.0,0.0,0.0,0,1.0,1.0,0,0)
DispatchPointer(6806949,6807004,1,287.13794,565.80743,0.0,0.0,0,1.0,1.0,0,0)
DispatchKey(6807019,6807019,0,82,0,0,-1,0)
DispatchKey(6807263,6807263,1,82,0,0,-1,0)
DispatchPointer(6807433,6807433,0,400.0,716.0,0.0,0.0,0,1.0,1.0,0,0)
DispatchPointer(6807433,6807629,1,398.61224,722.4839,0.0,0.0,0,1.0,1.0,0,0)
DispatchKey(6807672,6807672,0,82,0,0,-1,0)
DispatchKey(6807943,6807943,1,82,0,0,-1,0)
DispatchPointer(6807959,6807960,0,54.0,303.0,0.0,0.0,0,1.0,1.0,0,0)
DispatchPointer(6807959,6807985,1,67.98459,304.82312,0.0,0.0,0,1.0,1.0,0,0)
DispatchKey(6808012,6808012,0,40,0,0,-1,0)
DispatchKey(6808148,6808148,1,40,0,0,-1,0)
DispatchPointer(6809468,6809469,0,474.0,602.0,0.0,0.0,0,1.0,1.0,0,0)
DispatchPointer(6809468,6809584,2,472.39328,612.93384,0.0,0.0,0,1.0,1.0,0,0)
DispatchPointer(6809468,6809595,2,458.36072,615.05804,0.0,0.0,0,1.0,1.0,0,0)
DispatchPointer(6809468,6809600,2,455.57993,619.8101,0.0,0.0,0,1.0,1.0,0,0)
DispatchPointer(6809468,6809828,2,438.8518,636.7245,0.0,0.0,0,1.0,1.0,0,0)
DispatchPointer(6809468,6809875,2,428.22528,638.8651,0.0,0.0,0,1.0,1.0,0,0)
DispatchPointer(6809468,6809908,2,410.76413,652.14606,0.0,0.0,0,1.0,1.0,0,0)
DispatchPointer(6809468,6810016,1,403.27365,656.6124,0.0,0.0,0,1.0,1.0,0,0)
DispatchKey(6810054,6810054,0,5,0,0,-1,0)
DispatchKey(6810366,6810366,1,5,0,0,-1,0)
DispatchKey(6810477,6810477,0,20,0,0,-1,0)
DispatchKey(6810927,6810927,1,20,0,0,-1,0)
DispatchPointer(6811058,6811058,0,81.0,630.0,0.0,0.0,0,1.0,1.0,0,0)
DispatchPointer(6811058,6811069,1,76.75733,634.2153,0.0,0.0,0,1.0,1.0,0,0)
DispatchPointer(6811313,6811318,0,396.0,602.0,0.0,0.0,0,1.0,1.0,0,0)
DispatchPointer(6811313,6811336,2,416.20847,601.9896,0.0,0.0,0,1.0,1.0,0,0)
DispatchPointer(6811313,6811351,2,429.33,598.9468,0.0,0.0,0,1.0,1.0,0,0)
DispatchPointer(6811313,6811358,2,445.30594,597.16895,0.0,0.0,0,1.0,1.0,0,0)
DispatchPointer(6811313,6811441,2,447.98953,595.2001,0.0,0.0,0,1.0,1.0,0,0)
DispatchPointer(6811313,6811447,2,455.29068,592.5268,0.0,0.0,0,1.0,1.0,0,0)
DispatchPointer(6811313,6811454,2,465.29083,586.7872,0.0,0.0,0,1.0,1.0,0,0)
DispatchPointer(6811313,6811472,1,465.51797,583.31104,0.0,0.0,0,1.0,1.0,0,0)
DispatchTrackball(-1,6811637,2,1.0,3.0,0.0,0.0,0,1.0,1.0,0,0)
DispatchTrackball(-1,6811653,2,0.0,-4.0,0.0,0.0,0,1.0,1.0,0,0)
DispatchTrackball(-1,6811668,2,0.0,0.0,0.0,0.0,0,1.0,1.0,0,0)
DispatchTrackball(-1,6811759,2,4.0,-3.0,0.0,0.0,0,1.0,1.0,0,0)
DispatchTrackball(-1,6811778,2,-3.0,-3.0,0.0,0.0,0,1.0,1.0,0,0)
DispatchTrackball(-1,6811785,2,-4.0,0.0,0.0,0.0,0,1.0,1.0,0,0)
DispatchTrackball(-1,6811832,2,3.0,-4.0,0.0,0.0,0,1.0,1.0,0,0)
DispatchTrackball(-1,6811839,2,2.0,0.0,0.0,0.0,0,1.0,1.0,0,0)
DispatchTrackball(-1,6811913,2,-4.0,-3.0,0.0,0.0,0,1.0,1.0,0,0)
DispatchTrackball(-1,6811921,2,-2.0,-3.0,0.0,0.0,0,1.0,1.0,0,0)
DispatchPointer(6812002,6812002,0,307.0,548.0,0.0,0.0,0,1.0,1.0,0,0)
DispatchPointer(6812002,6812031,1,310.67,551.7663,0.0,0.0,0,1.0,1.0,0,0)
DispatchKey(6812136,6812136,0,20,0,0,-1,0)
DispatchKey(6812173,6812173,1,20,0,0,-1,0)
DispatchKey(6812239,6812239,0,21,0,0,-1,0)
DispatchKey(6812310,6812310,1,21,0,0,-1,0)
DispatchPointer(6812398,6812398,0,425.0,494.0,0.0,0.0,0,1.0,1.0,0,0)
DispatchPointer(6812398,6812408,1,420.3444,487.2766,0.0,0.0,0,1.0,1.0,0,0)
DispatchKey(6812573,6812573,0,151,0,0,-1,0)
DispatchKey(6812603,6812603,1,151,0,0,-1,0)
DispatchKey(6812681,6812681,0,21,0,0,-1,0)
DispatchKey(6812705,6812705,1,21,0,0,-1,0)
DispatchKey(6812745,6812745,0,21,0,0,-1,0)
DispatchKey(6812819,6812819,1,21,0,0,-1,0)
DispatchKey(6812886,6812886,0,180,0,0,-1,0)
DispatchKey(6812896,6812896,1,180,0,0,-1,0)
DispatchKey(6812964,6812964,0,23,0,0,-1,0)
DispatchKey(6812973,6812973,1,23,0,0,-1,0)
DispatchPointer(6813215,6813215,0,85.0,411.0,0.0,0.0,0,1.0,1.0,0,0)
DispatchPointer(6813215,6813237,1,88.57003,420.38693,0.0,0.0,0,1.0,1.0,0,0)
DispatchKey(6813282,6813282,0,173,0,0,-1,0)
DispatchKey(6813323,6813323,1,173,0,0,-1,0)
DispatchTrackball(-1,6813354,2,-5.0,-1.0,0.0,0.0,0,1.0,1.0,0,0)
DispatchTrackball(-1,6813372,2,1.0,1.0,0.0,0.0,0,1.0,1.0,0,0)
DispatchTrackball(-1,6813379,2,-3.0,2.0,0.0,0.0,0,1.0,1.0,0,0)
DispatchTrackball(-1,6813399,2,0.0,3.0,0.0,0.0,0,1.0,1.0,0,0)
DispatchTrackball(-1,6813444,2,3.0,0.0,0.0,0.0,0,1.0,1.0,0,0)
DispatchTrackball(-1,6813452,2,4.0,1.0,0.0,0.0,0,1.0,1.0,0,0)
DispatchTrackball(-1,6813467,2,3.0,-1.0,0.0,0.0,0,1.0,1.0,0,0)
DispatchTrackball(-1,6813484,2,2.0,0.0,0.0,0.0,0,1.0,1.0,0,0)
DispatchTrackball(-1,6813503,2,-1.0,2.0,0.0,0.0,0,1.0,1.0,0,0)
DispatchTrackball(-1,6813509,2,-3.0,2.0,0.0,0.0,0,1.0,1.0,0,0)
DispatchKey(6813515,6813515,0,22,0,0,-1,0)
DispatchKey(6813637,6813637,1,22,0,0,-1,0)
DispatchPointer(6813696,6813696,0,145.0,166.0,0.0,0.0,0,1.0,1.0,0,0)
DispatchPointer(6813696,6813724,1,121.98994,166.753,0.0,0.0,0,1.0,1.0,0,0)
DispatchKey(6813776,6813776,0,209,0,0,-1,0)
DispatchKey(6813809,6813809,1,209,0,0,-1,0)
DispatchPointer(6813898,6813898,0,201.0,630.0,0.0,0.0,0,1.0,1.0,0,0)
DispatchPointer(6813898,6813934,1,197.98416,615.801,0.0,0.0,0,1.0,1.0,0,0)
DispatchKey(6813949,6813949,0,22,0,0,-1,0)
DispatchKey(6813983,6813983,1,22,0,0,-1,0)
DispatchKey(6814030,6814030,0,22,0,0,-1,0)
DispatchKey(6814050,6814050,1,22,0,0,-1,0)
DispatchKey(6814078,6814078,0,19,0,0,-1,0)
DispatchKey(6814131,6814131,1,19,0,0,-1,0)
DispatchTrackball(-1,6814463,2,2.0,1.0,0.0,0.0,0,1.0,1.0,0,0)
DispatchTrackball(-1,6814478,2,2.0,-4.0,0.0,0.0,0,1.0,1.0,0,0)
DispatchTrackball(-1,6814611,2,-5.0,1.0,0.0,0.0,0,1.0,1.0,0,0)
DispatchTrackball(-1,6814618,2,-1.0,-2.0,0.0,0.0,0,1.0,1.0,0,0)
DispatchTrackball(-1,6814625,2,-1.0,-3.0,0.0,0.0,0,1.0,1.0,0,0)
DispatchTrackball(-1,6814644,2,1.0,-3.0,0.0,0.0,0,1.0,1.0,0,0)
DispatchTrackball(-1,6814657,2,2.0,-2.0,0.0,0.0,0,1.0,1.0,0,0)
DispatchTrackball(-1,6814663,2,3.0,-5.0,0.0,0.0,0,1.0,1.0,0,0)
DispatchTrackball(-1,6814682,2,-3.0,-1.0,0.0,0.0,0,1.0,1.0,0,0)
DispatchTrackball(-1,6814686,2,1.0,2.0,0.0,0.0,0,1.0,1.0,0,0)
DispatchTrackball(6814463,6814703,0,0.0,0.0,0.0,0.0,0,1.0,1.0,0,0)
DispatchTrackball(6814463,6814716,1,0.0,0.0,0.0,0.0,0,1.0,1.0,0,0)
DispatchPointer(6814749,6814762,0,343.0,577.0,0.0,0.0,0,1.0,1.0,0,0)
DispatchPointer(6814749,6814791,2,343.1778,594.4612,0.0,0.0,0,1.0,1.0,0,0)
DispatchPointer(6814749,6814798,2,344.14355,599.8904,0.0,0.0,0,1.0,1.0,0,0)
DispatchPointer(6814749,6814846,2,344.88724,609.8845,0.0,0.0,0,1.0,1.0,0,0)
DispatchPointer(6814749,6814863,2,345.99634,623.0335,0.0,0.0,0,1.0,1.0,0,0)
DispatchPointer(6814749,6814869,2,346.07266,640.9162,0.0,0.0,0,1.0,1.0,0,0)
DispatchPointer(6814749,6814887,2,347.6407,648.0684,0.0,0.0,0,1.0,1.0,0,0)
DispatchPointer(6814749,6814954,2,349.23114,668.4262,0.0,0.0,0,1.0,1.0,0,0)
DispatchPointer(6814749,6814973,2,350.9297,674.58954,0.0,0.0,0,1.0,1.0,0,0)
DispatchPointer(6814749,6814991,2,353.07632,677.0037,0.0,0.0,0,1.0,1.0,0,0)
DispatchPointer(6814749,6814997,1,354.67905,694.1617,0.0,0.0,0,1.0,1.0,0,0)
DispatchTrackball(-1,6815018,2,0.0,1.0,0.0,0.0,0,1.0,1.0,0,0)
DispatchTrackball(-1,6815029,2,4.0,4.0,0.0,0.0,0,1.0,1.0,0,0)
DispatchTrackball(-1,6815047,2,3.0,-2.0,0.0,0.0,0,1.0,1.0,0,0)
DispatchTrackball(-1,6815055,2,-3.0,2.0,0.0,0.0,0,1.0,1.0,0,0)
DispatchTrackball(-1,6815073,2,2.0,2.0,0.0,0.0,0,1.0,1.0,0,0)
DispatchTrackball(-1,6815078,2,-2.0,-4.0,0.0,0.0,0,1.0,1.0,0,0)
DispatchTrackball(-1,6815087,2,2.0,1.0,0.0,0.0,0,1.0,1.0,0,0)
DispatchTrackball(-1,6815093,2,-1.0,3.0,0.0,0.0,0,1.0,1.0,0,0)
DispatchTrackball(-1,6815098,2,-5.0,4.0,0.0,0.0,0,1.0,1.0,0,0)
DispatchTrackball(-1,6815127,2,-2.0,4.0,0.0,0.0,0,1.0,1.0,0,0)
DispatchKey(6815143,6815143,0,207,0,0,-1,0)
DispatchKey(6815197,6815197,1,207,0,0,-1,0)
DispatchKey(6815240,6815240,0,20,0,0,-1,0)
DispatchKey(6815279,6815279,1,20,0,0,-1,0)
DispatchKey(6815325,6815325,0,48,0,0,-1,0)
DispatchKey(6815508,6815508,1,48,0,0,-1,0)
DispatchPointer(6815555,6815555,0,446.0,474.0,0.0,0.0,0,1.0,1.0,0,0)
DispatchPointer(6815555,6815575,1,447.041,473.79538,0.0,0.0,0,1.0,1.0,0,0)
DispatchPointer(6815597,6815598,0,298.0,627.0,0.0,0.0,0,1.0,1.0,0,0)
DispatchPointer(6815597,6815610,1,303.03497,622.8131,0.0,0.0,0,1.0,1.0,0,0)
DispatchKey(6815640,6815640,0,25,0,0,-1,0)
DispatchKey(6815800,6815800,1,25,0,0,-1,0)
DispatchKey(6815914,6815914,0,23,0,0,-1,0)
DispatchKey(6815986,6815986,1,23,0,0,-1,0)
DispatchKey(6816156,6816156,0,5,0,0,-1,0)
DispatchKey(6816221,6816221,1,5,0,0,-1,0)
DispatchKey(6816238,6816238,0,22,0,0,-1,0)
DispatchKey(6816543,6816543,1,22,0,0,-1,0)
DispatchKey(6816585,6816585,0,51,0,0,-1,0)
DispatchKey(6816633,6816633,1,51,0,0,-1,0)
DispatchKey(6816841,6816841,0,19,0,0,-1,0)
DispatchKey(6816913,6816913,1,19,0,0,-1,0)
DispatchKey(6816957,6816957,0,111,0,0,-1,0)
DispatchKey(6817217,6817217,1,111,0,0,-1,0)
DispatchKey(6818804,6818804,0,23,0,0,-1,0)
DispatchKey(6818822,6818822,1,23,0,0,-1,0)
DispatchTrackball(-1,6819241,2,-3.0,-2.0,0.0,0.0,0,1.0,1.0,0,0)
DispatchTrackball(-1,6820578,2,3.0,1.0,0.0,0.0,0,1.0,1.0,0,0)
DispatchTrackball(-1,6820587,2,2.0,0.0,0.0,0.0,0,1.0,1.0,0,0)
DispatchTrackball(-1,6820606,2,2.0,2.0,0.0,0.0,0,1.0,1.0,0,0)
DispatchTrackball(-1,6820623,2,-5.0,4.0,0.0,0.0,0,1.0,1.0,0,0)
DispatchTrackball(-1,6820630,2,2.0,0.0,0.0,0.0,0,1.0,1.0,0,0)
DispatchTrackball(-1,6820637,2,-5.0,-5.0,0.0,0.0,0,1.0,1.0,0,0)
DispatchTrackball(-1,6820644,2,-1.0,2.0,0.0,0.0,0,1.0,1.0,0,0)
DispatchTrackball(-1,6820651,2,0.0,-2.0,0.0,0.0,0,1.0,1.0,0,0)
DispatchTrackball(-1,6820657,2,2.0,-3.0,0.0,0.0,0,1.0,1.0,0,0)
DispatchTrackball(6819241,6820673,0,0.0,0.0,0.0,0.0,0,1.0,1.0,0,0)
DispatchTrackball(6819241,6820774,1,0.0,0.0,0.0,0.0,0,1.0,1.0,0,0)
DispatchPointer(6820884,6820885,0,142.0,322.0,0.0,0.0,0,1.0,1.0,0,0)
DispatchPointer(6820884,6820915,1,140.6481,318.5969,0.0,0.0,0,1.0,1.0,0,0)
DispatchPointer(6820946,6820947,0,408.0,442.0,0.0,0.0,0,1.0,1.0,0,0)
DispatchPointer(6820946,6821007,1,398.28397,441.23965,0.0,0.0,0,1.0,1.0,0,0)
DispatchKey(6821075,6821075,0,21,0,0,-1,0)
DispatchKey(6821258,6821258,1,21,0,0,-1,0)
DispatchPointer(6821348,6821348,0,109.0,693.0,0.0,0.0,0,1.0,1.0,0,0)
DispatchPointer(6821348,6821363,1,113.646225,681.54584,0.0,0.0,0,1.0,1.0,0,0)
DispatchKey(6821396,6821396,0,173,0,0,-1,0)
DispatchKey(6821847,6821847,1,173,0,0,-1,0)
DispatchKey(6821889,6821889,0,82,0,0,-1,0)
DispatchKey(6822023,6822023,1,82,0,0,-1,0)
DispatchPointer(6822152,6822154,0,430.0,467.0,0.0,0.0,0,1.0,1.0,0,0)
DispatchPointer(6822152,6822242,261,418.53537,481.1283,0.0,0.0,0,1.0,1.0,0,0)
DispatchPointer(6822152,6822249,2,407.74127,493.9618,0.0,0.0,0,1.0,1.0,0,0)
DispatchPointer(6822152,6822327,2,406.8856,494.24884,0.0,0.0,0,1.0,1.0,0,0)
DispatchPointer(6822152,6822376,2,393.49783,511.884,0.0,0.0,0,1.0,1.0,0,0)
DispatchPointer(6822152,6822404,2,390.48212,524.736,0.0,0.0,0,1.0,1.0,0,0)
DispatchPointer(6822152,6822418,2,382.7916,536.838,0.0,0.0,0,1.0,1.0,0,0)
DispatchPointer(6822152,6822426,262,377.36508,541.88293,0.0,0.0,0,1.0,1.0,0,0)
DispatchPointer(6822152,6822444,1,366.9344,559.4033,0.0,0.0,0,1.0,1.0,0,0)
DispatchKey(6822470,6822470,0,35,0,0,-1,0)
DispatchKey(6822600,6822600,1,35,0,0,-1,0)
DispatchTrackball(-1,6822779,2,-3.0,3.0,0.0,0.0,0,1.0,1.0,0,0)
DispatchTrackball(-1,6822805,2,2.0,-3.0,0.0,0.0,0,1.0,1.0,0,0)
DispatchTrackball(-1,6822817,2,-3.0,2.0,0.0,0.0,0,1.0,1.0,0,0)
DispatchTrackball(-1,6822826,2,1.0,0.0,0.0,0.0,0,1.0,1.0,0,0)
DispatchTrackball(-1,6822899,2,-3.0,-5.0,0.0,0.0,0,1.0,1.0,0,0)
DispatchTrackball(-1,6822922,2,3.0,-1.0,0.0,0.0,0,1.0,1.0,0,0)
DispatchTrackball(-1,6822985,2,-3.0,2.0,0.0,0.0,0,1.0,1.0,0,0)
DispatchTrackball(-1,6823161,2,-5.0,-1.0,0.0,0.0,0,1.0,1.0,0,0)
DispatchTrackball(-1,6823259,2,0.0,4.0,0.0,0.0,0,1.0,1.0,0,0)
DispatchTrackball(-1,6823279,2,1.0,2.0,0.0,0.0,0,1.0,1.0,0,0)
DispatchKey(6823321,6823321,0,20,0,0,-1,0)
DispatchKey(6823390,6823390,1,20,0,0,-1,0)
DispatchKey(6823428,6823428,0,63,0,0,-1,0)
DispatchKey(6823478,6823478,1,63,0,0,-1,0)
DispatchKey(6823594,6823594,0,22,0,0,-1,0)
DispatchKey(6823603,6823603,1,22,0,0,-1,0)
DispatchPointer(6823631,6823631,0,148.0,261.0,0.0,0.0,0,1.0,1.0,0,0)
DispatchPointer(6823631,6823694,1,152.39824,259.89175,0.0,0.0,0,1.0,1.0,0,0)
DispatchKey(6823707,6823707,0,21,0,0,-1,0)
DispatchKey(6823735,6823735,1,21,0,0,-1,0)
DispatchPointer(6823769,6823782,0,293.0,547.0,0.0,0.0,0,1.0,1.0,0,0)
DispatchPointer(6823769,6823797,2,297.25745,547.8984,0.0,0.0,0,1.0,1.0,0,0)
DispatchPointer(6823769,6823836,2,305.747,555.3605,0.0,0.0,0,1.0,1.0,0,0)
DispatchPointer(6823769,6823849,2,314.66876,565.94385,0.0,0.0,0,1.0,1.0,0,0)
DispatchPointer(6823769,6823903,2,323.78033,566.5625,0.0,0.0,0,1.0,1.0,0,0)
DispatchPointer(6823769,6823974,1,325.4176,574.09705,0.0,0.0,0,1.0,1.0,0,0)
DispatchKey(6824055,6824055,0,22,0,0,-1,0)
DispatchKey(6824068,6824068,1,22,0,0,-1,0)
DispatchPointer(6824135,6824136,0,270.0,314.0,0.0,0.0,0,1.0,1.0,0,0)
DispatchPointer(6824135,6824177,2,279.57483,314.74588,0.0,0.0,0,1.0,1.0,0,0)
DispatchPointer(6824135,6824186,2,282.90634,315.6495,0.0,0.0,0,1.0,1.0,0,0)
DispatchPointer(6824135,6824200,2,289.46252,315.78482,0.0,0.0,0,1.0,1.0,0,0)
DispatchPointer(6824135,6824207,2,298.06204,316.1021,0.0,0.0,0,1.0,1.0,0,0)
DispatchPointer(6824135,6824225,2,308.39917,316.73315,0.0,0.0,0,1.0,1.0,0,0)
DispatchPointer(6824135,6824257,2,309.68356,317.2797,0.0,0.0,0,1.0,1.0,0,0)
DispatchPointer(6824135,6824277,2,315.83115,318.12125,0.0,0.0,0,1.0,1.0,0,0)
DispatchPointer(6824135,6824285,2,316.10803,318.26523,0.0,0.0,0,1.0,1.0,0,0)
DispatchPointer(6824135,6824318,1,321.25058,318.58755,0.0,0.0,0,1.0,1.0,0,0)
DispatchKey(6824710,6824710,0,20,0,0,-1,0)
DispatchKey(6824792,6824792,1,20,0,0,-1,0)
DispatchKey(6825191,6825191,0,21,0,0,-1,0)
DispatchKey(6825210,6825210,1,21,0,0,-1,0)
DispatchTrackball(-1,6825236,2,-5.0,0.0,0.0,0.0,0,1.0,1.0,0,0)
DispatchTrackball(-1,6825283,2,4.0,4.0,0.0,0.0,0,1.0,1.0,0,0)
DispatchTrackball(-1,6825304,2,4.0,1.0,0.0,0.0,0,1.0,1.0,0,0)
DispatchTrackball(-1,6825321,2,-2.0,1.0,0.0,0.0,0,1.0,1.0,0,0)
DispatchTrackball(-1,6825327,2,3.0,3.0,0.0,0.0,0,1.0,1.0,0,0)
DispatchTrackball(-1,6825333,2,-2.0,-4.0,0.0,0.0,0,1.0,1.0,0,0)
DispatchTrackball(-1,6825339,2,-5.0,-2.0,0.0,0.0,0,1.0,1.0,0,0)
DispatchTrackball(-1,6825346,2,2.0,2.0,0.0,0.0,0,1.0,1.0,0,0)
DispatchTrackball(-1,6825383,2,0.0,0.0,0.0,0.0,0,1.0,1.0,0,0)
DispatchTrackball(-1,6825405,2,2.0,-3.0,0.0,0.0,0,1.0,1.0,0,0)
LaunchActivity(org.wordpress.android,org.wordpress.android.Dashboard)
DispatchKey(6825475,6825475,0,162,0,0,-1,0)
DispatchKey(6825735,6825735,1,162,0,0,-1,0)
DispatchKey(6825926,6825926,0,19,0,0,-1,0)
DispatchKey(6825979,6825979,1,19,0,0,-1,0)
DispatchKey(6826311,6826311,0,20,0,0,-1,0)
DispatchKey(6826322,6826322,1,20,0,0,-1,0)
DispatchKey(6826362,6826362,0,20,0,0,-1,0)
DispatchKey(6826438,6826438,1,20,0,0,-1,0)
DispatchPointer(6826545,6826545,0,358.0,505.0,0.0,0.0,0,1.0,1.0,0,0)
DispatchPointer(6826545,6826573,1,354.27893,528.4037,0.0,0.0,0,1.0,1.0,0,0)
DispatchTrackball(-1,6826594,2,-3.0,-1.0,0.0,0.0,0,1.0,1.0,0,0)
DispatchTrackball(-1,6826654,2,-4.0,2.0,0.0,0.0,0,1.0,1.0,0,0)
DispatchTrackball(-1,6826673,2,-5.0,-4.0,0.0,0.0,0,1.0,1.0,0,0)
DispatchTrackball(-1,6826734,2,0.0,-3.0,0.0,0.0,0,1.0,1.0,0,0)
DispatchTrackball(-1,6826762,2,4.0,-5.0,0.0,0.0,0,1.0,1.0,0,0)
DispatchTrackball(-1,6826781,2,-1.0,-4.0,0.0,0.0,0,1.0,1.0,0,0)
DispatchTrackball(-1,6826865,2,3.0,-4.0,0.0,0.0,0,1.0,1.0,0,0)
DispatchTrackball(-1,6826883,2,-3.0,3.0,0.0,0.0,0,1.0,1.0,0,0)
DispatchTrackball(-1,6826943,2,0.0,-1.0,0.0,0.0,0,1.0,1.0,0,0)
DispatchTrackball(-1,6826950,2,4.0,-2.0,0.0,0.0,0,1.0,1.0,0,0)
DispatchKey(6826958,6826958,0,25,0,0,-1,0)
DispatchKey(6827116,6827116,1,25,0,0,-1,0)
DispatchKey(6827776,6827776,0,20,0,0,-1,0)
DispatchKey(6827935,6827935,1,20,0,0,-1,0)
DispatchKey(6828300,6828300,0,78,0,0,-1,0)
DispatchKey(6828324,6828324,1,78,0,0,-1,0)
DispatchPointer(6828702,6828702,0,169.0,243.0,0.0,0.0,0,1.0,1.0,0,0)
DispatchPointer(6828702,6828725,1,168.92671,241.24644,0.0,0.0,0,1.0,1.0,0,0)
DispatchKey(6828847,6828847,0,5,0,0,-1,0)
DispatchKey(6829250,6829250,1,5,0,0,-1,0)
DispatchPointer(6829287,6829287,0,294.0,486.0,0.0,0.0,0,1.0,1.0,0,0)
DispatchPointer(6829287,6829307,2,293.53006,473.64056,0.0,0.0,0,1.0,1.0,0,0)
DispatchPointer(6829287,6829398,1,293.22885,453.84918,0.0,0.0,0,1.0,1.0,0,0)
DispatchKey(6829427,6829427,0,22,0,0,-1,0)
DispatchKey(6829784,6829784,1,22,0,0,-1,0)
DispatchPointer(6830090,6830103,0,33.0,695.0,0.0,0.0,0,1.0,1.0,0,0)
DispatchPointer(6830090,6830120,2,43.11009,683.9206,0.0,0.0,0,1.0,1.0,0,0)
DispatchPointer(6830090,6830141,2,61.669186,681.0911,0.0,0.0,0,1.0,1.0,0,0)
