type= raw events
count= -1
speed= 1.0
start data >>
DispatchKey(6972818,6972818,0,19,0,0,-1,0)
DispatchKey(6975417,6975417,1,19,0,0,-1,0)
DispatchKey(6975494,6975494,0,23,0,0,-1,0)
DispatchKey(6975525,6975525,1,23,0,0,-1,0)
DispatchKey(6975579,6975579,0,20,0,0,-1,0)
DispatchKey(6979720,6979720,1,20,0,0,-1,0)
DispatchKey(6979771,6979771,0,22,0,0,-1,0)
DispatchKey(6979815,6979815,1,22,0,0,-1,0)
DispatchPointer(6980642,6980645,0,418.0,591.0,0.0,0.0,0,1.0,1.0,0,0)
DispatchPointer(6980642,6980814,1,419.73096,602.33307,0.0,0.0,0,1.0,1.0,0,0)
DispatchKey(6980966,6980966,0,94,0,0,-1,0)
DispatchKey(6981006,6981006,1,94,0,0,-1,0)
DispatchTrackball(-1,6981141,2,-1.0,3.0,0.0,0.0,0,1.0,1.0,0,0)
DispatchTrackball(-1,6981164,2,1.0,3.0,0.0,0.0,0,1.0,1.0,0,0)
DispatchTrackball(-1,6981174,2,1.0,-3.0,0.0,0.0,0,1.0,1.0,0,0)
DispatchTrackball(-1,6981185,2,2.0,-3.0,0.0,0.0,0,1.0,1.0,0,0)
DispatchTrackball(-1,6981218,2,-2.0,3.0,0.0,0.0,0,1.0,1.0,0,0)
DispatchTrackball(-1,6981224,2,-1.0,2.0,0.0,0.0,0,1.0,1.0,0,0)
DispatchTrackball(-1,6981280,2,3.0,-4.0,0.0,0.0,0,1.0,1.0,0,0)
DispatchTrackball(-1,6981296,2,0.0,2.0,0.0,0.0,0,1.0,1.0,0,0)
DispatchTrackball(-1,6981324,2,-1.0,3.0,0.0,0.0,0,1.0,1.0,0,0)
DispatchTrackball(-1,6981332,2,2.0,1.0,0.0,0.0,0,1.0,1.0,0,0)
DispatchPointer(6981356,6981357,0,84.0,224.0,0.0,0.0,0,1.0,1.0,0,0)
DispatchPointer(6981356,6981385,1,81.48805,223.56708,0.0,0.0,0,1.0,1.0,0,0)
DispatchKey(6981417,6981417,0,82,0,0,-1,0)
DispatchKey(6981511,6981511,1,82,0,0,-1,0)
DispatchKey(6981631,6981631,0,110,0,0,-1,0)
DispatchKey(6981661,6981661,1,110,0,0,-1,0)
DispatchKey(6982026,6982026,0,49,0,0,-1,0)
DispatchKey(6982037,6982037,1,49,0,0,-1,0)
DispatchKey(6982108,6982108,0,19,0,0,-1,0)
DispatchKey(6982121,6982121,1,19,0,0,-1,0)
DispatchKey(6982169,6982169,0,39,0,0,-1,0)
DispatchKey(6982200,6982200,1,39,0,0,-1,0)
DispatchPointer(6982228,6982229,0,398.0,722.0,0.0,0.0,0,1.0,1.0,0,0)
DispatchPointer(6982228,6982271,1,383.97852,713.44934,0.0,0.0,0,1.0,1.0,0,0)
DispatchKey(6982297,6982297,0,20,0,0,-1,0)
DispatchKey(6982321,6982321,1,20,0,0,-1,0)
DispatchKey(6982336,6982336,0,23,0,0,-1,0)
DispatchKey(6982356,6982356,1,23,0,0,-1,0)
DispatchKey(6982377,6982377,0,19,0,0,-1,0)
DispatchKey(6982437,6982437,1,19,0,0,-1,0)
DispatchPointer(6982586,6982586,0,155.0,478.0,0.0,0.0,0,1.0,1.0,0,0)
DispatchPointer(6982586,6982619,1,150.14986,485.58548,0.0,0.0,0,1.0,1.0,0,0)
DispatchKey(6982685,6982685,0,85,0,0,-1,0)
DispatchKey(6982793,6982793,1,85,0,0,-1,0)
DispatchPointer(6982843,6982844,0,353.0,69.0,0.0,0.0,0,1.0,1.0,0,0)
DispatchPointer(6982843,6982876,2,335.9432,78.71338,0.0,0.0,0,1.0,1.0,0,0)
DispatchPointer(6982843,6982888,2,322.3898,94.59564,0.0,0.0,0,1.0,1.0,0,0)
DispatchPointer(6982843,6982921,1,309.21005,103.45665,0.0,0.0,0,1.0,1.0,0,0)
DispatchKey(6982950,6982950,0,22,0,0,-1,0)
DispatchKey(6986789,6986789,1,22,0,0,-1,0)
DispatchKey(6986917,6986917,0,82,0,0,-1,0)
DispatchKey(6986975,6986975,1,82,0,0,-1,0)
DispatchPointer(6987032,6987032,0,20.0,136.0,0.0,0.0,0,1.0,1.0,0,0)
DispatchPointer(6987032,6987046,1,25.115305,136.61368,0.0,0.0,0,1.0,1.0,0,0)
DispatchKey(6987087,6987087,0,82,0,0,-1,0)
DispatchKey(6988272,6988272,1,82,0,0,-1,0)
DispatchKey(6988338,6988338,0,21,0,0,-1,0)
DispatchKey(6988427,6988427,1,21,0,0,-1,0)
DispatchPointer(6988458,6988458,0,204.0,562.0,0.0,0.0,0,1.0,1.0,0,0)
DispatchPointer(6988458,6988504,1,205.62958,560.23444,0.0,0.0,0,1.0,1.0,0,0)
DispatchTrackball(-1,6988529,2,-1.0,3.0,0.0,0.0,0,1.0,1.0,0,0)
DispatchTrackball(-1,6988554,2,4.0,-4.0,0.0,0.0,0,1.0,1.0,0,0)
DispatchTrackball(-1,6988817,2,-1.0,4.0,0.0,0.0,0,1.0,1.0,0,0)
DispatchTrackball(-1,6988899,2,3.0,0.0,0.0,0.0,0,1.0,1.0,0,0)
DispatchTrackball(-1,6988909,2,-2.0,-2.0,0.0,0.0,0,1.0,1.0,0,0)
DispatchTrackball(-1,6988915,2,3.0,-1.0,0.0,0.0,0,1.0,1.0,0,0)
DispatchTrackball(-1,6988943,2,4.0,-1.0,0.0,0.0,0,1.0,1.0,0,0)
DispatchTrackball(-1,6989308,2,1.0,3.0,0.0,0.0,0,1.0,1.0,0,0)
DispatchTrackball(-1,6992980,2,2.0,-5.0,0.0,0.0,0,1.0,1.0,0,0)
DispatchTrackball(-1,6993000,2,3.0,3.0,0.0,0.0,0,1.0,1.0,0,0)
DispatchKey(6993007,6993007,0,82,0,0,-1,0)
DispatchKey(6993027,6993027,1,82,0,0,-1,0)
DispatchPointer(6993053,6993054,0,6.0,119.0,0.0,0.0,0,1.0,1.0,0,0)
DispatchPointer(6993053,6993071,2,5.7756853,136.21686,0.0,0.0,0,1.0,1.0,0,0)
DispatchPointer(6993053,6993132,2,5.27676,155.56015,0.0,0.0,0,1.0,1.0,0,0)
DispatchPointer(6993053,6993137,2,5.138664,165.90176,0.0,0.0,0,1.0,1.0,0,0)
DispatchPointer(6993053,6993155,2,4.6689453,174.64516,0.0,0.0,0,1.0,1.0,0,0)
DispatchPointer(6993053,6993166,2,4.2817507,180.32478,0.0,0.0,0,1.0,1.0,0,0)
DispatchPointer(6993053,6993177,1,4.269573,201.46399,0.0,0.0,0,1.0,1.0,0,0)
DispatchKey(6993276,6993276,0,23,0,0,-1,0)
DispatchKey(6993434,6993434,1,23,0,0,-1,0)
DispatchKey(6993479,6993479,0,82,0,0,-1,0)
DispatchKey(6993665,6993665,1,82,0,0,-1,0)
DispatchPointer(6993824,6993824,0,383.0,466.0,0.0,0.0,0,1.0,1.0,0,0)
DispatchPointer(6993824,6993840,1,375.05063,457.55453,0.0,0.0,0,1.0,1.0,0,0)
DispatchPointer(6993901,6993902,0,66.0,186.0,0.0,0.0,0,1.0,1.0,0,0)
DispatchPointer(6993901,6993973,2,77.220345,191.01541,0.0,0.0,0,1.0,1.0,0,0)
DispatchPointer(6993901,6993990,2,93.814926,197.6347,0.0,0.0,0,1.0,1.0,0,0)
DispatchPointer(6993901,6994085,2,112.752525,205.45349,0.0,0.0,0,1.0,1.0,0,0)
DispatchPointer(6993901,6994105,2,120.764435,223.2295,0.0,0.0,0,1.0,1.0,0,0)
DispatchPointer(6993901,6994123,2,138.8058,226.64758,0.0,0.0,0,1.0,1.0,0,0)
DispatchPointer(6993901,6994132,2,151.95961,244.49678,0.0,0.0,0,1.0,1.0,0,0)
DispatchPointer(6993901,6994221,2,172.9558,256.38467,0.0,0.0,0,1.0,1.0,0,0)
DispatchPointer(6993901,6994230,2,178.0635,261.90594,0.0,0.0,0,1.0,1.0,0,0)
DispatchPointer(6993901,6994239,2,183.91957,267.92355,0.0,0.0,0,1.0,1.0,0,0)
DispatchPointer(6993901,6994295,1,203.87932,273.03406,0.0,0.0,0,1.0,1.0,0,0)
DispatchPointer(6994315,6994316,0,200.0,693.0,0.0,0.0,0,1.0,1.0,0,0)
DispatchPointer(6994315,6994396,1,186.24683,703.5548,0.0,0.0,0,1.0,1.0,0,0)
DispatchPointer(6994416,6994417,0,402.0,495.0,0.0,0.0,0,1.0,1.0,0,0)
DispatchPointer(6994416,6994472,2,395.14398,496.29218,0.0,0.0,0,1.0,1.0,0,0)
DispatchPointer(6994416,6994482,2,385.719,496.79584,0.0,0.0,0,1.0,1.0,0,0)
DispatchPointer(6994416,6994488,2,383.8981,497.42883,0.0,0.0,0,1.0,1.0,0,0)
DispatchPointer(6994416,6994536,2,373.57874,497.4495,0.0,0.0,0,1.0,1.0,0,0)
DispatchPointer(6994416,6994558,2,360.5971,498.60434,0.0,0.0,0,1.0,1.0,0,0)
DispatchPointer(6994416,6994564,2,348.47134,499.96573,0.0,0.0,0,1.0,1.0,0,0)
DispatchPointer(6994416,6994581,2,337.15686,500.15588,0.0,0.0,0,1.0,1.0,0,0)
DispatchPointer(6994416,6994586,1,328.76578,501.4441,0.0,0.0,0,1.0,1.0,0,0)
DispatchKey(6994632,6994632,0,23,0,0,-1,0)
DispatchKey(6994849,6994849,1,23,0,0,-1,0)
DispatchKey(6994876,6994876,0,21,0,0,-1,0)
DispatchKey(6994932,6994932,1,21,0,0,-1,0)
DispatchKey(6994955,6994955,0,23,0,0,-1,0)
DispatchKey(6995044,6995044,1,23,0,0,-1,0)
DispatchPointer(6995088,6995088,0,190.0,756.0,0.0,0.0,0,1.0,1.0,0,0)
DispatchPointer(6995088,6995111,1,194.77621,751.9479,0.0,0.0,0,1.0,1.0,0,0)
DispatchKey(6995146,6995146,0,151,0,0,-1,0)
DispatchKey(6995184,6995184,1,151,0,0,-1,0)
DispatchKey(6995289,6995289,0,21,0,0,-1,0)
DispatchKey(6995364,6995364,1,21,0,0,-1,0)
DispatchKey(6995394,6995394,0,19,0,0,-1,0)
DispatchKey(6995438,6995438,1,19,0,0,-1,0)
DispatchKey(6997823,6997823,0,82,0,0,-1,0)
DispatchKey(6997838,6997838,1,82,0,0,-1,0)
DispatchPointer(6998305,6998305,0,213.0,351.0,0.0,0.0,0,1.0,1.0,0,0)
DispatchPointer(6998305,6998325,1,215.77914,346.42825,0.0,0.0,0,1.0,1.0,0,0)
DispatchKey(6998427,6998427,0,20,0,0,-1,0)
DispatchKey(6998539,6998539,1,20,0,0,-1,0)
DispatchPointer(6998648,6998648,0,142.0,622.0,0.0,0.0,0,1.0,1.0,0,0)
DispatchPointer(6998648,6998783,1,154.81729,624.49066,0.0,0.0,0,1.0,1.0,0,0)
DispatchPointer(6998895,6998896,0,231.0,95.0,0.0,0.0,0,1.0,1.0,0,0)
DispatchPointer(6998895,6998995,1,231.55215,80.06332,0.0,0.0,0,1.0,1.0,0,0)
DispatchPointer(6999044,6999045,0,110.0,24.0,0.0,0.0,0,1.0,1.0,0,0)
DispatchPointer(6999044,6999074,2,110.38154,24.74733,0.0,0.0,0,1.0,1.0,0,0)
DispatchPointer(6999044,6999094,1,110.90986,26.247496,0.0,0.0,0,1.0,1.0,0,0)
DispatchPointer(6999146,6999146,0,464.0,255.0,0.0,0.0,0,1.0,1.0,0,0)
DispatchPointer(6999146,6999209,1,450.40027,255.05588,0.0,0.0,0,1.0,1.0,0,0)
DispatchKey(6999234,6999234,0,82,0,0,-1,0)
DispatchKey(6999270,6999270,1,82,0,0,-1,0)
DispatchTrackball(-1,6999291,2,4.0,0.0,0.0,0.0,0,1.0,1.0,0,0)
DispatchTrackball(-1,6999304,2,-1.0,0.0,0.0,0.0,0,1.0,1.0,0,0)
DispatchTrackball(-1,6999324,2,1.0,2.0,0.0,0.0,0,1.0,1.0,0,0)
DispatchTrackball(-1,6999333,2,2.0,3.0,0.0,0.0,0,1.0,1.0,0,0)
DispatchTrackball(-1,6999339,2,-4.0,-5.0,0.0,0.0,0,1.0,1.0,0,0)
DispatchTrackball(-1,6999344,2,-4.0,2.0,0.0,0.0,0,1.0,1.0,0,0)
DispatchTrackball(-1,6999360,2,2.0,3.0,0.0,0.0,0,1.0,1.0,0,0)
DispatchTrackball(-1,6999366,2,2.0,-5.0,0.0,0.0,0,1.0,1.0,0,0)
DispatchTrackball(-1,6999406,2,-1.0,-2.0,0.0,0.0,0,1.0,1.0,0,0)
DispatchTrackball(-1,6999422,2,-5.0,-2.0,0.0,0.0,0,1.0,1.0,0,0)
DispatchPointer(6999618,6999619,0,407.0,254.0,0.0,0.0,0,1.0,1.0,0,0)
DispatchPointer(6999618,6999652,1,396.60397,247.24179,0.0,0.0,0,1.0,1.0,0,0)
DispatchKey(6999704,6999704,0,23,0,0,-1,0)
DispatchKey(6999877,6999877,1,23,0,0,-1,0)
DispatchPointer(6999897,6999898,0,455.0,241.0,0.0,0.0,0,1.0,1.0,0,0)
DispatchPointer(6999897,6999909,1,446.72165,247.16006,0.0,0.0,0,1.0,1.0,0,0)
DispatchPointer(6999958,6999959,0,382.0,328.0,0.0,0.0,0,1.0,1.0,0,0)
DispatchPointer(6999958,6999972,1,382.1962,344.42004,0.0,0.0,0,1.0,1.0,0,0)
DispatchKey(7000004,7000004,0,22,0,0,-1,0)
DispatchKey(7000014,7000014,1,22,0,0,-1,0)
DispatchKey(7000087,7000087,0,25,0,0,-1,0)
DispatchKey(7000450,7000450,1,25,0,0,-1,0)
DispatchPointer(7000469,7000470,0,64.0,191.0,0.0,0.0,0,1.0,1.0,0,0)
DispatchPointer(7000469,7000567,2,67.1303,189.38068,0.0,0.0,0,1.0,1.0,0,0)
DispatchPointer(7000469,7000580,2,72.182175,185.28076,0.0,0.0,0,1.0,1.0,0,0)
DispatchPointer(7000469,7000608,2,82.82974,182.01077,0.0,0.0,0,1.0,1.0,0,0)
DispatchPointer(7000469,7000615,2,85.9564,180.84566,0.0,0.0,0,1.0,1.0,0,0)
DispatchPointer(7000469,7000690,2,95.36957,179.82391,0.0,0.0,0,1.0,1.0,0,0)
DispatchPointer(7000469,7000771,2,102.9547,178.62321,0.0,0.0,0,1.0,1.0,0,0)
DispatchPointer(7000469,7000777,2,111.74102,177.93303,0.0,0.0,0,1.0,1.0,0,0)
DispatchPointer(7000469,7000783,1,121.45691,176.58005,0.0,0.0,0,1.0,1.0,0,0)
DispatchPointer(7000812,7000816,0,401.0,725.0,0.0,0.0,0,1.0,1.0,0,0)
DispatchPointer(7000812,7000845,2,410.45227,716.5054,0.0,0.0,0,1.0,1.0,0,0)
DispatchPointer(7000812,7000960,2,418.95496,710.2522,0.0,0.0,0,1.0,1.0,0,0)
DispatchPointer(7000812,7000991,2,422.5198,706.5154,0.0,0.0,0,1.0,1.0,0,0)
DispatchPointer(7000812,7001061,1,440.1635,697.5047,0.0,0.0,0,1.0,1.0,0,0)
DispatchPointer(7001236,7001236,0,78.0,345.0,0.0,0.0,0,1.0,1.0,0,0)
DispatchPointer(7001236,7001470,1,75.13269,345.21402,0.0,0.0,0,1.0,1.0,0,0)
DispatchKey(7001554,7001554,0,179,0,0,-1,0)
DispatchKey(7001798,7001798,1,179,0,0,-1,0)
DispatchPointer(7001968,7001968,0,62.0,755.0,0.0,0.0,0,1.0,1.0,0,0)
DispatchPointer(7001968,7001995,1,69.49597,750.6476,0.0,0.0,0,1.0,1.0,0,0)
DispatchKey(7002024,7002024,0,20,0,0,-1,0)
DispatchKey(7002152,7002152,1,20,0,0,-1,0)
DispatchKey(7002240,7002240,0,23,0,0,-1,0)
DispatchKey(7002269,7002269,1,23,0,0,-1,0)
DispatchKey(7002309,7002309,0,210,0,0,-1,0)
DispatchKey(7002356,7002356,1,210,0,0,-1,0)
DispatchTrackball(-1,7002411,2,-3.0,-4.0,0.0,0.0,0,1.0,1.0,0,0)
DispatchTrackball(-1,7002427,2,0.0,2.0,0.0,0.0,0,1.0,1.0,0,0)
DispatchTrackball(-1,7002437,2,3.0,-2.0,0.0,0.0,0,1.0,1.0,0,0)
DispatchTrackball(-1,7002445,2,-4.0,-2.0,0.0,0.0,0,1.0,1.0,0,0)
DispatchTrackball(-1,7002451,2,-3.0,1.0,0.0,0.0,0,1.0,1.0,0,0)
DispatchTrackball(-1,7002458,2,-2.0,2.0,0.0,0.0,0,1.0,1.0,0,0)
DispatchTrackball(-1,7002465,2,0.0,3.0,0.0,0.0,0,1.0,1.0,0,0)
DispatchTrackball(-1,7002471,2,-2.0,2.0,0.0,0.0,0,1.0,1.0,0,0)
DispatchTrackball(-1,7002490,2,4.0,1.0,0.0,0.0,0,1.0,1.0,0,0)
DispatchTrackball(-1,7002550,2,3.0,2.0,0.0,0.0,0,1.0,1.0,0,0)
DispatchPointer(7002568,7002569,0,309.0,588.0,0.0,0.0,0,1.0,1.0,0,0)
DispatchPointer(7002568,7002596,2,309.6766,573.0268,0.0,0.0,0,1.0,1.0,0,0)
DispatchPointer(7002568,7002610,2,311.7048,571.74146,0.0,0.0,0,1.0,1.0,0,0)
DispatchPointer(7002568,7002618,2,312.99075,561.6832,0.0,0.0,0,1.0,1.0,0,0)
DispatchPointer(7002568,7002624,2,313.32416,558.0468,0.0,0.0,0,1.0,1.0,0,0)
DispatchPointer(7002568,7002692,2,315.89334,554.64795,0.0,0.0,0,1.0,1.0,0,0)
DispatchPointer(7002568,7002700,2,318.6314,542.0396,0.0,0.0,0,1.0,1.0,0,0)
DispatchPointer(7002568,7002719,2,321.3483,532.48975,0.0,0.0,0,1.0,1.0,0,0)
DispatchPointer(7002568,7002726,1,323.94263,523.80133,0.0,0.0,0,1.0,1.0,0,0)
DispatchKey(7002981,7002981,0,23,0,0,-1,0)
DispatchKey(7002996,7002996,1,23,0,0,-1,0)
DispatchPointer(7003277,7003277,0,380.0,118.0,0.0,0.0,0,1.0,1.0,0,0)
DispatchPointer(7003277,7003301,1,378.54456,118.03614,0.0,0.0,0,1.0,1.0,0,0)
DispatchTrackball(-1,7003330,2,-3.0,4.0,0.0,0.0,0,1.0,1.0,0,0)
DispatchTrackball(-1,7003344,2,-4.0,2.0,0.0,0.0,0,1.0,1.0,0,0)
DispatchTrackball(-1,7003362,2,-2.0,-5.0,0.0,0.0,0,1.0,1.0,0,0)
DispatchTrackball(-1,7003368,2,1.0,3.0,0.0,0.0,0,1.0,1.0,0,0)
DispatchTrackball(-1,7003385,2,0.0,-3.0,0.0,0.0,0,1.0,1.0,0,0)
DispatchTrackball(-1,7003390,2,-4.0,-3.0,0.0,0.0,0,1.0,1.0,0,0)
DispatchTrackball(-1,7003408,2,-1.0,0.0,0.0,0.0,0,1.0,1.0,0,0)
DispatchTrackball(-1,7003444,2,-1.0,-2.0,0.0,0.0,0,1.0,1.0,0,0)
DispatchTrackball(-1,7003460,2,3.0,-1.0,0.0,0.0,0,1.0,1.0,0,0)
DispatchTrackball(-1,7003466,2,-1.0,1.0,0.0,0.0,0,1.0,1.0,0,0)
DispatchKey(7003492,7003492,0,200,0,0,-1,0)
DispatchKey(7003567,7003567,1,200,0,0,-1,0)
DispatchTrackball(-1,7003598,2,1.0,1.0,0.0,0.0,0,1.0,1.0,0,0)
DispatchTrackball(-1,7003624,2,-4.0,1.0,0.0,0.0,0,1.0,1.0,0,0)
DispatchTrackball(-1,7003643,2,4.0,0.0,0.0,0.0,0,1.0,1.0,0,0)
DispatchTrackball(-1,7003663,2,-4.0,-3.0,0.0,0.0,0,1.0,1.0,0,0)
DispatchTrackball(-1,7003669,2,2.0,-1.0,0.0,0.0,0,1.0,1.0,0,0)
DispatchTrackball(-1,7003745,2,-1.0,-1.0,0.0,0.0,0,1.0,1.0,0,0)
DispatchTrackball(-1,7003762,2,-1.0,0.0,0.0,0.0,0,1.0,1.0,0,0)
DispatchTrackball(-1,7003769,2,2.0,2.0,0.0,0.0,0,1.0,1.0,0,0)
DispatchTrackball(-1,7003777,2,2.0,-2.0,0.0,0.0,0,1.0,1.0,0,0)
DispatchTrackball(-1,7003793,2,-3.0,1.0,0.0,0.0,0,1.0,1.0,0,0)
DispatchKey(7003800,7003800,0,23,0,0,-1,0)
DispatchKey(7003877,7003877,1,23,0,0,-1,0)
DispatchKey(7003962,7003962,0,204,0,0,-1,0)
DispatchKey(7003983,7003983,1,204,0,0,-1,0)
DispatchKey(7003996,7003996,0,21,0,0,-1,0)
DispatchKey(7004016,7004016,1,21,0,0,-1,0)
DispatchPointer(7004088,7004088,0,313.0,798.0,0.0,0.0,0,1.0,1.0,0,0)
DispatchPointer(7004088,7004116,1,294.5787,799.9616,0.0,0.0,0,1.0,1.0,0,0)
DispatchKey(7004139,7004139,0,22,0,0,-1,0)
DispatchKey(7004174,7004174,1,22,0,0,-1,0)
DispatchKey(7004224,7004224,0,20,0,0,-1,0)
DispatchKey(7004245,7004245,1,20,0,0,-1,0)
DispatchTrackball(-1,7004277,2,1.0,1.0,0.0,0.0,0,1.0,1.0,0,0)
DispatchTrackball(-1,7004287,2,-1.0,-2.0,0.0,0.0,0,1.0,1.0,0,0)
DispatchTrackball(-1,7004299,2,-4.0,-1.0,0.0,0.0,0,1.0,1.0,0,0)
DispatchTrackball(-1,7004319,2,-2.0,-1.0,0.0,0.0,0,1.0,1.0,0,0)
DispatchTrackball(-1,7004332,2,-5.0,-5.0,0.0,0.0,0,1.0,1.0,0,0)
DispatchTrackball(-1,7004339,2,1.0,4.0,0.0,0.0,0,1.0,1.0,0,0)
DispatchTrackball(-1,7004398,2,-5.0,0.0,0.0,0.0,0,1.0,1.0,0,0)
DispatchTrackball(-1,7004435,2,1.0,-3.0,0.0,0.0,0,1.0,1.0,0,0)
DispatchTrackball(-1,7004455,2,0.0,3.0,0.0,0.0,0,1.0,1.0,0,0)
DispatchTrackball(-1,7004489,2,0.0,1.0,0.0,0.0,0,1.0,1.0,0,0)
DispatchKey(7004507,7004507,0,20,0,0,-1,0)
DispatchKey(7004614,7004614,1,20,0,0,-1,0)
DispatchKey(7004758,7004758,0,89,0,0,-1,0)
DispatchKey(7004789,7004789,1,89,0,0,-1,0)
DispatchPointer(7004887,7004901,0,473.0,201.0,0.0,0.0,0,1.0,1.0,0,0)
DispatchPointer(7004887,7004937,2,474.06485,197.95033,0.0,0.0,0,1.0,1.0,0,0)
DispatchPointer(7004887,7004948,2,475.44354,189.89726,0.0,0.0,0,1.0,1.0,0,0)
DispatchPointer(7004887,7004959,2,476.6859,181.92838,0.0,0.0,0,1.0,1.0,0,0)
DispatchPointer(7004887,7005016,2,477.25876,178.80232,0.0,0.0,0,1.0,1.0,0,0)
DispatchPointer(7004887,7005034,2,477.90445,172.06732,0.0,0.0,0,1.0,1.0,0,0)
DispatchPointer(7004887,7005054,2,478.55438,169.2677,0.0,0.0,0,1.0,1.0,0,0)
DispatchPointer(7004887,7005068,2,479.86325,166.37886,0.0,0.0,0,1.0,1.0,0,0)
DispatchPointer(7004887,7005118,2,480.0,158.54973,0.0,0.0,0,1.0,1.0,0,0)
DispatchPointer(7004887,7005177,1,480.0,150.71294,0.0,0.0,0,1.0,1.0,0,0)
DispatchPointer(7005323,7005323,0,300.0,281.0,0.0,0.0,0,1.0,1.0,0,0)
DispatchPointer(7005323,7005341,1,301.01892,275.51028,0.0,0.0,0,1.0,1.0,0,0)
DispatchKey(7005359,7005359,0,20,0,0,-1,0)
DispatchKey(7005426,7005426,1,20,0,0,-1,0)
DispatchPointer(7005538,7005551,0,363.0,128.0,0.0,0.0,0,1.0,1.0,0,0)
DispatchPointer(7005538,7005579,2,364.7771,135.33687,0.0,0.0,0,1.0,1.0,0,0)
DispatchPointer(7005538,7005616,2,371.9205,136.84073,0.0,0.0,0,1.0,1.0,0,0)
DispatchPointer(7005538,7005634,2,380.9054,142.40776,0.0,0.0,0,1.0,1.0,0,0)
DispatchPointer(7005538,7005677,2,384.56616,144.03233,0.0,0.0,0,1.0,1.0,0,0)
DispatchPointer(7005538,7005752,2,391.32327,145.11224,0.0,0.0,0,1.0,1.0,0,0)
DispatchPointer(7005538,7005774,1,399.27863,152.75864,0.0,0.0,0,1.0,1.0,0,0)
DispatchKey(7005798,7005798,0,20,0,0,-1,0)
DispatchKey(7005851,7005851,1,20,0,0,-1,0)
DispatchPointer(7005891,7005891,0,51.0,565.0,0.0,0.0,0,1.0,1.0,0,0)
DispatchPointer(7005891,7005937,1,33.036392,558.28204,0.0,0.0,0,1.0,1.0,0,0)
DispatchKey(7005958,7005958,0,21,0,0,-1,0)
DispatchKey(7006025,7006025,1,21,0,0,-1,0)
DispatchPointer(7006098,7006099,0,68.0,31.0,0.0,0.0,0,1.0,1.0,0,0)
DispatchPointer(7006098,7006222,1,69.55693,29.193405,0.0,0.0,0,1.0,1.0,0,0)
DispatchKey(7006302,7006302,0,20,0,0,-1,0)
DispatchKey(7006317,7006317,1,20,0,0,-1,0)
DispatchKey(7006372,7006372,0,21,0,0,-1,0)
DispatchKey(7006399,7006399,1,21,0,0,-1,0)
DispatchPointer(7006489,7006490,0,165.0,307.0,0.0,0.0,0,1.0,1.0,0,0)
DispatchPointer(7006489,7006521,2,153.72672,297.45908,0.0,0.0,0,1.0,1.0,0,0)
DispatchPointer(7006489,7006529,2,153.6834,295.10712,0.0,0.0,0,1.0,1.0,0,0)
DispatchPointer(7006489,7006560,2,141.97467,295.08957,0.0,0.0,0,1.0,1.0,0,0)
DispatchPointer(7006489,7006579,2,125.090485,290.4611,0.0,0.0,0,1.0,1.0,0,0)
DispatchPointer(7006489,7006598,1,113.8528,287.96912,0.0,0.0,0,1.0,1.0,0,0)
DispatchPointer(7006651,7006652,0,284.0,587.0,0.0,0.0,0,1.0,1.0,0,0)
DispatchPointer(7006651,7006678,1,288.2679,575.2281,0.0,0.0,0,1.0,1.0,0,0)
DispatchKey(7006698,7006698,0,82,0,0,-1,0)
DispatchKey(7007283,7007283,1,82,0,0,-1,0)
DispatchKey(7007316,7007316,0,22,0,0,-1,0)
DispatchKey(7007347,7007347,1,22,0,0,-1,0)
DispatchKey(7007384,7007384,0,20,0,0,-1,0)
DispatchKey(7007507,7007507,1,20,0,0,-1,0)
DispatchKey(7007581,7007581,0,19,0,0,-1,0)
DispatchKey(7007652,7007652,1,19,0,0,-1,0)
DispatchKey(7007674,7007674,0,19,0,0,-1,0)
DispatchKey(7007690,7007690,1,19,0,0,-1,0)
DispatchFlip(false)
DispatchPointer(7007929,7007929,0,188.0,497.0,0.0,0.0,0,1.0,1.0,0,0)
DispatchPointer(7007929,7008012,1,195.69377,492.6014,0.0,0.0,0,1.0,1.0,0,0)
DispatchPointer(7008097,7008098,0,248.0,716.0,0.0,0.0,0,1.0,1.0,0,0)
DispatchPointer(7008097,7008119,1,245.37276,719.911,0.0,0.0,0,1.0,1.0,0,0)
DispatchKey(7008445,7008445,0,139,0,0,-1,0)
DispatchKey(7008477,7008477,1,139,0,0,-1,0)
DispatchKey(7008549,7008549,0,23,0,0,-1,0)
DispatchKey(7008647,7008647,1,23,0,0,-1,0)
DispatchKey(7008713,7008713,0,20,0,0,-1,0)
DispatchKey(7008732,7008732,1,20,0,0,-1,0)
DispatchKey(7008757,7008757,0,21,0,0,-1,0)
DispatchKey(7008803,7008803,1,21,0,0,-1,0)
DispatchKey(7009076,7009076,0,21,0,0,-1,0)
DispatchKey(7009162,7009162,1,21,0,0,-1,0)
DispatchKey(7009215,7009215,0,20,0,0,-1,0)
DispatchKey(7009298,7009298,1,20,0,0,-1,0)
DispatchPointer(7009384,7009385,0,465.0,264.0,0.0,0.0,0,1.0,1.0,0,0)
DispatchPointer(7009384,7009405,2,465.36258,263.54266,0.0,0.0,0,1.0,1.0,0,0)
DispatchPointer(7009384,7009416,2,467.55762,263.49347,0.0,0.0,0,1.0,1.0,0,0)
DispatchPointer(7009384,7009552,2,469.93552,262.54776,0.0,0.0,0,1.0,1.0,0,0)
DispatchPointer(7009384,7009557,2,472.37228,262.06772,0.0,0.0,0,1.0,1.0,0,0)
DispatchPointer(7009384,7009607,2,472.84137,261.68307,0.0,0.0,0,1.0,1.0,0,0)
DispatchPointer(7009384,7009646,2,473.26715,260.55237,0.0,0.0,0,1.0,1.0,0,0)
DispatchPointer(7009384,7009769,1,473.337,259.4609,0.0,0.0,0,1.0,1.0,0,0)
DispatchKey(7009800,7009800,0,21,0,0,-1,0)
DispatchKey(7009816,7009816,1,21,0,0,-1,0)
DispatchKey(7009900,7009900,0,82,0,0,-1,0)
DispatchKey(7009916,7009916,1,82,0,0,-1,0)
DispatchKey(7009948,7009948,0,19,0,0,-1,0)
DispatchKey(7009985,7009985,1,19,0,0,-1,0)
DispatchKey(7010369,7010369,0,22,0,0,-1,0)
DispatchKey(7010485,7010485,1,22,0,0,-1,0)
DispatchFlip(true)
DispatchKey(7010609,7010609,0,21,0,0,-1,0)
DispatchKey(7010620,7010620,1,21,0,0,-1,0)
DispatchPointer(7010657,7010657,0,30.0,33.0,0.0,0.0,0,1.0,1.0,0,0)
DispatchPointer(7010657,7010682,1,34.736343,30.087246,0.0,0.0,0,1.0,1.0,0,0)
DispatchKey(7010706,7010706,0,24,0,0,-1,0)
DispatchKey(7010736,7010736,1,24,0,0,-1,0)
DispatchKey(7010819,7010819,0,21,0,0,-1,0)
DispatchKey(7010953,7010953,1,21,0,0,-1,0)
DispatchKey(7011047,7011047,0,84,0,0,-1,0)
DispatchKey(7011116,7011116,1,84,0,0,-1,0)
DispatchKey(7011190,7011190,0,19,0,0,-1,0)
DispatchKey(7011224,7011224,1,19,0,0,-1,0)
DispatchKey(7011239,7011239,0,20,0,0,-1,0)
DispatchKey(7011264,7011264,1,20,0,0,-1,0)
DispatchPointer(7011287,7011288,0,244.0,121.0,0.0,0.0,0,1.0,1.0,0,0)
LaunchActivity(org.wordpress.android,org.wordpress.android.Dashboard)
DispatchKey(7011666,7011666,0,22,0,0,-1,0)
DispatchKey(7011758,7011758,1,22,0,0,-1,0)
DispatchPointer(7011915,7011918,0,141.0,229.0,0.0,0.0,0,1.0,1.0,0,0)
DispatchPointer(7011915,7012041,2,146.32683,224.76001,0.0,0.0,0,1.0,1.0,0,0)
DispatchPointer(7011915,7012059,2,149.56595,220.43733,0.0,0.0,0,1.0,1.0,0,0)
DispatchPointer(7011915,7012072,2,161.08105,212.76143,0.0,0.0,0,1.0,1.0,0,0)
DispatchPointer(7011915,7012091,2,170.15448,207.18332,0.0,0.0,0,1.0,1.0,0,0)
DispatchPointer(7011915,7012125,2,173.97389,200.14507,0.0,0.0,0,1.0,1.0,0,0)
DispatchPointer(7011915,7012136,1,175.57224,193.22276,0.0,0.0,0,1.0,1.0,0,0)
DispatchTrackball(-1,7012222,2,3.0,-5.0,0.0,0.0,0,1.0,1.0,0,0)
DispatchTrackball(-1,7012257,2,1.0,-1.0,0.0,0.0,0,1.0,1.0,0,0)
DispatchTrackball(-1,7012612,2,-1.0,2.0,0.0,0.0,0,1.0,1.0,0,0)
DispatchTrackball(-1,7012646,2,0.0,4.0,0.0,0.0,0,1.0,1.0,0,0)
DispatchTrackball(-1,7012667,2,-1.0,-2.0,0.0,0.0,0,1.0,1.0,0,0)
DispatchTrackball(-1,7012689,2,-3.0,1.0,0.0,0.0,0,1.0,1.0,0,0)
DispatchTrackball(-1,7012752,2,2.0,-4.0,0.0,0.0,0,1.0,1.0,0,0)
DispatchTrackball(-1,7012777,2,0.0,2.0,0.0,0.0,0,1.0,1.0,0,0)
DispatchTrackball(-1,7012794,2,-1.0,4.0,0.0,0.0,0,1.0,1.0,0,0)
DispatchTrackball(-1,7012805,2,-3.0,-3.0,0.0,0.0,0,1.0,1.0,0,0)
DispatchTrackball(-1,7012856,2,-3.0,-1.0,0.0,0.0,0,1.0,1.0,0,0)
DispatchTrackball(-1,7012868,2,0.0,2.0,0.0,0.0,0,1.0,1.0,0,0)
DispatchTrackball(-1,7012902,2,-3.0,0.0,0.0,0.0,0,1.0,1.0,0,0)
