type= raw events
count= -1
speed= 1.0
start data >>
DispatchKey(368087,368087,0,82,0,0,-1,0)
DispatchKey(371155,371155,1,82,0,0,-1,0)
DispatchKey(371263,371263,0,42,0,0,-1,0)
DispatchKey(371287,371287,1,42,0,0,-1,0)
DispatchPointer(371334,371337,0,221.0,337.0,0.0,0.0,0,1.0,1.0,0,0)
DispatchPointer(371334,371357,261,218.5614,323.24857,0.0,0.0,0,1.0,1.0,0,0)
DispatchPointer(371334,371367,2,217.88399,321.71738,0.0,0.0,0,1.0,1.0,0,0)
DispatchPointer(371334,371390,2,217.076,319.18942,0.0,0.0,0,1.0,1.0,0,0)
DispatchPointer(371334,371406,2,214.40251,315.3409,0.0,0.0,0,1.0,1.0,0,0)
DispatchPointer(371334,371425,2,212.0205,311.49567,0.0,0.0,0,1.0,1.0,0,0)
DispatchPointer(371334,371443,2,211.37344,299.72,0.0,0.0,0,1.0,1.0,0,0)
DispatchPointer(371334,371462,2,209.67671,295.0562,0.0,0.0,0,1.0,1.0,0,0)
DispatchPointer(371334,371469,262,206.74428,283.89166,0.0,0.0,0,1.0,1.0,0,0)
DispatchPointer(371334,371489,1,204.48903,277.15796,0.0,0.0,0,1.0,1.0,0,0)
DispatchKey(371514,371514,0,20,0,0,-1,0)
DispatchKey(371663,371663,1,20,0,0,-1,0)
DispatchKey(371675,371675,0,82,0,0,-1,0)
DispatchKey(371770,371770,1,82,0,0,-1,0)
DispatchKey(371799,371799,0,22,0,0,-1,0)
DispatchKey(371868,371868,1,22,0,0,-1,0)
DispatchTrackball(-1,371924,2,-4.0,-5.0,0.0,0.0,0,1.0,1.0,0,0)
DispatchTrackball(-1,371982,2,-3.0,-2.0,0.0,0.0,0,1.0,1.0,0,0)
DispatchTrackball(-1,371989,2,-5.0,-1.0,0.0,0.0,0,1.0,1.0,0,0)
DispatchTrackball(-1,372018,2,-4.0,-5.0,0.0,0.0,0,1.0,1.0,0,0)
DispatchTrackball(-1,372049,2,0.0,-1.0,0.0,0.0,0,1.0,1.0,0,0)
DispatchTrackball(-1,372116,2,-2.0,0.0,0.0,0.0,0,1.0,1.0,0,0)
DispatchTrackball(-1,372133,2,0.0,3.0,0.0,0.0,0,1.0,1.0,0,0)
DispatchTrackball(-1,372140,2,-3.0,-4.0,0.0,0.0,0,1.0,1.0,0,0)
DispatchTrackball(-1,372147,2,0.0,2.0,0.0,0.0,0,1.0,1.0,0,0)
DispatchTrackball(-1,372163,2,0.0,0.0,0.0,0.0,0,1.0,1.0,0,0)
DispatchPointer(372182,372183,0,147.0,695.0,0.0,0.0,0,1.0,1.0,0,0)
DispatchPointer(372182,372196,2,146.62282,687.798,0.0,0.0,0,1.0,1.0,0,0)
DispatchPointer(372182,372213,2,141.91956,687.11743,0.0,0.0,0,1.0,1.0,0,0)
DispatchPointer(372182,372227,2,135.85384,671.4452,0.0,0.0,0,1.0,1.0,0,0)
DispatchPointer(372182,372235,1,134.24849,670.83167,0.0,0.0,0,1.0,1.0,0,0)
DispatchKey(372264,372264,0,175,0,0,-1,0)
DispatchKey(372458,372458,1,175,0,0,-1,0)
GUIGen(3)
DispatchKey(380627,380627,0,23,0,0,-1,0)
DispatchKey(380715,380715,1,23,0,0,-1,0)
DispatchKey(384585,384585,0,82,0,0,-1,0)
DispatchKey(384604,384604,1,82,0,0,-1,0)
DispatchKey(384629,384629,0,20,0,0,-1,0)
DispatchKey(384718,384718,1,20,0,0,-1,0)
DispatchPointer(384815,384816,0,326.0,421.0,0.0,0.0,0,1.0,1.0,0,0)
DispatchPointer(384815,384848,1,321.33893,420.9957,0.0,0.0,0,1.0,1.0,0,0)
DispatchTrackball(-1,384876,2,-2.0,-1.0,0.0,0.0,0,1.0,1.0,0,0)
DispatchTrackball(-1,384899,2,-1.0,-3.0,0.0,0.0,0,1.0,1.0,0,0)
DispatchTrackball(-1,384909,2,4.0,1.0,0.0,0.0,0,1.0,1.0,0,0)
DispatchTrackball(-1,384917,2,4.0,4.0,0.0,0.0,0,1.0,1.0,0,0)
DispatchTrackball(-1,384927,2,4.0,-1.0,0.0,0.0,0,1.0,1.0,0,0)
DispatchTrackball(-1,384934,2,1.0,1.0,0.0,0.0,0,1.0,1.0,0,0)
DispatchTrackball(-1,384950,2,-4.0,2.0,0.0,0.0,0,1.0,1.0,0,0)
DispatchTrackball(-1,384954,2,3.0,3.0,0.0,0.0,0,1.0,1.0,0,0)
DispatchTrackball(-1,384959,2,-2.0,-2.0,0.0,0.0,0,1.0,1.0,0,0)
DispatchTrackball(-1,384979,2,4.0,-2.0,0.0,0.0,0,1.0,1.0,0,0)
DispatchKey(384984,384984,0,82,0,0,-1,0)
DispatchKey(385071,385071,1,82,0,0,-1,0)
DispatchKey(385098,385098,0,23,0,0,-1,0)
DispatchKey(385127,385127,1,23,0,0,-1,0)
DispatchKey(385159,385159,0,23,0,0,-1,0)
DispatchKey(385185,385185,1,23,0,0,-1,0)
DispatchPointer(385302,385302,0,131.0,143.0,0.0,0.0,0,1.0,1.0,0,0)
DispatchPointer(385302,385313,1,133.08272,149.77786,0.0,0.0,0,1.0,1.0,0,0)
DispatchTrackball(-1,385338,2,2.0,-5.0,0.0,0.0,0,1.0,1.0,0,0)
DispatchTrackball(-1,385356,2,-1.0,-4.0,0.0,0.0,0,1.0,1.0,0,0)
DispatchTrackball(-1,385363,2,-1.0,-3.0,0.0,0.0,0,1.0,1.0,0,0)
DispatchTrackball(-1,385382,2,3.0,2.0,0.0,0.0,0,1.0,1.0,0,0)
DispatchTrackball(-1,385393,2,1.0,-4.0,0.0,0.0,0,1.0,1.0,0,0)
DispatchTrackball(-1,385398,2,-2.0,0.0,0.0,0.0,0,1.0,1.0,0,0)
DispatchTrackball(-1,385407,2,-1.0,-2.0,0.0,0.0,0,1.0,1.0,0,0)
DispatchTrackball(-1,385417,2,3.0,-4.0,0.0,0.0,0,1.0,1.0,0,0)
DispatchTrackball(-1,385485,2,-4.0,3.0,0.0,0.0,0,1.0,1.0,0,0)
DispatchTrackball(-1,385505,2,-5.0,-4.0,0.0,0.0,0,1.0,1.0,0,0)
DispatchPointer(385587,385588,0,178.0,148.0,0.0,0.0,0,1.0,1.0,0,0)
DispatchPointer(385587,385609,1,190.90933,143.23157,0.0,0.0,0,1.0,1.0,0,0)
DispatchPointer(385657,385657,0,225.0,229.0,0.0,0.0,0,1.0,1.0,0,0)
DispatchKey(385712,385712,0,82,0,0,-1,0)
DispatchKey(385798,385798,1,82,0,0,-1,0)
DispatchKey(385861,385861,0,20,0,0,-1,0)
DispatchKey(386015,386015,1,20,0,0,-1,0)
DispatchTrackball(-1,386032,2,1.0,-3.0,0.0,0.0,0,1.0,1.0,0,0)
DispatchTrackball(-1,386043,2,-4.0,-1.0,0.0,0.0,0,1.0,1.0,0,0)
DispatchTrackball(-1,386059,2,-3.0,-3.0,0.0,0.0,0,1.0,1.0,0,0)
DispatchTrackball(-1,386085,2,0.0,-5.0,0.0,0.0,0,1.0,1.0,0,0)
DispatchTrackball(-1,386115,2,2.0,2.0,0.0,0.0,0,1.0,1.0,0,0)
DispatchTrackball(-1,386133,2,1.0,-4.0,0.0,0.0,0,1.0,1.0,0,0)
DispatchTrackball(-1,386162,2,-3.0,-1.0,0.0,0.0,0,1.0,1.0,0,0)
DispatchTrackball(-1,386169,2,4.0,1.0,0.0,0.0,0,1.0,1.0,0,0)
DispatchTrackball(-1,386203,2,1.0,-5.0,0.0,0.0,0,1.0,1.0,0,0)
DispatchTrackball(-1,386209,2,-5.0,2.0,0.0,0.0,0,1.0,1.0,0,0)
DispatchKey(386264,386264,0,21,0,0,-1,0)
DispatchKey(386337,386337,1,21,0,0,-1,0)
DispatchTrackball(-1,386389,2,2.0,0.0,0.0,0.0,0,1.0,1.0,0,0)
DispatchTrackball(-1,386429,2,1.0,3.0,0.0,0.0,0,1.0,1.0,0,0)
DispatchTrackball(-1,386449,2,-1.0,0.0,0.0,0.0,0,1.0,1.0,0,0)
DispatchTrackball(-1,386464,2,4.0,3.0,0.0,0.0,0,1.0,1.0,0,0)
DispatchTrackball(-1,386474,2,1.0,1.0,0.0,0.0,0,1.0,1.0,0,0)
DispatchTrackball(-1,386504,2,2.0,-4.0,0.0,0.0,0,1.0,1.0,0,0)
DispatchTrackball(-1,386538,2,-3.0,-2.0,0.0,0.0,0,1.0,1.0,0,0)
DispatchTrackball(-1,386574,2,-5.0,4.0,0.0,0.0,0,1.0,1.0,0,0)
DispatchTrackball(-1,386600,2,-5.0,-2.0,0.0,0.0,0,1.0,1.0,0,0)
DispatchTrackball(-1,386636,2,2.0,-4.0,0.0,0.0,0,1.0,1.0,0,0)
DispatchPointer(386669,386669,0,288.0,607.0,0.0,0.0,0,1.0,1.0,0,0)
DispatchPointer(386669,386800,1,292.96747,607.7889,0.0,0.0,0,1.0,1.0,0,0)
DispatchPointer(386882,386884,0,9.0,521.0,0.0,0.0,0,1.0,1.0,0,0)
DispatchPointer(386882,386923,261,12.290012,542.67487,0.0,0.0,0,1.0,1.0,0,0)
DispatchPointer(386882,386939,2,13.611591,555.0508,0.0,0.0,0,1.0,1.0,0,0)
DispatchPointer(386882,386962,2,15.701401,575.28204,0.0,0.0,0,1.0,1.0,0,0)
DispatchPointer(386882,386998,2,16.352127,591.84625,0.0,0.0,0,1.0,1.0,0,0)
DispatchPointer(386882,387020,262,18.419487,606.9185,0.0,0.0,0,1.0,1.0,0,0)
DispatchPointer(386882,387039,1,20.758698,627.53357,0.0,0.0,0,1.0,1.0,0,0)
DispatchKey(387071,387071,0,179,0,0,-1,0)
DispatchKey(387103,387103,1,179,0,0,-1,0)
DispatchTrackball(-1,387137,2,2.0,4.0,0.0,0.0,0,1.0,1.0,0,0)
DispatchTrackball(-1,387183,2,-3.0,-1.0,0.0,0.0,0,1.0,1.0,0,0)
DispatchTrackball(-1,387201,2,2.0,4.0,0.0,0.0,0,1.0,1.0,0,0)
DispatchTrackball(-1,387221,2,-3.0,-2.0,0.0,0.0,0,1.0,1.0,0,0)
DispatchTrackball(-1,387235,2,-3.0,3.0,0.0,0.0,0,1.0,1.0,0,0)
DispatchTrackball(-1,387253,2,-4.0,-5.0,0.0,0.0,0,1.0,1.0,0,0)
DispatchTrackball(-1,387270,2,3.0,-4.0,0.0,0.0,0,1.0,1.0,0,0)
DispatchTrackball(-1,387279,2,-2.0,2.0,0.0,0.0,0,1.0,1.0,0,0)
DispatchTrackball(-1,387311,2,1.0,2.0,0.0,0.0,0,1.0,1.0,0,0)
DispatchTrackball(-1,387332,2,-3.0,1.0,0.0,0.0,0,1.0,1.0,0,0)
DispatchKey(387353,387353,0,202,0,0,-1,0)
DispatchKey(387408,387408,1,202,0,0,-1,0)
DispatchKey(387452,387452,0,20,0,0,-1,0)
DispatchKey(387462,387462,1,20,0,0,-1,0)
DispatchKey(387477,387477,0,46,0,0,-1,0)
DispatchKey(387494,387494,1,46,0,0,-1,0)
DispatchKey(387566,387566,0,19,0,0,-1,0)
DispatchKey(387577,387577,1,19,0,0,-1,0)
DispatchKey(387621,387621,0,20,0,0,-1,0)
DispatchKey(387688,387688,1,20,0,0,-1,0)
LaunchActivity(com.google.android.photostream,com.google.android.photostream.LoginActivity)
DispatchPointer(387739,387740,0,103.0,789.0,0.0,0.0,0,1.0,1.0,0,0)
DispatchPointer(387739,387768,2,104.83196,767.8849,0.0,0.0,0,1.0,1.0,0,0)
DispatchPointer(387739,387777,2,108.037834,759.7915,0.0,0.0,0,1.0,1.0,0,0)
DispatchPointer(387739,387784,2,114.37248,744.30286,0.0,0.0,0,1.0,1.0,0,0)
DispatchPointer(387739,387804,2,125.184616,742.8643,0.0,0.0,0,1.0,1.0,0,0)
DispatchPointer(387739,387823,1,132.63235,733.7898,0.0,0.0,0,1.0,1.0,0,0)
DispatchKey(387871,387871,0,23,0,0,-1,0)
DispatchKey(387891,387891,1,23,0,0,-1,0)
DispatchKey(387907,387907,0,35,0,0,-1,0)
DispatchKey(387927,387927,1,35,0,0,-1,0)
DispatchKey(387950,387950,0,82,0,0,-1,0)
DispatchKey(387962,387962,1,82,0,0,-1,0)
DispatchKey(387988,387988,0,169,0,0,-1,0)
DispatchKey(388025,388025,1,169,0,0,-1,0)
DispatchKey(388053,388053,0,22,0,0,-1,0)
DispatchKey(388091,388091,1,22,0,0,-1,0)
DispatchKey(388107,388107,0,23,0,0,-1,0)
DispatchKey(388232,388232,1,23,0,0,-1,0)
DispatchKey(388248,388248,0,23,0,0,-1,0)
DispatchKey(388270,388270,1,23,0,0,-1,0)
DispatchTrackball(-1,388300,2,2.0,4.0,0.0,0.0,0,1.0,1.0,0,0)
DispatchTrackball(-1,388335,2,1.0,-1.0,0.0,0.0,0,1.0,1.0,0,0)
DispatchTrackball(-1,388354,2,4.0,-4.0,0.0,0.0,0,1.0,1.0,0,0)
DispatchTrackball(-1,388385,2,-2.0,3.0,0.0,0.0,0,1.0,1.0,0,0)
DispatchTrackball(-1,388485,2,4.0,0.0,0.0,0.0,0,1.0,1.0,0,0)
DispatchTrackball(-1,388493,2,0.0,4.0,0.0,0.0,0,1.0,1.0,0,0)
DispatchTrackball(-1,388498,2,1.0,-3.0,0.0,0.0,0,1.0,1.0,0,0)
DispatchTrackball(-1,388513,2,-4.0,-2.0,0.0,0.0,0,1.0,1.0,0,0)
DispatchTrackball(-1,388519,2,2.0,-5.0,0.0,0.0,0,1.0,1.0,0,0)
DispatchTrackball(-1,388534,2,3.0,4.0,0.0,0.0,0,1.0,1.0,0,0)
DispatchKey(388546,388546,0,23,0,0,-1,0)
DispatchKey(388627,388627,1,23,0,0,-1,0)
DispatchTrackball(-1,388648,2,2.0,-5.0,0.0,0.0,0,1.0,1.0,0,0)
DispatchTrackball(-1,388671,2,-2.0,-3.0,0.0,0.0,0,1.0,1.0,0,0)
DispatchTrackball(-1,388717,2,-1.0,2.0,0.0,0.0,0,1.0,1.0,0,0)
DispatchTrackball(-1,388725,2,-4.0,1.0,0.0,0.0,0,1.0,1.0,0,0)
DispatchTrackball(-1,388735,2,4.0,2.0,0.0,0.0,0,1.0,1.0,0,0)
DispatchTrackball(-1,388742,2,-2.0,-1.0,0.0,0.0,0,1.0,1.0,0,0)
DispatchTrackball(-1,388793,2,-3.0,0.0,0.0,0.0,0,1.0,1.0,0,0)
DispatchTrackball(-1,388829,2,-2.0,-2.0,0.0,0.0,0,1.0,1.0,0,0)
DispatchTrackball(-1,388848,2,-3.0,0.0,0.0,0.0,0,1.0,1.0,0,0)
DispatchTrackball(-1,388870,2,-4.0,4.0,0.0,0.0,0,1.0,1.0,0,0)
DispatchTrackball(388647,388883,0,0.0,0.0,0.0,0.0,0,1.0,1.0,0,0)
DispatchTrackball(388647,388889,1,0.0,0.0,0.0,0.0,0,1.0,1.0,0,0)
DispatchKey(388923,388923,0,82,0,0,-1,0)
DispatchKey(388942,388942,1,82,0,0,-1,0)
DispatchKey(388999,388999,0,82,0,0,-1,0)
DispatchKey(389030,389030,1,82,0,0,-1,0)
DispatchPointer(389157,389158,0,302.0,123.0,0.0,0.0,0,1.0,1.0,0,0)
DispatchPointer(389157,389195,1,297.76645,121.22276,0.0,0.0,0,1.0,1.0,0,0)
DispatchTrackball(-1,389253,2,-4.0,1.0,0.0,0.0,0,1.0,1.0,0,0)
DispatchTrackball(-1,389285,2,4.0,0.0,0.0,0.0,0,1.0,1.0,0,0)
DispatchTrackball(-1,389352,2,2.0,-2.0,0.0,0.0,0,1.0,1.0,0,0)
DispatchTrackball(-1,389360,2,3.0,-1.0,0.0,0.0,0,1.0,1.0,0,0)
DispatchTrackball(-1,389376,2,4.0,-5.0,0.0,0.0,0,1.0,1.0,0,0)
DispatchTrackball(-1,389401,2,1.0,4.0,0.0,0.0,0,1.0,1.0,0,0)
DispatchTrackball(-1,389421,2,1.0,-3.0,0.0,0.0,0,1.0,1.0,0,0)
DispatchTrackball(-1,389430,2,-3.0,0.0,0.0,0.0,0,1.0,1.0,0,0)
