type= raw events
count= -1
speed= 1.0
start data >>
DispatchKey(438961,438961,0,21,0,0,-1,0)
DispatchKey(442302,442302,1,21,0,0,-1,0)
DispatchKey(442425,442425,0,82,0,0,-1,0)
DispatchKey(442445,442445,1,82,0,0,-1,0)
DispatchPointer(442481,442484,0,14.0,97.0,0.0,0.0,0,1.0,1.0,0,0)
DispatchPointer(442481,442507,2,15.490534,95.69875,0.0,0.0,0,1.0,1.0,0,0)
DispatchPointer(442481,442528,2,24.488007,92.650314,0.0,0.0,0,1.0,1.0,0,0)
DispatchPointer(442481,442549,2,27.861025,87.806885,0.0,0.0,0,1.0,1.0,0,0)
DispatchPointer(442481,442562,2,32.086067,83.29715,0.0,0.0,0,1.0,1.0,0,0)
DispatchPointer(442481,442572,2,33.139355,78.481224,0.0,0.0,0,1.0,1.0,0,0)
DispatchPointer(442481,442579,2,41.196655,74.10504,0.0,0.0,0,1.0,1.0,0,0)
DispatchPointer(442481,442599,1,41.248146,70.3433,0.0,0.0,0,1.0,1.0,0,0)
DispatchTrackball(-1,442624,2,1.0,-2.0,0.0,0.0,0,1.0,1.0,0,0)
DispatchTrackball(-1,442647,2,-5.0,-1.0,0.0,0.0,0,1.0,1.0,0,0)
DispatchTrackball(-1,442659,2,1.0,1.0,0.0,0.0,0,1.0,1.0,0,0)
DispatchTrackball(-1,442676,2,-2.0,4.0,0.0,0.0,0,1.0,1.0,0,0)
DispatchTrackball(-1,442694,2,3.0,2.0,0.0,0.0,0,1.0,1.0,0,0)
DispatchTrackball(-1,442720,2,-2.0,-2.0,0.0,0.0,0,1.0,1.0,0,0)
DispatchTrackball(-1,442732,2,-3.0,2.0,0.0,0.0,0,1.0,1.0,0,0)
DispatchTrackball(-1,442743,2,-4.0,1.0,0.0,0.0,0,1.0,1.0,0,0)
DispatchTrackball(-1,442753,2,-3.0,-5.0,0.0,0.0,0,1.0,1.0,0,0)
DispatchTrackball(-1,442763,2,-1.0,-3.0,0.0,0.0,0,1.0,1.0,0,0)
DispatchKey(447615,447615,0,23,0,0,-1,0)
DispatchKey(447634,447634,1,23,0,0,-1,0)









DispatchFlip(false)
DispatchKey(447897,447897,0,22,0,0,-1,0)
DispatchKey(447916,447916,1,22,0,0,-1,0)
DispatchKey(447933,447933,0,19,0,0,-1,0)
DispatchKey(447951,447951,1,19,0,0,-1,0)
DispatchTrackball(-1,448030,2,-3.0,-2.0,0.0,0.0,0,1.0,1.0,0,0)
DispatchTrackball(-1,448083,2,-5.0,0.0,0.0,0.0,0,1.0,1.0,0,0)
DispatchTrackball(-1,448104,2,-4.0,1.0,0.0,0.0,0,1.0,1.0,0,0)
DispatchTrackball(-1,448113,2,4.0,-2.0,0.0,0.0,0,1.0,1.0,0,0)
DispatchTrackball(-1,448132,2,-5.0,-5.0,0.0,0.0,0,1.0,1.0,0,0)
DispatchTrackball(-1,448152,2,0.0,3.0,0.0,0.0,0,1.0,1.0,0,0)
DispatchTrackball(-1,448169,2,1.0,-2.0,0.0,0.0,0,1.0,1.0,0,0)
DispatchTrackball(-1,448198,2,-2.0,-3.0,0.0,0.0,0,1.0,1.0,0,0)
DispatchTrackball(-1,448275,2,-2.0,-1.0,0.0,0.0,0,1.0,1.0,0,0)
DispatchTrackball(-1,448286,2,-1.0,-5.0,0.0,0.0,0,1.0,1.0,0,0)
DispatchPointer(448300,448311,0,289.0,112.0,0.0,0.0,0,1.0,1.0,0,0)
DispatchPointer(448300,448344,2,295.5825,126.47551,0.0,0.0,0,1.0,1.0,0,0)
DispatchPointer(448300,448354,2,304.74106,150.7482,0.0,0.0,0,1.0,1.0,0,0)
DispatchPointer(448300,448371,2,304.86304,163.70973,0.0,0.0,0,1.0,1.0,0,0)
DispatchPointer(448300,448379,1,314.79657,165.27376,0.0,0.0,0,1.0,1.0,0,0)
DispatchKey(448641,448641,0,20,0,0,-1,0)
DispatchKey(448659,448659,1,20,0,0,-1,0)
DispatchKey(448680,448680,0,22,0,0,-1,0)
DispatchKey(448694,448694,1,22,0,0,-1,0)
DispatchKey(448717,448717,0,82,0,0,-1,0)
DispatchKey(448732,448732,1,82,0,0,-1,0)
DispatchKey(448745,448745,0,198,0,0,-1,0)
DispatchKey(448815,448815,1,198,0,0,-1,0)
DispatchTrackball(-1,448953,2,-3.0,-2.0,0.0,0.0,0,1.0,1.0,0,0)
DispatchTrackball(-1,448969,2,-1.0,-5.0,0.0,0.0,0,1.0,1.0,0,0)
DispatchTrackball(-1,449005,2,1.0,2.0,0.0,0.0,0,1.0,1.0,0,0)
DispatchTrackball(-1,449023,2,-2.0,2.0,0.0,0.0,0,1.0,1.0,0,0)
DispatchTrackball(-1,449030,2,4.0,-2.0,0.0,0.0,0,1.0,1.0,0,0)
DispatchTrackball(-1,449055,2,-2.0,-3.0,0.0,0.0,0,1.0,1.0,0,0)
DispatchTrackball(-1,449061,2,0.0,-1.0,0.0,0.0,0,1.0,1.0,0,0)
DispatchTrackball(-1,449068,2,2.0,-3.0,0.0,0.0,0,1.0,1.0,0,0)
DispatchTrackball(-1,449101,2,1.0,0.0,0.0,0.0,0,1.0,1.0,0,0)
DispatchTrackball(-1,449111,2,2.0,4.0,0.0,0.0,0,1.0,1.0,0,0)
DispatchTrackball(448952,449119,0,0.0,0.0,0.0,0.0,0,1.0,1.0,0,0)
DispatchTrackball(448952,449149,1,0.0,0.0,0.0,0.0,0,1.0,1.0,0,0)
DispatchKey(449176,449176,0,21,0,0,-1,0)
DispatchKey(449204,449204,1,21,0,0,-1,0)
DispatchKey(449234,449234,0,22,0,0,-1,0)
DispatchKey(449244,449244,1,22,0,0,-1,0)
DispatchPointer(449277,449277,0,180.0,425.0,0.0,0.0,0,1.0,1.0,0,0)
DispatchPointer(449277,449306,1,174.28906,431.12152,0.0,0.0,0,1.0,1.0,0,0)
DispatchPointer(449362,449363,0,471.0,507.0,0.0,0.0,0,1.0,1.0,0,0)
DispatchPointer(449362,449385,1,472.43256,513.44775,0.0,0.0,0,1.0,1.0,0,0)
DispatchPointer(449407,449407,0,131.0,38.0,0.0,0.0,0,1.0,1.0,0,0)
DispatchPointer(449407,449432,1,112.83063,31.813572,0.0,0.0,0,1.0,1.0,0,0)
DispatchKey(449463,449463,0,82,0,0,-1,0)
DispatchKey(449473,449473,1,82,0,0,-1,0)
DispatchKey(449514,449514,0,82,0,0,-1,0)
DispatchKey(449532,449532,1,82,0,0,-1,0)
DispatchKey(449555,449555,0,5,0,0,-1,0)
DispatchKey(449591,449591,1,5,0,0,-1,0)
DispatchTrackball(-1,449673,2,-3.0,4.0,0.0,0.0,0,1.0,1.0,0,0)
DispatchTrackball(-1,449687,2,4.0,3.0,0.0,0.0,0,1.0,1.0,0,0)
DispatchTrackball(-1,449699,2,-1.0,-4.0,0.0,0.0,0,1.0,1.0,0,0)
DispatchTrackball(-1,449716,2,-2.0,-4.0,0.0,0.0,0,1.0,1.0,0,0)
DispatchTrackball(-1,449723,2,4.0,-3.0,0.0,0.0,0,1.0,1.0,0,0)
DispatchTrackball(-1,449744,2,4.0,-3.0,0.0,0.0,0,1.0,1.0,0,0)
DispatchTrackball(-1,449750,2,-2.0,-1.0,0.0,0.0,0,1.0,1.0,0,0)
DispatchTrackball(-1,449793,2,0.0,-2.0,0.0,0.0,0,1.0,1.0,0,0)
DispatchTrackball(-1,449814,2,4.0,-1.0,0.0,0.0,0,1.0,1.0,0,0)
DispatchTrackball(-1,449834,2,-3.0,0.0,0.0,0.0,0,1.0,1.0,0,0)
DispatchTrackball(-1,449871,2,-5.0,-1.0,0.0,0.0,0,1.0,1.0,0,0)
DispatchTrackball(-1,449925,2,2.0,2.0,0.0,0.0,0,1.0,1.0,0,0)
DispatchTrackball(-1,449942,2,-5.0,3.0,0.0,0.0,0,1.0,1.0,0,0)
DispatchTrackball(-1,449948,2,-2.0,0.0,0.0,0.0,0,1.0,1.0,0,0)
DispatchTrackball(-1,449953,2,1.0,0.0,0.0,0.0,0,1.0,1.0,0,0)
DispatchTrackball(-1,449958,2,4.0,-4.0,0.0,0.0,0,1.0,1.0,0,0)
DispatchTrackball(-1,450004,2,-1.0,-1.0,0.0,0.0,0,1.0,1.0,0,0)
DispatchTrackball(-1,450010,2,0.0,-1.0,0.0,0.0,0,1.0,1.0,0,0)
DispatchTrackball(-1,450028,2,-2.0,-3.0,0.0,0.0,0,1.0,1.0,0,0)
DispatchTrackball(-1,450033,2,-2.0,0.0,0.0,0.0,0,1.0,1.0,0,0)
DispatchTrackball(-1,450039,2,3.0,-3.0,0.0,0.0,0,1.0,1.0,0,0)
DispatchTrackball(-1,450074,2,-1.0,2.0,0.0,0.0,0,1.0,1.0,0,0)
DispatchTrackball(-1,450092,2,-3.0,-3.0,0.0,0.0,0,1.0,1.0,0,0)
DispatchTrackball(-1,450099,2,-3.0,3.0,0.0,0.0,0,1.0,1.0,0,0)
DispatchTrackball(-1,450126,2,4.0,1.0,0.0,0.0,0,1.0,1.0,0,0)
DispatchTrackball(-1,450191,2,-1.0,-1.0,0.0,0.0,0,1.0,1.0,0,0)
DispatchTrackball(-1,450225,2,-4.0,4.0,0.0,0.0,0,1.0,1.0,0,0)
DispatchTrackball(-1,450246,2,0.0,3.0,0.0,0.0,0,1.0,1.0,0,0)
DispatchTrackball(-1,450264,2,-1.0,-4.0,0.0,0.0,0,1.0,1.0,0,0)
DispatchTrackball(-1,450333,2,-5.0,-5.0,0.0,0.0,0,1.0,1.0,0,0)
DispatchTrackball(-1,450362,2,-4.0,-5.0,0.0,0.0,0,1.0,1.0,0,0)
DispatchTrackball(-1,450386,2,4.0,-1.0,0.0,0.0,0,1.0,1.0,0,0)
DispatchTrackball(-1,450405,2,2.0,1.0,0.0,0.0,0,1.0,1.0,0,0)
DispatchTrackball(-1,450418,2,4.0,1.0,0.0,0.0,0,1.0,1.0,0,0)
DispatchTrackball(-1,450423,2,2.0,0.0,0.0,0.0,0,1.0,1.0,0,0)
DispatchTrackball(-1,450441,2,1.0,1.0,0.0,0.0,0,1.0,1.0,0,0)
DispatchTrackball(-1,450463,2,3.0,-4.0,0.0,0.0,0,1.0,1.0,0,0)
DispatchTrackball(-1,450469,2,4.0,-1.0,0.0,0.0,0,1.0,1.0,0,0)
DispatchTrackball(-1,450476,2,3.0,-3.0,0.0,0.0,0,1.0,1.0,0,0)
DispatchTrackball(-1,450493,2,3.0,2.0,0.0,0.0,0,1.0,1.0,0,0)
DispatchTrackball(-1,450513,2,1.0,0.0,0.0,0.0,0,1.0,1.0,0,0)
DispatchTrackball(-1,450554,2,2.0,1.0,0.0,0.0,0,1.0,1.0,0,0)
DispatchTrackball(-1,450572,2,1.0,-1.0,0.0,0.0,0,1.0,1.0,0,0)
DispatchTrackball(-1,450591,2,0.0,3.0,0.0,0.0,0,1.0,1.0,0,0)
DispatchTrackball(-1,450604,2,0.0,1.0,0.0,0.0,0,1.0,1.0,0,0)
DispatchTrackball(-1,450620,2,3.0,-3.0,0.0,0.0,0,1.0,1.0,0,0)
DispatchTrackball(-1,450636,2,-3.0,2.0,0.0,0.0,0,1.0,1.0,0,0)
DispatchTrackball(-1,450649,2,1.0,4.0,0.0,0.0,0,1.0,1.0,0,0)
DispatchTrackball(-1,450673,2,0.0,4.0,0.0,0.0,0,1.0,1.0,0,0)
DispatchTrackball(-1,450686,2,-3.0,-4.0,0.0,0.0,0,1.0,1.0,0,0)
DispatchKey(450711,450711,0,218,0,0,-1,0)
DispatchKey(450736,450736,1,218,0,0,-1,0)
DispatchPointer(450793,450794,0,255.0,564.0,0.0,0.0,0,1.0,1.0,0,0)
DispatchPointer(450793,450829,1,256.98544,561.96625,0.0,0.0,0,1.0,1.0,0,0)
DispatchKey(450911,450911,0,82,0,0,-1,0)
DispatchKey(450926,450926,1,82,0,0,-1,0)
DispatchKey(450950,450950,0,121,0,0,-1,0)
DispatchKey(450970,450970,1,121,0,0,-1,0)
DispatchPointer(451000,451002,0,170.0,384.0,0.0,0.0,0,1.0,1.0,0,0)
DispatchPointer(451000,451050,261,164.39926,386.3533,0.0,0.0,0,1.0,1.0,0,0)
DispatchPointer(451000,451092,2,153.62871,387.79626,0.0,0.0,0,1.0,1.0,0,0)
DispatchPointer(451000,451110,2,142.62201,390.90964,0.0,0.0,0,1.0,1.0,0,0)
DispatchPointer(451000,451128,2,133.80147,392.29318,0.0,0.0,0,1.0,1.0,0,0)
DispatchPointer(451000,451136,2,123.10629,396.80173,0.0,0.0,0,1.0,1.0,0,0)
DispatchPointer(451000,451154,262,119.22415,399.54153,0.0,0.0,0,1.0,1.0,0,0)
DispatchPointer(451000,451206,1,116.46088,399.77036,0.0,0.0,0,1.0,1.0,0,0)
DispatchPointer(451965,451966,0,432.0,582.0,0.0,0.0,0,1.0,1.0,0,0)
DispatchPointer(451965,451986,2,431.18597,572.8834,0.0,0.0,0,1.0,1.0,0,0)
DispatchPointer(451965,452005,2,428.54233,564.7215,0.0,0.0,0,1.0,1.0,0,0)
DispatchPointer(451965,452016,2,424.80023,562.7331,0.0,0.0,0,1.0,1.0,0,0)
DispatchPointer(452093,452094,0,155.0,537.0,0.0,0.0,0,1.0,1.0,0,0)
DispatchPointer(452093,452133,2,168.73291,534.8429,0.0,0.0,0,1.0,1.0,0,0)
DispatchPointer(452093,452152,2,179.26677,524.02045,0.0,0.0,0,1.0,1.0,0,0)
DispatchPointer(452093,452159,2,192.74039,517.8679,0.0,0.0,0,1.0,1.0,0,0)
DispatchPointer(452093,452165,1,204.00462,511.63208,0.0,0.0,0,1.0,1.0,0,0)
DispatchTrackball(-1,452185,2,-1.0,1.0,0.0,0.0,0,1.0,1.0,0,0)
DispatchTrackball(-1,452212,2,-2.0,-4.0,0.0,0.0,0,1.0,1.0,0,0)
DispatchTrackball(-1,452242,2,-3.0,-2.0,0.0,0.0,0,1.0,1.0,0,0)
DispatchTrackball(-1,452258,2,2.0,-3.0,0.0,0.0,0,1.0,1.0,0,0)
DispatchTrackball(-1,452275,2,-3.0,-1.0,0.0,0.0,0,1.0,1.0,0,0)
DispatchTrackball(-1,452281,2,-4.0,2.0,0.0,0.0,0,1.0,1.0,0,0)
DispatchTrackball(-1,452294,2,-2.0,-5.0,0.0,0.0,0,1.0,1.0,0,0)
DispatchTrackball(-1,452370,2,1.0,1.0,0.0,0.0,0,1.0,1.0,0,0)
DispatchTrackball(-1,452386,2,-3.0,-4.0,0.0,0.0,0,1.0,1.0,0,0)
DispatchTrackball(-1,452394,2,4.0,-4.0,0.0,0.0,0,1.0,1.0,0,0)
DispatchKey(452413,452413,0,23,0,0,-1,0)
DispatchKey(452503,452503,1,23,0,0,-1,0)
DispatchKey(452530,452530,0,35,0,0,-1,0)
DispatchKey(452546,452546,1,35,0,0,-1,0)
DispatchPointer(452576,452577,0,40.0,733.0,0.0,0.0,0,1.0,1.0,0,0)
DispatchPointer(452576,452618,1,45.932552,733.201,0.0,0.0,0,1.0,1.0,0,0)
DispatchKey(452646,452646,0,201,0,0,-1,0)
DispatchKey(452663,452663,1,201,0,0,-1,0)
DispatchKey(452682,452682,0,82,0,0,-1,0)
DispatchKey(452712,452712,1,82,0,0,-1,0)
DispatchKey(452740,452740,0,19,0,0,-1,0)
DispatchKey(452764,452764,1,19,0,0,-1,0)
DispatchKey(452798,452798,0,82,0,0,-1,0)
DispatchKey(452816,452816,1,82,0,0,-1,0)
DispatchKey(452981,452981,0,20,0,0,-1,0)
DispatchKey(453002,453002,1,20,0,0,-1,0)
DispatchKey(453534,453534,0,82,0,0,-1,0)
DispatchKey(453554,453554,1,82,0,0,-1,0)
DispatchKey(453570,453570,0,19,0,0,-1,0)
DispatchKey(453607,453607,1,19,0,0,-1,0)
DispatchTrackball(-1,453629,2,0.0,-5.0,0.0,0.0,0,1.0,1.0,0,0)
DispatchTrackball(-1,453649,2,-2.0,2.0,0.0,0.0,0,1.0,1.0,0,0)
DispatchTrackball(-1,453687,2,-3.0,-4.0,0.0,0.0,0,1.0,1.0,0,0)
DispatchTrackball(-1,453700,2,3.0,-3.0,0.0,0.0,0,1.0,1.0,0,0)
DispatchTrackball(-1,453733,2,-2.0,0.0,0.0,0.0,0,1.0,1.0,0,0)
DispatchTrackball(-1,453740,2,2.0,-2.0,0.0,0.0,0,1.0,1.0,0,0)
DispatchTrackball(-1,453754,2,3.0,3.0,0.0,0.0,0,1.0,1.0,0,0)
DispatchTrackball(-1,453777,2,-1.0,3.0,0.0,0.0,0,1.0,1.0,0,0)
DispatchTrackball(-1,453822,2,3.0,-3.0,0.0,0.0,0,1.0,1.0,0,0)
DispatchTrackball(-1,453843,2,-3.0,4.0,0.0,0.0,0,1.0,1.0,0,0)
DispatchKey(453884,453884,0,20,0,0,-1,0)
DispatchKey(453985,453985,1,20,0,0,-1,0)
DispatchKey(454025,454025,0,19,0,0,-1,0)
DispatchKey(454034,454034,1,19,0,0,-1,0)
DispatchKey(454049,454049,0,23,0,0,-1,0)
DispatchKey(454065,454065,1,23,0,0,-1,0)
DispatchPointer(454208,454209,0,290.0,468.0,0.0,0.0,0,1.0,1.0,0,0)
DispatchPointer(454208,454237,1,290.0667,468.90372,0.0,0.0,0,1.0,1.0,0,0)
DispatchTrackball(-1,454252,2,-2.0,-1.0,0.0,0.0,0,1.0,1.0,0,0)
DispatchTrackball(-1,454286,2,0.0,4.0,0.0,0.0,0,1.0,1.0,0,0)
DispatchTrackball(-1,454306,2,4.0,-2.0,0.0,0.0,0,1.0,1.0,0,0)
DispatchTrackball(-1,454312,2,4.0,-5.0,0.0,0.0,0,1.0,1.0,0,0)
DispatchTrackball(-1,454318,2,-2.0,4.0,0.0,0.0,0,1.0,1.0,0,0)
DispatchTrackball(-1,454325,2,2.0,3.0,0.0,0.0,0,1.0,1.0,0,0)
DispatchTrackball(-1,454342,2,-3.0,-4.0,0.0,0.0,0,1.0,1.0,0,0)
DispatchTrackball(-1,454349,2,-1.0,-3.0,0.0,0.0,0,1.0,1.0,0,0)
DispatchTrackball(-1,454356,2,1.0,-3.0,0.0,0.0,0,1.0,1.0,0,0)
DispatchTrackball(-1,454370,2,1.0,-3.0,0.0,0.0,0,1.0,1.0,0,0)
DispatchKey(454387,454387,0,23,0,0,-1,0)
DispatchKey(454451,454451,1,23,0,0,-1,0)
DispatchKey(454465,454465,0,19,0,0,-1,0)
DispatchKey(454478,454478,1,19,0,0,-1,0)
DispatchKey(454493,454493,0,19,0,0,-1,0)
DispatchKey(454507,454507,1,19,0,0,-1,0)
DispatchKey(454523,454523,0,20,0,0,-1,0)
DispatchKey(454536,454536,1,20,0,0,-1,0)
DispatchKey(454553,454553,0,21,0,0,-1,0)
DispatchKey(454565,454565,1,21,0,0,-1,0)
DispatchPointer(454588,454589,0,19.0,128.0,0.0,0.0,0,1.0,1.0,0,0)
DispatchPointer(454588,454597,1,18.93806,128.08542,0.0,0.0,0,1.0,1.0,0,0)
DispatchKey(454609,454609,0,19,0,0,-1,0)
DispatchKey(454663,454663,1,19,0,0,-1,0)
DispatchKey(454679,454679,0,19,0,0,-1,0)
DispatchKey(454692,454692,1,19,0,0,-1,0)
DispatchKey(454706,454706,0,3,0,0,-1,0)
DispatchKey(454730,454730,1,3,0,0,-1,0)
DispatchKey(454802,454802,0,22,0,0,-1,0)
DispatchKey(454905,454905,1,22,0,0,-1,0)
LaunchActivity(com.google.android.photostream,com.google.android.photostream.LoginActivity)
DispatchTrackball(-1,455091,2,-2.0,2.0,0.0,0.0,0,1.0,1.0,0,0)
DispatchTrackball(-1,455119,2,4.0,3.0,0.0,0.0,0,1.0,1.0,0,0)
DispatchTrackball(-1,455149,2,-3.0,-2.0,0.0,0.0,0,1.0,1.0,0,0)
DispatchTrackball(-1,455187,2,-5.0,-1.0,0.0,0.0,0,1.0,1.0,0,0)
DispatchTrackball(-1,455203,2,-2.0,-2.0,0.0,0.0,0,1.0,1.0,0,0)
DispatchTrackball(-1,455209,2,-3.0,0.0,0.0,0.0,0,1.0,1.0,0,0)
DispatchTrackball(-1,455261,2,-2.0,1.0,0.0,0.0,0,1.0,1.0,0,0)
DispatchTrackball(-1,455270,2,-5.0,4.0,0.0,0.0,0,1.0,1.0,0,0)
DispatchTrackball(-1,455278,2,-2.0,3.0,0.0,0.0,0,1.0,1.0,0,0)
DispatchTrackball(-1,455293,2,2.0,0.0,0.0,0.0,0,1.0,1.0,0,0)
DispatchKey(455299,455299,0,21,0,0,-1,0)
DispatchKey(455357,455357,1,21,0,0,-1,0)
DispatchKey(455380,455380,0,22,0,0,-1,0)
DispatchKey(455398,455398,1,22,0,0,-1,0)
DispatchTrackball(-1,455432,2,4.0,2.0,0.0,0.0,0,1.0,1.0,0,0)
DispatchTrackball(-1,455446,2,0.0,-5.0,0.0,0.0,0,1.0,1.0,0,0)
DispatchTrackball(-1,455454,2,4.0,-3.0,0.0,0.0,0,1.0,1.0,0,0)
DispatchTrackball(-1,455459,2,1.0,-3.0,0.0,0.0,0,1.0,1.0,0,0)
DispatchTrackball(-1,455506,2,-4.0,0.0,0.0,0.0,0,1.0,1.0,0,0)
DispatchTrackball(-1,455520,2,-2.0,-2.0,0.0,0.0,0,1.0,1.0,0,0)
DispatchTrackball(-1,455538,2,-1.0,2.0,0.0,0.0,0,1.0,1.0,0,0)
DispatchTrackball(-1,455555,2,-5.0,1.0,0.0,0.0,0,1.0,1.0,0,0)
DispatchTrackball(-1,455567,2,-5.0,0.0,0.0,0.0,0,1.0,1.0,0,0)
DispatchTrackball(-1,455577,2,-3.0,-1.0,0.0,0.0,0,1.0,1.0,0,0)
DispatchPointer(455602,455602,0,266.0,593.0,0.0,0.0,0,1.0,1.0,0,0)
DispatchPointer(455602,455651,2,280.4668,600.9529,0.0,0.0,0,1.0,1.0,0,0)
DispatchPointer(455602,455657,2,295.06232,602.58514,0.0,0.0,0,1.0,1.0,0,0)
DispatchPointer(455602,455665,2,295.13846,609.9473,0.0,0.0,0,1.0,1.0,0,0)
DispatchPointer(455602,455674,1,295.1548,610.60516,0.0,0.0,0,1.0,1.0,0,0)
DispatchKey(455720,455720,0,21,0,0,-1,0)
DispatchKey(455740,455740,1,21,0,0,-1,0)
DispatchPointer(455775,455775,0,18.0,549.0,0.0,0.0,0,1.0,1.0,0,0)
DispatchPointer(455775,455801,1,32.92046,549.2179,0.0,0.0,0,1.0,1.0,0,0)
DispatchTrackball(-1,455826,2,4.0,4.0,0.0,0.0,0,1.0,1.0,0,0)
DispatchTrackball(-1,455860,2,-2.0,3.0,0.0,0.0,0,1.0,1.0,0,0)
DispatchTrackball(-1,455870,2,-5.0,-3.0,0.0,0.0,0,1.0,1.0,0,0)
DispatchTrackball(-1,455914,2,0.0,-2.0,0.0,0.0,0,1.0,1.0,0,0)
DispatchTrackball(-1,455933,2,0.0,0.0,0.0,0.0,0,1.0,1.0,0,0)
DispatchTrackball(-1,455945,2,3.0,0.0,0.0,0.0,0,1.0,1.0,0,0)
DispatchTrackball(-1,455953,2,-4.0,0.0,0.0,0.0,0,1.0,1.0,0,0)
DispatchTrackball(-1,455959,2,4.0,-4.0,0.0,0.0,0,1.0,1.0,0,0)
DispatchTrackball(-1,455974,2,-3.0,3.0,0.0,0.0,0,1.0,1.0,0,0)
DispatchTrackball(-1,455995,2,-5.0,0.0,0.0,0.0,0,1.0,1.0,0,0)
DispatchPointer(456006,456006,0,287.0,321.0,0.0,0.0,0,1.0,1.0,0,0)
DispatchPointer(456006,456019,1,283.38217,338.7971,0.0,0.0,0,1.0,1.0,0,0)
DispatchPointer(456063,456064,0,26.0,263.0,0.0,0.0,0,1.0,1.0,0,0)
DispatchPointer(456063,456094,2,34.915962,264.39902,0.0,0.0,0,1.0,1.0,0,0)
DispatchPointer(456063,456110,2,45.206474,264.889,0.0,0.0,0,1.0,1.0,0,0)
DispatchPointer(456063,456119,2,51.033672,265.45554,0.0,0.0,0,1.0,1.0,0,0)
DispatchPointer(456063,456138,2,51.838154,272.07547,0.0,0.0,0,1.0,1.0,0,0)
DispatchPointer(456063,456146,2,63.802464,274.04147,0.0,0.0,0,1.0,1.0,0,0)
DispatchPointer(456063,456166,2,75.019844,279.83798,0.0,0.0,0,1.0,1.0,0,0)
DispatchPointer(456063,456182,1,85.94328,280.5473,0.0,0.0,0,1.0,1.0,0,0)
DispatchPointer(456207,456207,0,417.0,32.0,0.0,0.0,0,1.0,1.0,0,0)
DispatchPointer(456207,456239,1,405.8887,27.658287,0.0,0.0,0,1.0,1.0,0,0)
DispatchPointer(456289,456290,0,469.0,718.0,0.0,0.0,0,1.0,1.0,0,0)
DispatchPointer(456289,456310,2,471.4166,720.83093,0.0,0.0,0,1.0,1.0,0,0)
DispatchPointer(456289,456326,2,472.10358,721.2876,0.0,0.0,0,1.0,1.0,0,0)
DispatchPointer(456289,456343,2,474.18973,733.86224,0.0,0.0,0,1.0,1.0,0,0)
DispatchPointer(456289,456349,2,476.60803,734.3359,0.0,0.0,0,1.0,1.0,0,0)
DispatchPointer(456289,456367,2,478.89618,739.4721,0.0,0.0,0,1.0,1.0,0,0)
DispatchPointer(456289,456384,2,479.16385,750.5995,0.0,0.0,0,1.0,1.0,0,0)
DispatchPointer(456289,456398,2,480.0,760.214,0.0,0.0,0,1.0,1.0,0,0)
DispatchPointer(456289,456416,1,480.0,767.3432,0.0,0.0,0,1.0,1.0,0,0)
DispatchKey(456439,456439,0,82,0,0,-1,0)
DispatchKey(456558,456558,1,82,0,0,-1,0)
DispatchTrackball(-1,456613,2,4.0,0.0,0.0,0.0,0,1.0,1.0,0,0)
DispatchTrackball(-1,456675,2,-5.0,0.0,0.0,0.0,0,1.0,1.0,0,0)
DispatchTrackball(-1,456696,2,-4.0,-5.0,0.0,0.0,0,1.0,1.0,0,0)
DispatchTrackball(-1,456704,2,0.0,-2.0,0.0,0.0,0,1.0,1.0,0,0)
DispatchTrackball(-1,456722,2,-4.0,2.0,0.0,0.0,0,1.0,1.0,0,0)
DispatchTrackball(-1,456730,2,3.0,1.0,0.0,0.0,0,1.0,1.0,0,0)
DispatchTrackball(-1,456761,2,0.0,-5.0,0.0,0.0,0,1.0,1.0,0,0)
DispatchTrackball(-1,456768,2,-1.0,0.0,0.0,0.0,0,1.0,1.0,0,0)
DispatchTrackball(-1,456777,2,3.0,-4.0,0.0,0.0,0,1.0,1.0,0,0)
DispatchTrackball(-1,456793,2,4.0,-4.0,0.0,0.0,0,1.0,1.0,0,0)
DispatchKey(456799,456799,0,82,0,0,-1,0)
DispatchKey(456952,456952,1,82,0,0,-1,0)
DispatchKey(457021,457021,0,51,0,0,-1,0)
DispatchKey(457034,457034,1,51,0,0,-1,0)
DispatchTrackball(-1,457104,2,4.0,2.0,0.0,0.0,0,1.0,1.0,0,0)
DispatchTrackball(-1,457114,2,0.0,3.0,0.0,0.0,0,1.0,1.0,0,0)
DispatchTrackball(-1,457170,2,-2.0,-1.0,0.0,0.0,0,1.0,1.0,0,0)
DispatchTrackball(-1,457202,2,3.0,-1.0,0.0,0.0,0,1.0,1.0,0,0)
DispatchTrackball(-1,457220,2,1.0,-2.0,0.0,0.0,0,1.0,1.0,0,0)
DispatchTrackball(-1,457235,2,2.0,4.0,0.0,0.0,0,1.0,1.0,0,0)
DispatchTrackball(-1,457263,2,-5.0,-5.0,0.0,0.0,0,1.0,1.0,0,0)
DispatchTrackball(-1,457281,2,-1.0,4.0,0.0,0.0,0,1.0,1.0,0,0)
DispatchTrackball(-1,457332,2,-1.0,3.0,0.0,0.0,0,1.0,1.0,0,0)
DispatchTrackball(-1,457354,2,1.0,0.0,0.0,0.0,0,1.0,1.0,0,0)
DispatchKey(457375,457375,0,21,0,0,-1,0)
DispatchKey(457613,457613,1,21,0,0,-1,0)
DispatchPointer(457648,457649,0,181.0,488.0,0.0,0.0,0,1.0,1.0,0,0)
DispatchPointer(457648,457691,261,175.20557,499.45212,0.0,0.0,0,1.0,1.0,0,0)
DispatchPointer(457648,457714,262,170.1204,503.15082,0.0,0.0,0,1.0,1.0,0,0)
DispatchPointer(457648,457743,1,165.38766,517.89606,0.0,0.0,0,1.0,1.0,0,0)
DispatchTrackball(-1,457866,2,-3.0,4.0,0.0,0.0,0,1.0,1.0,0,0)
DispatchTrackball(-1,457888,2,3.0,4.0,0.0,0.0,0,1.0,1.0,0,0)
DispatchTrackball(-1,457924,2,-5.0,-3.0,0.0,0.0,0,1.0,1.0,0,0)
DispatchTrackball(-1,457933,2,2.0,3.0,0.0,0.0,0,1.0,1.0,0,0)
DispatchTrackball(-1,457942,2,4.0,-5.0,0.0,0.0,0,1.0,1.0,0,0)
DispatchTrackball(-1,457960,2,-4.0,4.0,0.0,0.0,0,1.0,1.0,0,0)
DispatchTrackball(-1,457968,2,-3.0,4.0,0.0,0.0,0,1.0,1.0,0,0)
DispatchTrackball(-1,457976,2,-3.0,-1.0,0.0,0.0,0,1.0,1.0,0,0)
DispatchTrackball(-1,457993,2,0.0,3.0,0.0,0.0,0,1.0,1.0,0,0)
DispatchTrackball(-1,458005,2,-2.0,2.0,0.0,0.0,0,1.0,1.0,0,0)
DispatchPointer(458027,458027,0,76.0,762.0,0.0,0.0,0,1.0,1.0,0,0)
DispatchPointer(458027,458041,1,73.19289,761.91956,0.0,0.0,0,1.0,1.0,0,0)
DispatchPointer(458059,458059,0,321.0,698.0,0.0,0.0,0,1.0,1.0,0,0)
DispatchPointer(458059,458075,1,324.16574,718.31494,0.0,0.0,0,1.0,1.0,0,0)
DispatchPointer(458102,458103,0,222.0,620.0,0.0,0.0,0,1.0,1.0,0,0)
DispatchPointer(458102,458119,2,216.70958,621.64465,0.0,0.0,0,1.0,1.0,0,0)
DispatchPointer(458102,458151,2,215.80768,624.1931,0.0,0.0,0,1.0,1.0,0,0)
DispatchPointer(458102,458163,2,211.92989,632.4683,0.0,0.0,0,1.0,1.0,0,0)
DispatchPointer(458102,458172,2,206.89125,639.0098,0.0,0.0,0,1.0,1.0,0,0)
DispatchPointer(458102,458195,2,204.65826,640.03894,0.0,0.0,0,1.0,1.0,0,0)
DispatchPointer(458102,458205,2,204.54375,648.4526,0.0,0.0,0,1.0,1.0,0,0)
DispatchPointer(458102,458223,2,198.64488,657.6391,0.0,0.0,0,1.0,1.0,0,0)
DispatchPointer(458102,458245,2,194.63647,663.606,0.0,0.0,0,1.0,1.0,0,0)
DispatchPointer(458102,458262,1,189.51817,672.5468,0.0,0.0,0,1.0,1.0,0,0)
DispatchPointer(458286,458286,0,379.0,611.0,0.0,0.0,0,1.0,1.0,0,0)
DispatchPointer(458286,458298,1,390.81705,622.6546,0.0,0.0,0,1.0,1.0,0,0)
DispatchKey(458379,458379,0,23,0,0,-1,0)
DispatchKey(458553,458553,1,23,0,0,-1,0)
DispatchKey(458588,458588,0,81,0,0,-1,0)
DispatchKey(458681,458681,1,81,0,0,-1,0)
LaunchActivity(com.google.android.photostream,com.google.android.photostream.LoginActivity)
DispatchKey(458814,458814,0,19,0,0,-1,0)
DispatchKey(458833,458833,1,19,0,0,-1,0)
DispatchKey(458915,458915,0,21,0,0,-1,0)
DispatchKey(458936,458936,1,21,0,0,-1,0)
DispatchKey(458978,458978,0,153,0,0,-1,0)
DispatchKey(459037,459037,1,153,0,0,-1,0)
DispatchKey(459057,459057,0,113,0,0,-1,0)
DispatchKey(459071,459071,1,113,0,0,-1,0)
DispatchPointer(459128,459128,0,148.0,634.0,0.0,0.0,0,1.0,1.0,0,0)
DispatchPointer(459128,459151,1,162.68275,635.5719,0.0,0.0,0,1.0,1.0,0,0)
DispatchTrackball(-1,459208,2,-4.0,4.0,0.0,0.0,0,1.0,1.0,0,0)
DispatchTrackball(-1,459222,2,-3.0,-5.0,0.0,0.0,0,1.0,1.0,0,0)
DispatchTrackball(-1,459247,2,-3.0,-3.0,0.0,0.0,0,1.0,1.0,0,0)
DispatchTrackball(-1,459264,2,-1.0,2.0,0.0,0.0,0,1.0,1.0,0,0)
DispatchTrackball(-1,459283,2,0.0,4.0,0.0,0.0,0,1.0,1.0,0,0)
DispatchTrackball(-1,459302,2,-3.0,2.0,0.0,0.0,0,1.0,1.0,0,0)
DispatchTrackball(-1,459310,2,-5.0,1.0,0.0,0.0,0,1.0,1.0,0,0)
DispatchTrackball(-1,459318,2,-1.0,3.0,0.0,0.0,0,1.0,1.0,0,0)
DispatchTrackball(-1,459326,2,4.0,-1.0,0.0,0.0,0,1.0,1.0,0,0)
DispatchTrackball(-1,459333,2,-5.0,4.0,0.0,0.0,0,1.0,1.0,0,0)
DispatchKey(459443,459443,0,82,0,0,-1,0)
DispatchKey(459558,459558,1,82,0,0,-1,0)
DispatchKey(459611,459611,0,23,0,0,-1,0)
DispatchKey(459646,459646,1,23,0,0,-1,0)
DispatchKey(459665,459665,0,97,0,0,-1,0)
DispatchKey(459678,459678,1,97,0,0,-1,0)
DispatchTrackball(-1,459698,2,-5.0,2.0,0.0,0.0,0,1.0,1.0,0,0)
DispatchTrackball(-1,459718,2,2.0,3.0,0.0,0.0,0,1.0,1.0,0,0)
DispatchTrackball(-1,459750,2,0.0,-1.0,0.0,0.0,0,1.0,1.0,0,0)
DispatchTrackball(-1,459767,2,0.0,4.0,0.0,0.0,0,1.0,1.0,0,0)
DispatchTrackball(-1,459778,2,-4.0,4.0,0.0,0.0,0,1.0,1.0,0,0)
DispatchTrackball(-1,459783,2,1.0,4.0,0.0,0.0,0,1.0,1.0,0,0)
DispatchTrackball(-1,459787,2,-2.0,-5.0,0.0,0.0,0,1.0,1.0,0,0)
DispatchTrackball(-1,459793,2,-3.0,4.0,0.0,0.0,0,1.0,1.0,0,0)
DispatchTrackball(-1,459798,2,-2.0,-4.0,0.0,0.0,0,1.0,1.0,0,0)
DispatchTrackball(-1,459834,2,-2.0,-1.0,0.0,0.0,0,1.0,1.0,0,0)
DispatchKey(459839,459839,0,19,0,0,-1,0)
DispatchKey(459892,459892,1,19,0,0,-1,0)
DispatchKey(459946,459946,0,19,0,0,-1,0)
DispatchKey(460041,460041,1,19,0,0,-1,0)
DispatchPointer(460061,460062,0,157.0,397.0,0.0,0.0,0,1.0,1.0,0,0)
DispatchPointer(460061,460076,2,138.48686,392.64688,0.0,0.0,0,1.0,1.0,0,0)
DispatchPointer(460061,460118,2,132.98816,391.2457,0.0,0.0,0,1.0,1.0,0,0)
DispatchPointer(460061,460128,2,131.14622,388.9721,0.0,0.0,0,1.0,1.0,0,0)
DispatchPointer(460061,460137,2,115.11395,383.34225,0.0,0.0,0,1.0,1.0,0,0)
DispatchPointer(460061,460155,1,100.424995,380.80792,0.0,0.0,0,1.0,1.0,0,0)
DispatchKey(460187,460187,0,21,0,0,-1,0)
DispatchKey(460224,460224,1,21,0,0,-1,0)
DispatchPointer(460313,460313,0,83.0,764.0,0.0,0.0,0,1.0,1.0,0,0)
DispatchPointer(460313,460352,1,83.54533,763.9703,0.0,0.0,0,1.0,1.0,0,0)
DispatchKey(460370,460370,0,19,0,0,-1,0)
DispatchKey(460424,460424,1,19,0,0,-1,0)
DispatchKey(460477,460477,0,21,0,0,-1,0)
DispatchKey(460490,460490,1,21,0,0,-1,0)
DispatchPointer(460538,460538,0,432.0,164.0,0.0,0.0,0,1.0,1.0,0,0)
DispatchPointer(460538,460617,1,426.1142,170.65723,0.0,0.0,0,1.0,1.0,0,0)
DispatchPointer(460645,460646,0,217.0,398.0,0.0,0.0,0,1.0,1.0,0,0)
DispatchPointer(460645,460681,2,217.55518,410.09076,0.0,0.0,0,1.0,1.0,0,0)
DispatchPointer(460645,460707,2,219.05737,419.3782,0.0,0.0,0,1.0,1.0,0,0)
DispatchPointer(460645,460728,2,220.72716,423.16757,0.0,0.0,0,1.0,1.0,0,0)
DispatchPointer(460645,460742,2,222.63902,429.89938,0.0,0.0,0,1.0,1.0,0,0)
DispatchPointer(460645,460748,1,223.33049,432.3002,0.0,0.0,0,1.0,1.0,0,0)
DispatchPointer(460764,460768,0,406.0,430.0,0.0,0.0,0,1.0,1.0,0,0)
DispatchPointer(460764,460780,2,404.6531,428.17273,0.0,0.0,0,1.0,1.0,0,0)
DispatchPointer(460764,460804,2,404.1421,427.63608,0.0,0.0,0,1.0,1.0,0,0)
DispatchPointer(460764,460812,2,397.90063,424.95618,0.0,0.0,0,1.0,1.0,0,0)
DispatchPointer(460764,460819,2,397.8541,424.48853,0.0,0.0,0,1.0,1.0,0,0)
DispatchPointer(460764,460831,2,392.75995,423.49118,0.0,0.0,0,1.0,1.0,0,0)
DispatchPointer(460764,460843,2,387.55182,423.4382,0.0,0.0,0,1.0,1.0,0,0)
DispatchPointer(460764,460861,2,386.41086,423.23206,0.0,0.0,0,1.0,1.0,0,0)
DispatchPointer(460764,460881,2,378.4221,423.1386,0.0,0.0,0,1.0,1.0,0,0)
DispatchPointer(460764,460889,1,372.1726,421.77832,0.0,0.0,0,1.0,1.0,0,0)
DispatchKey(460904,460904,0,23,0,0,-1,0)
DispatchKey(460959,460959,1,23,0,0,-1,0)
DispatchKey(460986,460986,0,23,0,0,-1,0)
DispatchKey(460999,460999,1,23,0,0,-1,0)
DispatchKey(461020,461020,0,180,0,0,-1,0)
DispatchKey(461032,461032,1,180,0,0,-1,0)
DispatchPointer(461046,461047,0,414.0,634.0,0.0,0.0,0,1.0,1.0,0,0)
DispatchPointer(461046,461056,1,414.4693,634.2366,0.0,0.0,0,1.0,1.0,0,0)
DispatchKey(461076,461076,0,22,0,0,-1,0)
DispatchKey(461103,461103,1,22,0,0,-1,0)
DispatchKey(461148,461148,0,23,0,0,-1,0)
DispatchKey(461173,461173,1,23,0,0,-1,0)
DispatchKey(461188,461188,0,22,0,0,-1,0)
DispatchKey(461203,461203,1,22,0,0,-1,0)
DispatchKey(461214,461214,0,21,0,0,-1,0)
DispatchKey(461230,461230,1,21,0,0,-1,0)
DispatchKey(461247,461247,0,20,0,0,-1,0)
DispatchKey(461264,461264,1,20,0,0,-1,0)
DispatchKey(461284,461284,0,23,0,0,-1,0)
DispatchKey(461295,461295,1,23,0,0,-1,0)
DispatchKey(461330,461330,0,20,0,0,-1,0)
DispatchKey(461358,461358,1,20,0,0,-1,0)
DispatchPointer(461383,461383,0,330.0,403.0,0.0,0.0,0,1.0,1.0,0,0)
DispatchPointer(461383,461396,1,328.49118,404.82532,0.0,0.0,0,1.0,1.0,0,0)
DispatchKey(461428,461428,0,109,0,0,-1,0)
DispatchKey(461439,461439,1,109,0,0,-1,0)
DispatchKey(461475,461475,0,23,0,0,-1,0)
DispatchKey(461488,461488,1,23,0,0,-1,0)
DispatchKey(461520,461520,0,28,0,0,-1,0)
DispatchKey(461552,461552,1,28,0,0,-1,0)
DispatchPointer(461568,461569,0,267.0,599.0,0.0,0.0,0,1.0,1.0,0,0)
DispatchPointer(461568,461603,2,266.83798,604.8721,0.0,0.0,0,1.0,1.0,0,0)
DispatchPointer(461568,461626,2,265.94965,608.63873,0.0,0.0,0,1.0,1.0,0,0)
DispatchPointer(461568,461644,2,263.18567,621.20026,0.0,0.0,0,1.0,1.0,0,0)
