type= raw events
count= -1
speed= 1.0
start data >>
DispatchKey(388107,388107,0,23,0,0,-1,0)
DispatchKey(388232,388232,1,23,0,0,-1,0)
DispatchKey(388248,388248,0,23,0,0,-1,0)
DispatchKey(388270,388270,1,23,0,0,-1,0)
DispatchTrackball(-1,388300,2,2.0,4.0,0.0,0.0,0,1.0,1.0,0,0)
DispatchTrackball(-1,388335,2,1.0,-1.0,0.0,0.0,0,1.0,1.0,0,0)
DispatchTrackball(-1,388354,2,4.0,-4.0,0.0,0.0,0,1.0,1.0,0,0)
DispatchTrackball(-1,388385,2,-2.0,3.0,0.0,0.0,0,1.0,1.0,0,0)
DispatchTrackball(-1,388485,2,4.0,0.0,0.0,0.0,0,1.0,1.0,0,0)
DispatchTrackball(-1,388493,2,0.0,4.0,0.0,0.0,0,1.0,1.0,0,0)
DispatchTrackball(-1,388498,2,1.0,-3.0,0.0,0.0,0,1.0,1.0,0,0)
DispatchTrackball(-1,388513,2,-4.0,-2.0,0.0,0.0,0,1.0,1.0,0,0)
DispatchTrackball(-1,388519,2,2.0,-5.0,0.0,0.0,0,1.0,1.0,0,0)
DispatchTrackball(-1,388534,2,3.0,4.0,0.0,0.0,0,1.0,1.0,0,0)
DispatchKey(388546,388546,0,23,0,0,-1,0)
DispatchKey(388627,388627,1,23,0,0,-1,0)
DispatchTrackball(-1,388648,2,2.0,-5.0,0.0,0.0,0,1.0,1.0,0,0)
DispatchTrackball(-1,388671,2,-2.0,-3.0,0.0,0.0,0,1.0,1.0,0,0)
DispatchTrackball(-1,388717,2,-1.0,2.0,0.0,0.0,0,1.0,1.0,0,0)
DispatchTrackball(-1,388725,2,-4.0,1.0,0.0,0.0,0,1.0,1.0,0,0)
DispatchTrackball(-1,388735,2,4.0,2.0,0.0,0.0,0,1.0,1.0,0,0)
DispatchTrackball(-1,388742,2,-2.0,-1.0,0.0,0.0,0,1.0,1.0,0,0)
DispatchTrackball(-1,388793,2,-3.0,0.0,0.0,0.0,0,1.0,1.0,0,0)
DispatchTrackball(-1,388829,2,-2.0,-2.0,0.0,0.0,0,1.0,1.0,0,0)
DispatchTrackball(-1,388848,2,-3.0,0.0,0.0,0.0,0,1.0,1.0,0,0)
DispatchTrackball(-1,388870,2,-4.0,4.0,0.0,0.0,0,1.0,1.0,0,0)
DispatchTrackball(388647,388883,0,0.0,0.0,0.0,0.0,0,1.0,1.0,0,0)
DispatchTrackball(388647,388889,1,0.0,0.0,0.0,0.0,0,1.0,1.0,0,0)
DispatchKey(388923,388923,0,82,0,0,-1,0)
DispatchKey(388942,388942,1,82,0,0,-1,0)
DispatchKey(388999,388999,0,82,0,0,-1,0)
DispatchKey(389030,389030,1,82,0,0,-1,0)
DispatchPointer(389157,389158,0,302.0,123.0,0.0,0.0,0,1.0,1.0,0,0)
DispatchPointer(389157,389195,1,297.76645,121.22276,0.0,0.0,0,1.0,1.0,0,0)
DispatchTrackball(-1,389253,2,-4.0,1.0,0.0,0.0,0,1.0,1.0,0,0)
DispatchTrackball(-1,389285,2,4.0,0.0,0.0,0.0,0,1.0,1.0,0,0)
DispatchTrackball(-1,389352,2,2.0,-2.0,0.0,0.0,0,1.0,1.0,0,0)
DispatchTrackball(-1,389360,2,3.0,-1.0,0.0,0.0,0,1.0,1.0,0,0)
DispatchTrackball(-1,389376,2,4.0,-5.0,0.0,0.0,0,1.0,1.0,0,0)
DispatchTrackball(-1,389401,2,1.0,4.0,0.0,0.0,0,1.0,1.0,0,0)
DispatchTrackball(-1,389421,2,1.0,-3.0,0.0,0.0,0,1.0,1.0,0,0)
DispatchTrackball(-1,389430,2,-3.0,0.0,0.0,0.0,0,1.0,1.0,0,0)
