type= raw events
count= -1
speed= 2.0
start data >>
DispatchKey(450614,450614,0,21,0,0,-1,0)
DispatchKey(452967,452967,1,21,0,0,-1,0)
DispatchKey(453233,453233,0,23,0,0,-1,0)
DispatchKey(453246,453246,1,23,0,0,-1,0)
DispatchKey(454050,454050,0,19,0,0,-1,0)
DispatchKey(454073,454073,1,19,0,0,-1,0)
DispatchPointer(454194,454196,0,464.0,161.0,0.0,0.0,0,1.0,1.0,0,0)
DispatchPointer(454194,454220,1,473.6215,167.43123,0.0,0.0,0,1.0,1.0,0,0)
DispatchKey(454245,454245,0,23,0,0,-1,0)
DispatchKey(454593,454593,1,23,0,0,-1,0)
DispatchKey(454660,454660,0,194,0,0,-1,0)
DispatchKey(454793,454793,1,194,0,0,-1,0)
DispatchPointer(454808,454809,0,321.0,466.0,0.0,0.0,0,1.0,1.0,0,0)
DispatchPointer(454808,454872,261,318.0406,468.18634,0.0,0.0,0,1.0,1.0,0,0)
DispatchPointer(454808,454895,2,307.8908,471.6481,0.0,0.0,0,1.0,1.0,0,0)
DispatchPointer(454808,454906,2,307.5501,474.356,0.0,0.0,0,1.0,1.0,0,0)
DispatchPointer(454808,455028,2,297.58295,475.68066,0.0,0.0,0,1.0,1.0,0,0)
DispatchPointer(454808,455044,2,288.76813,476.4149,0.0,0.0,0,1.0,1.0,0,0)
DispatchPointer(454808,455052,2,285.05286,478.97055,0.0,0.0,0,1.0,1.0,0,0)
DispatchPointer(454808,455064,262,277.80325,482.5367,0.0,0.0,0,1.0,1.0,0,0)
DispatchPointer(454808,455081,1,271.4586,483.13535,0.0,0.0,0,1.0,1.0,0,0)
DispatchKey(455097,455097,0,20,0,0,-1,0)
DispatchKey(455250,455250,1,20,0,0,-1,0)
DispatchKey(455300,455300,0,22,0,0,-1,0)
DispatchKey(455320,455320,1,22,0,0,-1,0)
DispatchTrackball(-1,455344,2,2.0,-1.0,0.0,0.0,0,1.0,1.0,0,0)
DispatchTrackball(-1,455354,2,0.0,-3.0,0.0,0.0,0,1.0,1.0,0,0)
DispatchTrackball(-1,455373,2,-4.0,3.0,0.0,0.0,0,1.0,1.0,0,0)
DispatchTrackball(-1,455410,2,0.0,-1.0,0.0,0.0,0,1.0,1.0,0,0)
DispatchTrackball(-1,455423,2,4.0,-2.0,0.0,0.0,0,1.0,1.0,0,0)
DispatchTrackball(-1,455439,2,0.0,-2.0,0.0,0.0,0,1.0,1.0,0,0)
DispatchTrackball(-1,455447,2,-3.0,-4.0,0.0,0.0,0,1.0,1.0,0,0)
DispatchTrackball(-1,455465,2,-1.0,3.0,0.0,0.0,0,1.0,1.0,0,0)
DispatchTrackball(-1,455482,2,4.0,-5.0,0.0,0.0,0,1.0,1.0,0,0)
DispatchTrackball(-1,455488,2,-4.0,0.0,0.0,0.0,0,1.0,1.0,0,0)
DispatchKey(455516,455516,0,82,0,0,-1,0)
DispatchKey(455664,455664,1,82,0,0,-1,0)
DispatchKey(455755,455755,0,79,0,0,-1,0)
DispatchKey(455890,455890,1,79,0,0,-1,0)
DispatchKey(456194,456194,0,20,0,0,-1,0)
DispatchKey(456261,456261,1,20,0,0,-1,0)
DispatchPointer(456350,456352,0,343.0,295.0,0.0,0.0,0,1.0,1.0,0,0)
DispatchPointer(456350,456371,2,346.5562,288.24765,0.0,0.0,0,1.0,1.0,0,0)
DispatchPointer(456350,456383,2,349.8482,281.9253,0.0,0.0,0,1.0,1.0,0,0)
DispatchPointer(456350,456401,2,351.24652,275.73367,0.0,0.0,0,1.0,1.0,0,0)
DispatchPointer(456350,456408,2,351.7163,270.61633,0.0,0.0,0,1.0,1.0,0,0)
DispatchPointer(456350,456413,2,355.1932,269.1618,0.0,0.0,0,1.0,1.0,0,0)
DispatchPointer(456350,456420,1,355.7325,266.98547,0.0,0.0,0,1.0,1.0,0,0)
DispatchTrackball(-1,456447,2,2.0,4.0,0.0,0.0,0,1.0,1.0,0,0)
DispatchTrackball(-1,456476,2,-1.0,2.0,0.0,0.0,0,1.0,1.0,0,0)
DispatchTrackball(-1,456487,2,3.0,-5.0,0.0,0.0,0,1.0,1.0,0,0)
DispatchTrackball(-1,456496,2,-2.0,-2.0,0.0,0.0,0,1.0,1.0,0,0)
DispatchTrackball(-1,456512,2,-3.0,2.0,0.0,0.0,0,1.0,1.0,0,0)
DispatchTrackball(-1,456531,2,0.0,2.0,0.0,0.0,0,1.0,1.0,0,0)
DispatchTrackball(-1,456539,2,-3.0,-4.0,0.0,0.0,0,1.0,1.0,0,0)
DispatchTrackball(-1,456546,2,2.0,1.0,0.0,0.0,0,1.0,1.0,0,0)
DispatchTrackball(-1,456553,2,-3.0,-4.0,0.0,0.0,0,1.0,1.0,0,0)
DispatchTrackball(-1,456571,2,-4.0,-4.0,0.0,0.0,0,1.0,1.0,0,0)
DispatchKey(456579,456579,0,21,0,0,-1,0)
DispatchKey(456718,456718,1,21,0,0,-1,0)
DispatchTrackball(-1,456822,2,2.0,-5.0,0.0,0.0,0,1.0,1.0,0,0)
DispatchTrackball(-1,456835,2,0.0,-3.0,0.0,0.0,0,1.0,1.0,0,0)
DispatchTrackball(-1,456853,2,3.0,0.0,0.0,0.0,0,1.0,1.0,0,0)
DispatchTrackball(-1,456874,2,3.0,0.0,0.0,0.0,0,1.0,1.0,0,0)
DispatchTrackball(-1,456890,2,-1.0,-1.0,0.0,0.0,0,1.0,1.0,0,0)
DispatchTrackball(-1,456896,2,4.0,-2.0,0.0,0.0,0,1.0,1.0,0,0)
DispatchTrackball(-1,456923,2,4.0,-1.0,0.0,0.0,0,1.0,1.0,0,0)
DispatchTrackball(-1,456943,2,2.0,0.0,0.0,0.0,0,1.0,1.0,0,0)
DispatchTrackball(-1,456948,2,3.0,3.0,0.0,0.0,0,1.0,1.0,0,0)
DispatchTrackball(-1,456955,2,3.0,-2.0,0.0,0.0,0,1.0,1.0,0,0)
DispatchTrackball(-1,456965,2,-1.0,-5.0,0.0,0.0,0,1.0,1.0,0,0)
DispatchTrackball(-1,456976,2,-3.0,-2.0,0.0,0.0,0,1.0,1.0,0,0)
DispatchTrackball(-1,456995,2,3.0,-2.0,0.0,0.0,0,1.0,1.0,0,0)
DispatchTrackball(-1,457013,2,3.0,-5.0,0.0,0.0,0,1.0,1.0,0,0)
DispatchTrackball(-1,457041,2,-4.0,1.0,0.0,0.0,0,1.0,1.0,0,0)
DispatchTrackball(-1,457048,2,-1.0,2.0,0.0,0.0,0,1.0,1.0,0,0)
DispatchTrackball(-1,457059,2,-1.0,4.0,0.0,0.0,0,1.0,1.0,0,0)
DispatchTrackball(-1,457132,2,-1.0,2.0,0.0,0.0,0,1.0,1.0,0,0)
DispatchTrackball(-1,457139,2,-2.0,1.0,0.0,0.0,0,1.0,1.0,0,0)
DispatchTrackball(-1,457147,2,-1.0,2.0,0.0,0.0,0,1.0,1.0,0,0)
DispatchKey(457153,457153,0,21,0,0,-1,0)
DispatchKey(457351,457351,1,21,0,0,-1,0)
LaunchActivity(org.totschnig.myexpenses,org.totschnig.myexpenses.MyExpenses)
LaunchActivity(org.totschnig.myexpenses,org.totschnig.myexpenses.MyExpenses)
GUIGen(4)













































DispatchPointer(471830,471840,0,391.0,32.0,0.0,0.0,0,1.0,1.0,0,0)
DispatchPointer(471830,471900,1,386.84537,26.82568,0.0,0.0,0,1.0,1.0,0,0)
DispatchKey(471937,471937,0,19,0,0,-1,0)
DispatchKey(472045,472045,1,19,0,0,-1,0)
DispatchKey(472137,472137,0,20,0,0,-1,0)
DispatchKey(472207,472207,1,20,0,0,-1,0)
DispatchKey(472419,472419,0,19,0,0,-1,0)
DispatchKey(472795,472795,1,19,0,0,-1,0)
DispatchKey(472921,472921,0,96,0,0,-1,0)
DispatchKey(472990,472990,1,96,0,0,-1,0)
DispatchKey(473052,473052,0,38,0,0,-1,0)
DispatchKey(473206,473206,1,38,0,0,-1,0)
DispatchTrackball(-1,473249,2,-3.0,-4.0,0.0,0.0,0,1.0,1.0,0,0)
DispatchTrackball(-1,473287,2,-1.0,-2.0,0.0,0.0,0,1.0,1.0,0,0)
DispatchTrackball(-1,473310,2,-2.0,-4.0,0.0,0.0,0,1.0,1.0,0,0)
DispatchTrackball(-1,473318,2,0.0,4.0,0.0,0.0,0,1.0,1.0,0,0)
DispatchTrackball(-1,473334,2,-1.0,4.0,0.0,0.0,0,1.0,1.0,0,0)
DispatchTrackball(-1,473340,2,2.0,-4.0,0.0,0.0,0,1.0,1.0,0,0)
DispatchTrackball(-1,473381,2,4.0,-3.0,0.0,0.0,0,1.0,1.0,0,0)
DispatchTrackball(-1,473389,2,-3.0,-2.0,0.0,0.0,0,1.0,1.0,0,0)
DispatchTrackball(-1,473408,2,1.0,-5.0,0.0,0.0,0,1.0,1.0,0,0)
DispatchTrackball(-1,473420,2,-3.0,-5.0,0.0,0.0,0,1.0,1.0,0,0)
DispatchPointer(473446,473446,0,343.0,634.0,0.0,0.0,0,1.0,1.0,0,0)
DispatchPointer(473446,473457,1,342.45566,628.5103,0.0,0.0,0,1.0,1.0,0,0)
DispatchTrackball(-1,473497,2,2.0,-1.0,0.0,0.0,0,1.0,1.0,0,0)
DispatchTrackball(-1,473519,2,4.0,4.0,0.0,0.0,0,1.0,1.0,0,0)
DispatchTrackball(-1,473557,2,2.0,4.0,0.0,0.0,0,1.0,1.0,0,0)
DispatchTrackball(-1,473583,2,-4.0,-1.0,0.0,0.0,0,1.0,1.0,0,0)
DispatchTrackball(-1,473594,2,0.0,1.0,0.0,0.0,0,1.0,1.0,0,0)
DispatchTrackball(-1,473612,2,3.0,-2.0,0.0,0.0,0,1.0,1.0,0,0)
DispatchTrackball(-1,473641,2,-4.0,3.0,0.0,0.0,0,1.0,1.0,0,0)
DispatchTrackball(-1,473651,2,3.0,4.0,0.0,0.0,0,1.0,1.0,0,0)
DispatchTrackball(-1,473668,2,0.0,-2.0,0.0,0.0,0,1.0,1.0,0,0)
DispatchTrackball(-1,473678,2,4.0,1.0,0.0,0.0,0,1.0,1.0,0,0)
DispatchKey(473689,473689,0,22,0,0,-1,0)
DispatchKey(473952,473952,1,22,0,0,-1,0)
DispatchPointer(474360,474371,0,90.0,535.0,0.0,0.0,0,1.0,1.0,0,0)
DispatchPointer(474360,474451,1,93.19903,520.6068,0.0,0.0,0,1.0,1.0,0,0)
DispatchKey(474482,474482,0,19,0,0,-1,0)
DispatchKey(474536,474536,1,19,0,0,-1,0)
DispatchPointer(474636,474637,0,446.0,416.0,0.0,0.0,0,1.0,1.0,0,0)
DispatchPointer(474636,474659,261,453.56793,419.43768,0.0,0.0,0,1.0,1.0,0,0)
DispatchPointer(474636,474686,2,462.19702,436.1672,0.0,0.0,0,1.0,1.0,0,0)
DispatchPointer(474636,474703,2,471.02225,454.4712,0.0,0.0,0,1.0,1.0,0,0)
DispatchPointer(474636,474715,262,474.38712,463.95044,0.0,0.0,0,1.0,1.0,0,0)
DispatchPointer(474636,474732,1,480.0,465.73767,0.0,0.0,0,1.0,1.0,0,0)
DispatchPointer(474780,474780,0,59.0,729.0,0.0,0.0,0,1.0,1.0,0,0)



















































LaunchActivity(org.totschnig.myexpenses,org.totschnig.myexpenses.MyExpenses)





























DispatchPointer(483484,483486,0,351.0,652.0,0.0,0.0,0,1.0,1.0,0,0)
DispatchPointer(483484,483524,2,359.51105,661.415,0.0,0.0,0,1.0,1.0,0,0)
DispatchPointer(483484,483536,2,362.1377,661.60175,0.0,0.0,0,1.0,1.0,0,0)
DispatchPointer(483484,483553,2,367.77896,671.7688,0.0,0.0,0,1.0,1.0,0,0)
DispatchPointer(483484,483559,2,381.08072,679.2706,0.0,0.0,0,1.0,1.0,0,0)
DispatchPointer(483484,483682,2,385.81335,694.91437,0.0,0.0,0,1.0,1.0,0,0)
DispatchPointer(483484,483696,2,395.6807,705.8697,0.0,0.0,0,1.0,1.0,0,0)
DispatchPointer(483484,483713,2,399.0249,716.7873,0.0,0.0,0,1.0,1.0,0,0)
DispatchPointer(483484,483738,2,414.3747,718.4948,0.0,0.0,0,1.0,1.0,0,0)
DispatchPointer(483484,483768,1,426.02667,721.3856,0.0,0.0,0,1.0,1.0,0,0)
DispatchKey(483797,483797,0,19,0,0,-1,0)
DispatchKey(483838,483838,1,19,0,0,-1,0)
DispatchPointer(483900,483911,0,197.0,292.0,0.0,0.0,0,1.0,1.0,0,0)
DispatchPointer(483900,483961,1,198.93047,290.24222,0.0,0.0,0,1.0,1.0,0,0)
DispatchKey(484003,484003,0,23,0,0,-1,0)
DispatchKey(484015,484015,1,23,0,0,-1,0)
DispatchKey(484140,484140,0,21,0,0,-1,0)
DispatchKey(484168,484168,1,21,0,0,-1,0)
DispatchKey(484287,484287,0,177,0,0,-1,0)
DispatchKey(484520,484520,1,177,0,0,-1,0)
DispatchKey(484554,484554,0,23,0,0,-1,0)
DispatchKey(484592,484592,1,23,0,0,-1,0)
DispatchTrackball(-1,484637,2,0.0,-3.0,0.0,0.0,0,1.0,1.0,0,0)
DispatchTrackball(-1,484691,2,0.0,-2.0,0.0,0.0,0,1.0,1.0,0,0)
DispatchTrackball(-1,484697,2,2.0,-5.0,0.0,0.0,0,1.0,1.0,0,0)
DispatchTrackball(-1,484714,2,0.0,-2.0,0.0,0.0,0,1.0,1.0,0,0)
DispatchTrackball(-1,484791,2,0.0,-1.0,0.0,0.0,0,1.0,1.0,0,0)
DispatchTrackball(-1,484813,2,2.0,1.0,0.0,0.0,0,1.0,1.0,0,0)
DispatchTrackball(-1,484858,2,2.0,-2.0,0.0,0.0,0,1.0,1.0,0,0)
DispatchTrackball(-1,484884,2,-1.0,-1.0,0.0,0.0,0,1.0,1.0,0,0)
DispatchTrackball(-1,484898,2,1.0,2.0,0.0,0.0,0,1.0,1.0,0,0)
DispatchTrackball(-1,484944,2,4.0,-1.0,0.0,0.0,0,1.0,1.0,0,0)
DispatchTrackball(484637,484963,0,0.0,0.0,0.0,0.0,0,1.0,1.0,0,0)
DispatchTrackball(484637,484987,1,0.0,0.0,0.0,0.0,0,1.0,1.0,0,0)
DispatchKey(485031,485031,0,22,0,0,-1,0)
DispatchKey(485157,485157,1,22,0,0,-1,0)
DispatchKey(486291,486291,0,112,0,0,-1,0)
DispatchKey(486671,486671,1,112,0,0,-1,0)
DispatchTrackball(-1,486909,2,-1.0,-1.0,0.0,0.0,0,1.0,1.0,0,0)
DispatchTrackball(-1,487001,2,-4.0,0.0,0.0,0.0,0,1.0,1.0,0,0)
DispatchTrackball(-1,487008,2,-4.0,1.0,0.0,0.0,0,1.0,1.0,0,0)
DispatchTrackball(-1,487050,2,-3.0,-4.0,0.0,0.0,0,1.0,1.0,0,0)
DispatchTrackball(-1,487068,2,4.0,0.0,0.0,0.0,0,1.0,1.0,0,0)
DispatchTrackball(-1,487116,2,-1.0,-3.0,0.0,0.0,0,1.0,1.0,0,0)
DispatchTrackball(-1,487142,2,2.0,4.0,0.0,0.0,0,1.0,1.0,0,0)
DispatchTrackball(-1,487149,2,2.0,4.0,0.0,0.0,0,1.0,1.0,0,0)
DispatchTrackball(-1,487181,2,-2.0,3.0,0.0,0.0,0,1.0,1.0,0,0)
DispatchTrackball(-1,487189,2,-2.0,4.0,0.0,0.0,0,1.0,1.0,0,0)
DispatchFlip(false)
DispatchFlip(true)
GUIGen(5)
DispatchPointer(497691,497692,0,400.0,316.0,0.0,0.0,0,1.0,1.0,0,0)
DispatchPointer(497691,497723,1,399.81265,303.88043,0.0,0.0,0,1.0,1.0,0,0)
DispatchPointer(497760,497760,0,175.0,734.0,0.0,0.0,0,1.0,1.0,0,0)
DispatchPointer(497760,497816,1,188.77852,734.22614,0.0,0.0,0,1.0,1.0,0,0)
DispatchKey(497889,497889,0,20,0,0,-1,0)
DispatchKey(498000,498000,1,20,0,0,-1,0)
DispatchKey(498267,498267,0,82,0,0,-1,0)
DispatchKey(498311,498311,1,82,0,0,-1,0)
DispatchFlip(false)
DispatchKey(498485,498485,0,22,0,0,-1,0)
DispatchKey(498498,498498,1,22,0,0,-1,0)
DispatchKey(498544,498544,0,3,0,0,-1,0)
DispatchKey(498586,498586,1,3,0,0,-1,0)
DispatchKey(498660,498660,0,21,0,0,-1,0)
DispatchKey(498713,498713,1,21,0,0,-1,0)
DispatchFlip(true)
DispatchPointer(499103,499104,0,30.0,7.0,0.0,0.0,0,1.0,1.0,0,0)
DispatchPointer(499103,499171,2,24.2093,6.370617,0.0,0.0,0,1.0,1.0,0,0)
DispatchPointer(499103,499185,2,13.59261,2.6146722,0.0,0.0,0,1.0,1.0,0,0)
DispatchPointer(499103,499325,2,3.8701239,0.80185604,0.0,0.0,0,1.0,1.0,0,0)
DispatchPointer(499103,499376,2,0.0,0.0,0.0,0.0,0,1.0,1.0,0,0)
DispatchPointer(499103,499406,2,0.0,0.0,0.0,0.0,0,1.0,1.0,0,0)
DispatchPointer(499103,499445,2,0.0,0.0,0.0,0.0,0,1.0,1.0,0,0)
DispatchPointer(499103,499461,2,0.0,0.0,0.0,0.0,0,1.0,1.0,0,0)
DispatchPointer(499103,499466,2,0.0,0.0,0.0,0.0,0,1.0,1.0,0,0)
DispatchPointer(499103,499483,2,0.0,0.0,0.0,0.0,0,1.0,1.0,0,0)
DispatchPointer(499103,499491,1,0.0,0.0,0.0,0.0,0,1.0,1.0,0,0)
DispatchTrackball(-1,499517,2,2.0,1.0,0.0,0.0,0,1.0,1.0,0,0)
DispatchTrackball(-1,499559,2,3.0,0.0,0.0,0.0,0,1.0,1.0,0,0)
DispatchTrackball(-1,499648,2,-3.0,-2.0,0.0,0.0,0,1.0,1.0,0,0)
DispatchTrackball(-1,499665,2,2.0,-2.0,0.0,0.0,0,1.0,1.0,0,0)
DispatchTrackball(-1,499685,2,-3.0,3.0,0.0,0.0,0,1.0,1.0,0,0)
DispatchTrackball(-1,499701,2,-3.0,-1.0,0.0,0.0,0,1.0,1.0,0,0)
DispatchTrackball(-1,499708,2,-4.0,0.0,0.0,0.0,0,1.0,1.0,0,0)
DispatchTrackball(-1,499726,2,2.0,-4.0,0.0,0.0,0,1.0,1.0,0,0)
DispatchTrackball(-1,499735,2,-4.0,-4.0,0.0,0.0,0,1.0,1.0,0,0)
DispatchTrackball(-1,499754,2,1.0,2.0,0.0,0.0,0,1.0,1.0,0,0)
DispatchPointer(501913,501915,0,381.0,778.0,0.0,0.0,0,1.0,1.0,0,0)
DispatchPointer(501913,501937,2,395.82358,771.62836,0.0,0.0,0,1.0,1.0,0,0)
DispatchPointer(501913,501965,2,403.42624,755.17096,0.0,0.0,0,1.0,1.0,0,0)
DispatchPointer(501913,501972,2,410.2237,752.7191,0.0,0.0,0,1.0,1.0,0,0)
DispatchTrackball(-1,502097,2,1.0,-5.0,0.0,0.0,0,1.0,1.0,0,0)
DispatchTrackball(-1,502127,2,4.0,3.0,0.0,0.0,0,1.0,1.0,0,0)
DispatchTrackball(-1,502167,2,-2.0,1.0,0.0,0.0,0,1.0,1.0,0,0)
DispatchTrackball(-1,502188,2,3.0,4.0,0.0,0.0,0,1.0,1.0,0,0)
DispatchTrackball(-1,502255,2,-3.0,2.0,0.0,0.0,0,1.0,1.0,0,0)
DispatchTrackball(-1,502316,2,-2.0,-4.0,0.0,0.0,0,1.0,1.0,0,0)
DispatchTrackball(-1,502325,2,0.0,1.0,0.0,0.0,0,1.0,1.0,0,0)
DispatchTrackball(-1,502341,2,4.0,-1.0,0.0,0.0,0,1.0,1.0,0,0)
DispatchTrackball(-1,502369,2,-5.0,-4.0,0.0,0.0,0,1.0,1.0,0,0)
DispatchTrackball(-1,502391,2,-1.0,4.0,0.0,0.0,0,1.0,1.0,0,0)
DispatchKey(502411,502411,0,82,0,0,-1,0)
DispatchKey(502554,502554,1,82,0,0,-1,0)
LaunchActivity(org.totschnig.myexpenses,org.totschnig.myexpenses.MyExpenses)
DispatchKey(502657,502657,0,82,0,0,-1,0)
DispatchKey(502699,502699,1,82,0,0,-1,0)
DispatchTrackball(-1,502759,2,-1.0,-3.0,0.0,0.0,0,1.0,1.0,0,0)
DispatchTrackball(-1,502770,2,3.0,2.0,0.0,0.0,0,1.0,1.0,0,0)
DispatchTrackball(-1,502790,2,3.0,0.0,0.0,0.0,0,1.0,1.0,0,0)
DispatchTrackball(-1,502799,2,-2.0,1.0,0.0,0.0,0,1.0,1.0,0,0)
DispatchTrackball(-1,502814,2,-3.0,1.0,0.0,0.0,0,1.0,1.0,0,0)
DispatchTrackball(-1,502821,2,-4.0,-5.0,0.0,0.0,0,1.0,1.0,0,0)
DispatchTrackball(-1,502835,2,1.0,0.0,0.0,0.0,0,1.0,1.0,0,0)
DispatchTrackball(-1,502853,2,1.0,0.0,0.0,0.0,0,1.0,1.0,0,0)
DispatchTrackball(-1,502859,2,3.0,-3.0,0.0,0.0,0,1.0,1.0,0,0)
DispatchTrackball(-1,502965,2,0.0,2.0,0.0,0.0,0,1.0,1.0,0,0)
DispatchKey(502984,502984,0,20,0,0,-1,0)
DispatchKey(503114,503114,1,20,0,0,-1,0)
DispatchKey(503205,503205,0,20,0,0,-1,0)
DispatchKey(503308,503308,1,20,0,0,-1,0)
DispatchTrackball(-1,503382,2,-1.0,-4.0,0.0,0.0,0,1.0,1.0,0,0)
DispatchTrackball(-1,503408,2,-1.0,-3.0,0.0,0.0,0,1.0,1.0,0,0)
DispatchTrackball(-1,503480,2,1.0,-4.0,0.0,0.0,0,1.0,1.0,0,0)
DispatchTrackball(-1,503496,2,3.0,-5.0,0.0,0.0,0,1.0,1.0,0,0)
DispatchTrackball(-1,503507,2,2.0,-5.0,0.0,0.0,0,1.0,1.0,0,0)
DispatchTrackball(-1,503540,2,-3.0,3.0,0.0,0.0,0,1.0,1.0,0,0)
DispatchTrackball(-1,503559,2,1.0,3.0,0.0,0.0,0,1.0,1.0,0,0)
DispatchTrackball(-1,503575,2,-1.0,-3.0,0.0,0.0,0,1.0,1.0,0,0)
DispatchTrackball(-1,503581,2,-1.0,0.0,0.0,0.0,0,1.0,1.0,0,0)
DispatchTrackball(-1,503597,2,-2.0,-2.0,0.0,0.0,0,1.0,1.0,0,0)
