type= raw events
count= -1
speed= 1.0
start data >>
DispatchPointer(374967,374969,0,264.0,714.0,0.0,0.0,0,1.0,1.0,0,0)
DispatchPointer(374967,375087,1,281.398,716.36084,0.0,0.0,0,1.0,1.0,0,0)
DispatchKey(375118,375118,0,204,0,0,-1,0)
DispatchKey(375183,375183,1,204,0,0,-1,0)
LaunchActivity(com.example.android.musicplayer,com.example.android.musicplayer.MainActivity)
DispatchPointer(376730,376730,0,71.0,555.0,0.0,0.0,0,1.0,1.0,0,0)
DispatchPointer(376730,376756,1,77.26644,555.95355,0.0,0.0,0,1.0,1.0,0,0)
DispatchKey(376795,376795,0,20,0,0,-1,0)
DispatchKey(376806,376806,1,20,0,0,-1,0)
DispatchKey(376834,376834,0,82,0,0,-1,0)
DispatchKey(376844,376844,1,82,0,0,-1,0)
DispatchKey(376871,376871,0,67,0,0,-1,0)
DispatchKey(376919,376919,1,67,0,0,-1,0)
GUIGen(6)
DispatchKey(396866,396866,0,24,0,0,-1,0)
DispatchKey(396968,396968,1,24,0,0,-1,0)
DispatchTrackball(-1,397416,2,-3.0,-4.0,0.0,0.0,0,1.0,1.0,0,0)
DispatchTrackball(-1,397441,2,-3.0,3.0,0.0,0.0,0,1.0,1.0,0,0)
DispatchTrackball(-1,397447,2,1.0,1.0,0.0,0.0,0,1.0,1.0,0,0)
DispatchTrackball(-1,397458,2,4.0,0.0,0.0,0.0,0,1.0,1.0,0,0)
DispatchTrackball(-1,397465,2,-4.0,-2.0,0.0,0.0,0,1.0,1.0,0,0)
DispatchTrackball(-1,397484,2,-2.0,0.0,0.0,0.0,0,1.0,1.0,0,0)
DispatchTrackball(-1,397495,2,2.0,-1.0,0.0,0.0,0,1.0,1.0,0,0)
DispatchTrackball(-1,397503,2,3.0,4.0,0.0,0.0,0,1.0,1.0,0,0)
DispatchTrackball(-1,397509,2,-5.0,2.0,0.0,0.0,0,1.0,1.0,0,0)
DispatchTrackball(-1,397516,2,0.0,-1.0,0.0,0.0,0,1.0,1.0,0,0)
DispatchKey(397549,397549,0,82,0,0,-1,0)
DispatchKey(397654,397654,1,82,0,0,-1,0)
GUIGen(3)
DispatchPointer(409568,409569,0,2.0,248.0,0.0,0.0,0,1.0,1.0,0,0)
DispatchPointer(409568,409590,2,13.183507,249.3057,0.0,0.0,0,1.0,1.0,0,0)
DispatchPointer(409568,409606,2,20.138151,252.29706,0.0,0.0,0,1.0,1.0,0,0)
DispatchPointer(409568,409618,2,29.413443,252.35263,0.0,0.0,0,1.0,1.0,0,0)
DispatchPointer(409568,409625,2,44.389687,256.64725,0.0,0.0,0,1.0,1.0,0,0)
DispatchPointer(409568,409641,2,64.687195,259.26654,0.0,0.0,0,1.0,1.0,0,0)
DispatchPointer(409568,409649,2,65.38199,259.81564,0.0,0.0,0,1.0,1.0,0,0)
DispatchPointer(409568,409662,2,81.923615,263.00128,0.0,0.0,0,1.0,1.0,0,0)
DispatchPointer(409568,409672,2,88.6338,264.34497,0.0,0.0,0,1.0,1.0,0,0)
DispatchPointer(409568,409685,2,106.16893,265.94864,0.0,0.0,0,1.0,1.0,0,0)
DispatchPointer(409568,409694,1,118.3272,266.0601,0.0,0.0,0,1.0,1.0,0,0)
DispatchKey(409718,409718,0,52,0,0,-1,0)
DispatchKey(409758,409758,1,52,0,0,-1,0)
DispatchKey(409832,409832,0,19,0,0,-1,0)
DispatchKey(409847,409847,1,19,0,0,-1,0)
DispatchPointer(409870,409870,0,97.0,319.0,0.0,0.0,0,1.0,1.0,0,0)
DispatchPointer(409870,409897,1,102.28401,320.0421,0.0,0.0,0,1.0,1.0,0,0)
DispatchPointer(409921,409921,0,319.0,651.0,0.0,0.0,0,1.0,1.0,0,0)
DispatchPointer(409921,409943,1,315.57343,657.47754,0.0,0.0,0,1.0,1.0,0,0)
DispatchTrackball(-1,409981,2,-1.0,1.0,0.0,0.0,0,1.0,1.0,0,0)
DispatchTrackball(-1,409994,2,-1.0,3.0,0.0,0.0,0,1.0,1.0,0,0)
DispatchTrackball(-1,409999,2,-2.0,-3.0,0.0,0.0,0,1.0,1.0,0,0)
DispatchTrackball(-1,410029,2,2.0,2.0,0.0,0.0,0,1.0,1.0,0,0)
DispatchTrackball(-1,410036,2,-1.0,2.0,0.0,0.0,0,1.0,1.0,0,0)
DispatchTrackball(-1,410042,2,2.0,-3.0,0.0,0.0,0,1.0,1.0,0,0)
DispatchTrackball(-1,410047,2,2.0,-1.0,0.0,0.0,0,1.0,1.0,0,0)
DispatchTrackball(-1,410090,2,-1.0,-3.0,0.0,0.0,0,1.0,1.0,0,0)
DispatchTrackball(-1,410132,2,1.0,-2.0,0.0,0.0,0,1.0,1.0,0,0)
DispatchTrackball(-1,410143,2,-4.0,-1.0,0.0,0.0,0,1.0,1.0,0,0)
DispatchKey(410221,410221,0,25,0,0,-1,0)
DispatchKey(410381,410381,1,25,0,0,-1,0)
DispatchPointer(410476,410476,0,262.0,28.0,0.0,0.0,0,1.0,1.0,0,0)
DispatchPointer(410476,410523,1,263.7488,21.086868,0.0,0.0,0,1.0,1.0,0,0)
DispatchPointer(410548,410548,0,164.0,417.0,0.0,0.0,0,1.0,1.0,0,0)
DispatchPointer(410548,410587,1,155.03894,428.7012,0.0,0.0,0,1.0,1.0,0,0)
DispatchPointer(410617,410618,0,394.0,109.0,0.0,0.0,0,1.0,1.0,0,0)
DispatchPointer(410617,410638,2,394.00827,113.13337,0.0,0.0,0,1.0,1.0,0,0)
DispatchPointer(410617,410659,2,394.38382,115.16128,0.0,0.0,0,1.0,1.0,0,0)
DispatchPointer(410617,410677,2,394.445,122.02254,0.0,0.0,0,1.0,1.0,0,0)
DispatchPointer(410617,410685,2,395.52765,123.40781,0.0,0.0,0,1.0,1.0,0,0)
DispatchPointer(410617,410702,2,396.5112,124.02328,0.0,0.0,0,1.0,1.0,0,0)
DispatchPointer(410617,410710,2,397.42285,124.11011,0.0,0.0,0,1.0,1.0,0,0)
DispatchPointer(410617,410728,2,399.0016,130.67004,0.0,0.0,0,1.0,1.0,0,0)
DispatchPointer(410617,410757,2,399.0412,131.56635,0.0,0.0,0,1.0,1.0,0,0)
DispatchPointer(410617,410767,1,400.26678,137.22472,0.0,0.0,0,1.0,1.0,0,0)
LaunchActivity(com.example.android.musicplayer,com.example.android.musicplayer.MainActivity)
DispatchTrackball(-1,411012,2,3.0,-1.0,0.0,0.0,0,1.0,1.0,0,0)
DispatchTrackball(-1,411076,2,1.0,4.0,0.0,0.0,0,1.0,1.0,0,0)
DispatchTrackball(-1,411083,2,2.0,-4.0,0.0,0.0,0,1.0,1.0,0,0)
DispatchTrackball(-1,411092,2,2.0,4.0,0.0,0.0,0,1.0,1.0,0,0)
DispatchTrackball(-1,411103,2,-2.0,-4.0,0.0,0.0,0,1.0,1.0,0,0)
DispatchTrackball(-1,411123,2,-4.0,-2.0,0.0,0.0,0,1.0,1.0,0,0)
DispatchTrackball(-1,411181,2,-1.0,-3.0,0.0,0.0,0,1.0,1.0,0,0)
DispatchTrackball(-1,411227,2,0.0,2.0,0.0,0.0,0,1.0,1.0,0,0)
DispatchTrackball(-1,411233,2,-3.0,3.0,0.0,0.0,0,1.0,1.0,0,0)
DispatchTrackball(-1,411239,2,-1.0,-4.0,0.0,0.0,0,1.0,1.0,0,0)
DispatchKey(411300,411300,0,23,0,0,-1,0)
DispatchKey(411372,411372,1,23,0,0,-1,0)
DispatchPointer(411584,411584,0,294.0,147.0,0.0,0.0,0,1.0,1.0,0,0)
DispatchPointer(411584,411695,1,306.62424,149.71275,0.0,0.0,0,1.0,1.0,0,0)
DispatchPointer(411709,411709,0,255.0,589.0,0.0,0.0,0,1.0,1.0,0,0)
DispatchPointer(411709,411752,1,264.41638,604.7499,0.0,0.0,0,1.0,1.0,0,0)
DispatchKey(411776,411776,0,28,0,0,-1,0)
DispatchKey(411818,411818,1,28,0,0,-1,0)
DispatchKey(411985,411985,0,19,0,0,-1,0)
DispatchKey(412073,412073,1,19,0,0,-1,0)
DispatchKey(412530,412530,0,19,0,0,-1,0)
DispatchKey(412673,412673,1,19,0,0,-1,0)
DispatchKey(413510,413510,0,184,0,0,-1,0)
DispatchKey(413538,413538,1,184,0,0,-1,0)
DispatchKey(413560,413560,0,67,0,0,-1,0)
DispatchKey(413596,413596,1,67,0,0,-1,0)
DispatchPointer(413663,413664,0,77.0,422.0,0.0,0.0,0,1.0,1.0,0,0)
DispatchPointer(413663,413698,1,76.01285,399.02072,0.0,0.0,0,1.0,1.0,0,0)
DispatchTrackball(-1,413737,2,-1.0,3.0,0.0,0.0,0,1.0,1.0,0,0)
DispatchTrackball(-1,413771,2,-5.0,3.0,0.0,0.0,0,1.0,1.0,0,0)
DispatchTrackball(-1,413778,2,3.0,4.0,0.0,0.0,0,1.0,1.0,0,0)
DispatchTrackball(-1,413786,2,-4.0,-5.0,0.0,0.0,0,1.0,1.0,0,0)
DispatchTrackball(-1,413804,2,-3.0,1.0,0.0,0.0,0,1.0,1.0,0,0)
DispatchTrackball(-1,413817,2,-2.0,-3.0,0.0,0.0,0,1.0,1.0,0,0)
DispatchTrackball(-1,413833,2,4.0,-1.0,0.0,0.0,0,1.0,1.0,0,0)
DispatchTrackball(-1,413851,2,1.0,-4.0,0.0,0.0,0,1.0,1.0,0,0)
DispatchTrackball(-1,413868,2,0.0,0.0,0.0,0.0,0,1.0,1.0,0,0)
DispatchTrackball(-1,413874,2,-5.0,-2.0,0.0,0.0,0,1.0,1.0,0,0)
DispatchKey(413879,413879,0,19,0,0,-1,0)
DispatchKey(413963,413963,1,19,0,0,-1,0)
DispatchTrackball(-1,414033,2,4.0,2.0,0.0,0.0,0,1.0,1.0,0,0)
DispatchTrackball(-1,414054,2,3.0,-1.0,0.0,0.0,0,1.0,1.0,0,0)
DispatchTrackball(-1,414062,2,1.0,2.0,0.0,0.0,0,1.0,1.0,0,0)
DispatchTrackball(-1,414069,2,0.0,1.0,0.0,0.0,0,1.0,1.0,0,0)
DispatchTrackball(-1,414124,2,0.0,-4.0,0.0,0.0,0,1.0,1.0,0,0)
DispatchTrackball(-1,414130,2,-2.0,-3.0,0.0,0.0,0,1.0,1.0,0,0)
DispatchTrackball(-1,414146,2,0.0,-1.0,0.0,0.0,0,1.0,1.0,0,0)
DispatchTrackball(-1,414188,2,-5.0,2.0,0.0,0.0,0,1.0,1.0,0,0)
DispatchTrackball(-1,414203,2,2.0,-5.0,0.0,0.0,0,1.0,1.0,0,0)
DispatchTrackball(-1,414217,2,4.0,-2.0,0.0,0.0,0,1.0,1.0,0,0)
DispatchKey(414226,414226,0,23,0,0,-1,0)
DispatchKey(414318,414318,1,23,0,0,-1,0)
DispatchKey(414419,414419,0,82,0,0,-1,0)
DispatchKey(414472,414472,1,82,0,0,-1,0)
DispatchPointer(414538,414538,0,213.0,398.0,0.0,0.0,0,1.0,1.0,0,0)
DispatchPointer(414538,414551,1,216.03372,374.79187,0.0,0.0,0,1.0,1.0,0,0)
DispatchPointer(414593,414593,0,367.0,753.0,0.0,0.0,0,1.0,1.0,0,0)
DispatchPointer(414593,414614,1,368.33273,753.12885,0.0,0.0,0,1.0,1.0,0,0)
DispatchPointer(414660,414671,0,160.0,356.0,0.0,0.0,0,1.0,1.0,0,0)
DispatchPointer(414660,414698,2,158.88643,362.18753,0.0,0.0,0,1.0,1.0,0,0)
DispatchPointer(414660,414724,2,157.9079,366.13235,0.0,0.0,0,1.0,1.0,0,0)
DispatchPointer(414660,414742,1,157.6896,367.18826,0.0,0.0,0,1.0,1.0,0,0)
DispatchKey(414766,414766,0,21,0,0,-1,0)
DispatchKey(414834,414834,1,21,0,0,-1,0)
DispatchPointer(414883,414883,0,89.0,226.0,0.0,0.0,0,1.0,1.0,0,0)
DispatchPointer(414883,414893,1,71.9592,234.47322,0.0,0.0,0,1.0,1.0,0,0)
DispatchKey(414918,414918,0,23,0,0,-1,0)
DispatchKey(415012,415012,1,23,0,0,-1,0)
DispatchPointer(415069,415081,0,233.0,680.0,0.0,0.0,0,1.0,1.0,0,0)
DispatchPointer(415069,415107,2,245.48024,673.38354,0.0,0.0,0,1.0,1.0,0,0)
DispatchPointer(415069,415121,2,257.32983,667.2771,0.0,0.0,0,1.0,1.0,0,0)
DispatchPointer(415069,415139,2,263.2508,666.74286,0.0,0.0,0,1.0,1.0,0,0)
DispatchPointer(415069,415154,2,265.7372,666.0678,0.0,0.0,0,1.0,1.0,0,0)
DispatchPointer(415069,415178,1,268.18442,663.466,0.0,0.0,0,1.0,1.0,0,0)
DispatchKey(415198,415198,0,22,0,0,-1,0)
DispatchKey(415266,415266,1,22,0,0,-1,0)
DispatchKey(415298,415298,0,23,0,0,-1,0)
DispatchKey(415381,415381,1,23,0,0,-1,0)
DispatchKey(415452,415452,0,19,0,0,-1,0)
DispatchKey(415514,415514,1,19,0,0,-1,0)
LaunchActivity(com.example.android.musicplayer,com.example.android.musicplayer.MainActivity)
DispatchKey(415783,415783,0,82,0,0,-1,0)
DispatchKey(415841,415841,1,82,0,0,-1,0)
DispatchKey(415863,415863,0,21,0,0,-1,0)
DispatchKey(416157,416157,1,21,0,0,-1,0)
DispatchTrackball(-1,416233,2,-4.0,-1.0,0.0,0.0,0,1.0,1.0,0,0)
DispatchTrackball(-1,416258,2,-2.0,-4.0,0.0,0.0,0,1.0,1.0,0,0)
DispatchTrackball(-1,416264,2,2.0,-2.0,0.0,0.0,0,1.0,1.0,0,0)
DispatchTrackball(-1,416285,2,3.0,2.0,0.0,0.0,0,1.0,1.0,0,0)
DispatchTrackball(-1,416302,2,3.0,3.0,0.0,0.0,0,1.0,1.0,0,0)
DispatchTrackball(-1,416347,2,-5.0,3.0,0.0,0.0,0,1.0,1.0,0,0)
DispatchTrackball(-1,416355,2,4.0,-2.0,0.0,0.0,0,1.0,1.0,0,0)
DispatchTrackball(-1,416361,2,-2.0,3.0,0.0,0.0,0,1.0,1.0,0,0)
DispatchTrackball(-1,416367,2,2.0,-2.0,0.0,0.0,0,1.0,1.0,0,0)
DispatchTrackball(-1,416500,2,-4.0,-1.0,0.0,0.0,0,1.0,1.0,0,0)
DispatchTrackball(416232,416509,0,0.0,0.0,0.0,0.0,0,1.0,1.0,0,0)
DispatchTrackball(416232,416542,1,0.0,0.0,0.0,0.0,0,1.0,1.0,0,0)
DispatchKey(416617,416617,0,82,0,0,-1,0)
DispatchKey(416663,416663,1,82,0,0,-1,0)
DispatchTrackball(-1,416695,2,3.0,-5.0,0.0,0.0,0,1.0,1.0,0,0)
DispatchTrackball(-1,416709,2,1.0,-1.0,0.0,0.0,0,1.0,1.0,0,0)
DispatchTrackball(-1,416723,2,3.0,0.0,0.0,0.0,0,1.0,1.0,0,0)
DispatchTrackball(-1,416743,2,2.0,-4.0,0.0,0.0,0,1.0,1.0,0,0)
DispatchTrackball(-1,416784,2,-4.0,4.0,0.0,0.0,0,1.0,1.0,0,0)
DispatchTrackball(-1,416800,2,-4.0,-1.0,0.0,0.0,0,1.0,1.0,0,0)
DispatchTrackball(-1,416808,2,-1.0,1.0,0.0,0.0,0,1.0,1.0,0,0)
DispatchTrackball(-1,416813,2,0.0,0.0,0.0,0.0,0,1.0,1.0,0,0)
DispatchTrackball(-1,416820,2,3.0,0.0,0.0,0.0,0,1.0,1.0,0,0)
DispatchTrackball(-1,416856,2,-4.0,-1.0,0.0,0.0,0,1.0,1.0,0,0)
DispatchKey(416875,416875,0,19,0,0,-1,0)
DispatchKey(416897,416897,1,19,0,0,-1,0)
DispatchKey(416916,416916,0,23,0,0,-1,0)
DispatchKey(417143,417143,1,23,0,0,-1,0)
DispatchKey(417182,417182,0,19,0,0,-1,0)
DispatchKey(417213,417213,1,19,0,0,-1,0)
DispatchPointer(417252,417253,0,382.0,652.0,0.0,0.0,0,1.0,1.0,0,0)
DispatchPointer(417252,417266,1,396.2292,642.668,0.0,0.0,0,1.0,1.0,0,0)
DispatchKey(417291,417291,0,20,0,0,-1,0)
DispatchKey(417330,417330,1,20,0,0,-1,0)
DispatchKey(417488,417488,0,21,0,0,-1,0)
DispatchKey(417693,417693,1,21,0,0,-1,0)
DispatchPointer(417795,417795,0,234.0,776.0,0.0,0.0,0,1.0,1.0,0,0)
DispatchPointer(417795,417846,1,232.167,779.87616,0.0,0.0,0,1.0,1.0,0,0)
DispatchPointer(417889,417889,0,85.0,546.0,0.0,0.0,0,1.0,1.0,0,0)
DispatchPointer(417889,417902,1,84.44819,546.25946,0.0,0.0,0,1.0,1.0,0,0)
DispatchPointer(417918,417918,0,459.0,621.0,0.0,0.0,0,1.0,1.0,0,0)
DispatchPointer(417918,417944,1,461.08646,615.12396,0.0,0.0,0,1.0,1.0,0,0)
DispatchKey(417963,417963,0,21,0,0,-1,0)
DispatchKey(417998,417998,1,21,0,0,-1,0)
DispatchKey(418163,418163,0,82,0,0,-1,0)
DispatchKey(418191,418191,1,82,0,0,-1,0)
DispatchPointer(418246,418246,0,179.0,699.0,0.0,0.0,0,1.0,1.0,0,0)
DispatchPointer(418246,418258,1,172.22997,694.10925,0.0,0.0,0,1.0,1.0,0,0)
DispatchKey(418309,418309,0,52,0,0,-1,0)
DispatchKey(418357,418357,1,52,0,0,-1,0)
DispatchPointer(418402,418402,0,421.0,90.0,0.0,0.0,0,1.0,1.0,0,0)
DispatchPointer(418402,418428,1,423.10422,102.637024,0.0,0.0,0,1.0,1.0,0,0)
DispatchKey(418461,418461,0,23,0,0,-1,0)
DispatchKey(418526,418526,1,23,0,0,-1,0)
DispatchPointer(418609,418609,0,348.0,211.0,0.0,0.0,0,1.0,1.0,0,0)
DispatchPointer(418609,418637,1,355.62393,191.7267,0.0,0.0,0,1.0,1.0,0,0)
DispatchTrackball(-1,418650,2,-1.0,-3.0,0.0,0.0,0,1.0,1.0,0,0)
DispatchTrackball(-1,418683,2,3.0,-4.0,0.0,0.0,0,1.0,1.0,0,0)
DispatchTrackball(-1,418689,2,-3.0,1.0,0.0,0.0,0,1.0,1.0,0,0)
DispatchTrackball(-1,418757,2,-2.0,3.0,0.0,0.0,0,1.0,1.0,0,0)
DispatchTrackball(-1,418767,2,4.0,-5.0,0.0,0.0,0,1.0,1.0,0,0)
DispatchTrackball(-1,418783,2,3.0,4.0,0.0,0.0,0,1.0,1.0,0,0)
DispatchTrackball(-1,418804,2,-4.0,3.0,0.0,0.0,0,1.0,1.0,0,0)
DispatchTrackball(-1,418812,2,4.0,4.0,0.0,0.0,0,1.0,1.0,0,0)
DispatchTrackball(-1,418820,2,-2.0,1.0,0.0,0.0,0,1.0,1.0,0,0)
DispatchTrackball(-1,418836,2,0.0,0.0,0.0,0.0,0,1.0,1.0,0,0)
DispatchPointer(418856,418857,0,157.0,646.0,0.0,0.0,0,1.0,1.0,0,0)
DispatchPointer(418856,418876,2,133.59918,647.521,0.0,0.0,0,1.0,1.0,0,0)
DispatchPointer(418856,418887,2,130.84799,650.46094,0.0,0.0,0,1.0,1.0,0,0)
DispatchPointer(418856,418901,2,107.68894,651.70667,0.0,0.0,0,1.0,1.0,0,0)
DispatchPointer(418856,418920,2,100.71514,653.7568,0.0,0.0,0,1.0,1.0,0,0)
DispatchPointer(418856,418936,2,92.63403,657.5569,0.0,0.0,0,1.0,1.0,0,0)
DispatchPointer(418856,418946,2,80.172935,658.0852,0.0,0.0,0,1.0,1.0,0,0)
DispatchPointer(418856,418954,2,67.97601,659.64325,0.0,0.0,0,1.0,1.0,0,0)
DispatchPointer(418856,418970,2,58.433594,661.1509,0.0,0.0,0,1.0,1.0,0,0)
DispatchPointer(418856,418976,2,50.831398,665.10803,0.0,0.0,0,1.0,1.0,0,0)
DispatchPointer(418856,418992,1,47.99316,667.9676,0.0,0.0,0,1.0,1.0,0,0)
DispatchPointer(419098,419098,0,354.0,205.0,0.0,0.0,0,1.0,1.0,0,0)
DispatchPointer(419098,419118,1,336.08325,198.5277,0.0,0.0,0,1.0,1.0,0,0)
DispatchTrackball(-1,419138,2,-4.0,-5.0,0.0,0.0,0,1.0,1.0,0,0)
DispatchTrackball(-1,419153,2,-1.0,-1.0,0.0,0.0,0,1.0,1.0,0,0)
DispatchTrackball(-1,419160,2,4.0,1.0,0.0,0.0,0,1.0,1.0,0,0)
DispatchTrackball(-1,419182,2,-3.0,-4.0,0.0,0.0,0,1.0,1.0,0,0)
DispatchTrackball(-1,419200,2,4.0,4.0,0.0,0.0,0,1.0,1.0,0,0)
DispatchTrackball(-1,419206,2,2.0,2.0,0.0,0.0,0,1.0,1.0,0,0)
DispatchTrackball(-1,419224,2,-2.0,-3.0,0.0,0.0,0,1.0,1.0,0,0)
DispatchTrackball(-1,419232,2,-5.0,-1.0,0.0,0.0,0,1.0,1.0,0,0)
DispatchTrackball(-1,419240,2,-2.0,0.0,0.0,0.0,0,1.0,1.0,0,0)
DispatchTrackball(-1,419246,2,-3.0,-4.0,0.0,0.0,0,1.0,1.0,0,0)
DispatchTrackball(419138,419262,0,0.0,0.0,0.0,0.0,0,1.0,1.0,0,0)
DispatchTrackball(419138,419280,1,0.0,0.0,0.0,0.0,0,1.0,1.0,0,0)
DispatchKey(419323,419323,0,82,0,0,-1,0)
DispatchKey(419406,419406,1,82,0,0,-1,0)
DispatchTrackball(-1,419571,2,-4.0,1.0,0.0,0.0,0,1.0,1.0,0,0)
DispatchTrackball(-1,419635,2,-3.0,3.0,0.0,0.0,0,1.0,1.0,0,0)
DispatchTrackball(-1,419643,2,-3.0,1.0,0.0,0.0,0,1.0,1.0,0,0)
DispatchTrackball(-1,419696,2,-3.0,-4.0,0.0,0.0,0,1.0,1.0,0,0)
DispatchTrackball(-1,419708,2,-2.0,2.0,0.0,0.0,0,1.0,1.0,0,0)
DispatchTrackball(-1,419739,2,-5.0,3.0,0.0,0.0,0,1.0,1.0,0,0)
DispatchTrackball(-1,419751,2,1.0,1.0,0.0,0.0,0,1.0,1.0,0,0)
DispatchTrackball(-1,419768,2,-2.0,3.0,0.0,0.0,0,1.0,1.0,0,0)
DispatchTrackball(-1,419785,2,4.0,-2.0,0.0,0.0,0,1.0,1.0,0,0)
DispatchTrackball(-1,419795,2,-1.0,4.0,0.0,0.0,0,1.0,1.0,0,0)
DispatchTrackball(419571,419826,0,0.0,0.0,0.0,0.0,0,1.0,1.0,0,0)
DispatchTrackball(419571,419841,1,0.0,0.0,0.0,0.0,0,1.0,1.0,0,0)
DispatchPointer(419857,419857,0,87.0,699.0,0.0,0.0,0,1.0,1.0,0,0)
DispatchPointer(419857,419891,1,78.93776,710.597,0.0,0.0,0,1.0,1.0,0,0)
DispatchPointer(419915,419915,0,228.0,547.0,0.0,0.0,0,1.0,1.0,0,0)
DispatchPointer(419915,419952,1,237.43901,535.8684,0.0,0.0,0,1.0,1.0,0,0)
DispatchTrackball(-1,419973,2,2.0,0.0,0.0,0.0,0,1.0,1.0,0,0)
DispatchTrackball(-1,419989,2,-3.0,2.0,0.0,0.0,0,1.0,1.0,0,0)
DispatchTrackball(-1,419995,2,2.0,3.0,0.0,0.0,0,1.0,1.0,0,0)
DispatchTrackball(-1,420027,2,2.0,-5.0,0.0,0.0,0,1.0,1.0,0,0)
DispatchTrackball(-1,420102,2,-4.0,1.0,0.0,0.0,0,1.0,1.0,0,0)
DispatchTrackball(-1,420135,2,-5.0,-5.0,0.0,0.0,0,1.0,1.0,0,0)
DispatchTrackball(-1,420153,2,-2.0,3.0,0.0,0.0,0,1.0,1.0,0,0)
DispatchTrackball(-1,420162,2,0.0,-5.0,0.0,0.0,0,1.0,1.0,0,0)
DispatchTrackball(-1,420180,2,3.0,1.0,0.0,0.0,0,1.0,1.0,0,0)
DispatchTrackball(-1,420223,2,-1.0,-3.0,0.0,0.0,0,1.0,1.0,0,0)
DispatchKey(420271,420271,0,20,0,0,-1,0)
DispatchKey(420303,420303,1,20,0,0,-1,0)
DispatchKey(420319,420319,0,23,0,0,-1,0)
DispatchKey(420342,420342,1,23,0,0,-1,0)
DispatchKey(420387,420387,0,23,0,0,-1,0)
DispatchKey(420473,420473,1,23,0,0,-1,0)
DispatchTrackball(-1,421521,2,-3.0,4.0,0.0,0.0,0,1.0,1.0,0,0)
DispatchTrackball(-1,421535,2,-1.0,-4.0,0.0,0.0,0,1.0,1.0,0,0)
DispatchTrackball(-1,421542,2,3.0,-3.0,0.0,0.0,0,1.0,1.0,0,0)
DispatchTrackball(-1,421548,2,-3.0,0.0,0.0,0.0,0,1.0,1.0,0,0)
DispatchTrackball(-1,421588,2,1.0,-5.0,0.0,0.0,0,1.0,1.0,0,0)
DispatchTrackball(-1,421624,2,-5.0,-3.0,0.0,0.0,0,1.0,1.0,0,0)
DispatchTrackball(-1,421659,2,2.0,3.0,0.0,0.0,0,1.0,1.0,0,0)
DispatchTrackball(-1,421671,2,-3.0,-3.0,0.0,0.0,0,1.0,1.0,0,0)
DispatchTrackball(-1,421680,2,-2.0,2.0,0.0,0.0,0,1.0,1.0,0,0)
DispatchTrackball(-1,421704,2,-4.0,-2.0,0.0,0.0,0,1.0,1.0,0,0)
DispatchKey(421710,421710,0,19,0,0,-1,0)
DispatchKey(421752,421752,1,19,0,0,-1,0)
DispatchKey(421767,421767,0,88,0,0,-1,0)
DispatchKey(421785,421785,1,88,0,0,-1,0)
DispatchKey(421804,421804,0,23,0,0,-1,0)
DispatchKey(421819,421819,1,23,0,0,-1,0)
DispatchKey(421834,421834,0,82,0,0,-1,0)
DispatchKey(421848,421848,1,82,0,0,-1,0)
DispatchKey(421871,421871,0,21,0,0,-1,0)
DispatchKey(421883,421883,1,21,0,0,-1,0)
DispatchKey(421896,421896,0,21,0,0,-1,0)
DispatchKey(421908,421908,1,21,0,0,-1,0)
DispatchKey(421962,421962,0,19,0,0,-1,0)
DispatchKey(421989,421989,1,19,0,0,-1,0)
DispatchPointer(422132,422133,0,11.0,401.0,0.0,0.0,0,1.0,1.0,0,0)
DispatchPointer(422132,422154,1,0.0,410.32498,0.0,0.0,0,1.0,1.0,0,0)
DispatchPointer(422173,422173,0,23.0,565.0,0.0,0.0,0,1.0,1.0,0,0)
DispatchPointer(422173,422182,1,24.968475,575.10706,0.0,0.0,0,1.0,1.0,0,0)
DispatchPointer(422199,422200,0,349.0,741.0,0.0,0.0,0,1.0,1.0,0,0)
DispatchPointer(422199,422231,1,348.9232,737.7187,0.0,0.0,0,1.0,1.0,0,0)
DispatchKey(422267,422267,0,19,0,0,-1,0)
DispatchKey(422453,422453,1,19,0,0,-1,0)
DispatchKey(422521,422521,0,19,0,0,-1,0)
DispatchKey(422688,422688,1,19,0,0,-1,0)
DispatchKey(422745,422745,0,22,0,0,-1,0)
DispatchKey(422781,422781,1,22,0,0,-1,0)
DispatchKey(422842,422842,0,20,0,0,-1,0)
DispatchKey(422851,422851,1,20,0,0,-1,0)
DispatchKey(422974,422974,0,218,0,0,-1,0)
DispatchKey(423186,423186,1,218,0,0,-1,0)
DispatchKey(423213,423213,0,19,0,0,-1,0)
DispatchKey(423226,423226,1,19,0,0,-1,0)
DispatchKey(423283,423283,0,5,0,0,-1,0)
DispatchKey(423329,423329,1,5,0,0,-1,0)
DispatchKey(423377,423377,0,21,0,0,-1,0)
DispatchKey(423394,423394,1,21,0,0,-1,0)
DispatchKey(423476,423476,0,21,0,0,-1,0)
DispatchKey(423551,423551,1,21,0,0,-1,0)
DispatchPointer(423574,423574,0,172.0,164.0,0.0,0.0,0,1.0,1.0,0,0)
DispatchPointer(423574,423589,1,170.31508,164.03828,0.0,0.0,0,1.0,1.0,0,0)
DispatchPointer(423638,423640,0,267.0,733.0,0.0,0.0,0,1.0,1.0,0,0)
DispatchPointer(423638,423669,2,265.2414,738.05145,0.0,0.0,0,1.0,1.0,0,0)
DispatchPointer(423638,423687,2,263.1458,739.7794,0.0,0.0,0,1.0,1.0,0,0)
DispatchPointer(423638,423693,1,263.01663,744.28577,0.0,0.0,0,1.0,1.0,0,0)
DispatchKey(423715,423715,0,21,0,0,-1,0)
DispatchKey(423730,423730,1,21,0,0,-1,0)
DispatchKey(423756,423756,0,4,0,0,-1,0)
DispatchKey(423807,423807,1,4,0,0,-1,0)
DispatchKey(423858,423858,0,23,0,0,-1,0)
DispatchKey(424766,424766,1,23,0,0,-1,0)
DispatchPointer(424957,424958,0,224.0,502.0,0.0,0.0,0,1.0,1.0,0,0)
DispatchPointer(424957,424969,1,229.14342,493.2233,0.0,0.0,0,1.0,1.0,0,0)
DispatchTrackball(-1,425022,2,2.0,-1.0,0.0,0.0,0,1.0,1.0,0,0)
DispatchTrackball(-1,425033,2,3.0,-1.0,0.0,0.0,0,1.0,1.0,0,0)
DispatchTrackball(-1,425046,2,1.0,-3.0,0.0,0.0,0,1.0,1.0,0,0)
DispatchTrackball(-1,425076,2,3.0,-2.0,0.0,0.0,0,1.0,1.0,0,0)
DispatchTrackball(-1,425086,2,-1.0,2.0,0.0,0.0,0,1.0,1.0,0,0)
DispatchTrackball(-1,425096,2,0.0,-3.0,0.0,0.0,0,1.0,1.0,0,0)
DispatchTrackball(-1,425113,2,0.0,0.0,0.0,0.0,0,1.0,1.0,0,0)
DispatchTrackball(-1,425118,2,2.0,-2.0,0.0,0.0,0,1.0,1.0,0,0)
DispatchTrackball(-1,425125,2,4.0,1.0,0.0,0.0,0,1.0,1.0,0,0)
DispatchTrackball(-1,425142,2,3.0,0.0,0.0,0.0,0,1.0,1.0,0,0)
DispatchPointer(425170,425170,0,163.0,154.0,0.0,0.0,0,1.0,1.0,0,0)
DispatchPointer(425170,425183,1,164.4103,148.03389,0.0,0.0,0,1.0,1.0,0,0)
DispatchKey(425199,425199,0,19,0,0,-1,0)
DispatchKey(429128,429128,1,19,0,0,-1,0)
DispatchPointer(429777,429778,0,422.0,757.0,0.0,0.0,0,1.0,1.0,0,0)
DispatchPointer(429777,429787,2,419.7905,756.04016,0.0,0.0,0,1.0,1.0,0,0)
DispatchPointer(429777,429817,2,415.70126,744.6458,0.0,0.0,0,1.0,1.0,0,0)
DispatchPointer(429777,429831,2,414.77295,738.3426,0.0,0.0,0,1.0,1.0,0,0)
DispatchPointer(429777,429856,2,413.8393,731.54333,0.0,0.0,0,1.0,1.0,0,0)
DispatchPointer(429777,429872,2,409.45285,721.3016,0.0,0.0,0,1.0,1.0,0,0)
DispatchPointer(429777,429893,2,409.21802,714.1297,0.0,0.0,0,1.0,1.0,0,0)
DispatchPointer(429777,429904,2,407.63504,710.78644,0.0,0.0,0,1.0,1.0,0,0)
DispatchPointer(429777,429913,2,403.6883,707.2507,0.0,0.0,0,1.0,1.0,0,0)
DispatchPointer(429777,429942,1,401.07535,705.4829,0.0,0.0,0,1.0,1.0,0,0)
DispatchKey(429954,429954,0,85,0,0,-1,0)
DispatchKey(430318,430318,1,85,0,0,-1,0)
DispatchKey(430355,430355,0,82,0,0,-1,0)
DispatchKey(430402,430402,1,82,0,0,-1,0)
DispatchKey(430575,430575,0,21,0,0,-1,0)
DispatchKey(432436,432436,0,66,0,0,-1,0)
DispatchKey(432489,432489,1,66,0,0,-1,0)
DispatchKey(432637,432637,0,23,0,0,-1,0)
DispatchKey(432648,432648,1,23,0,0,-1,0)
DispatchPointer(432797,432798,0,388.0,439.0,0.0,0.0,0,1.0,1.0,0,0)
DispatchPointer(432797,432811,2,390.5597,438.9754,0.0,0.0,0,1.0,1.0,0,0)
DispatchPointer(432797,432817,2,391.98666,438.5484,0.0,0.0,0,1.0,1.0,0,0)
DispatchPointer(432797,432825,2,392.3095,435.80618,0.0,0.0,0,1.0,1.0,0,0)
DispatchPointer(432797,432843,2,393.19977,434.85785,0.0,0.0,0,1.0,1.0,0,0)
DispatchPointer(432797,432847,1,395.16452,434.31992,0.0,0.0,0,1.0,1.0,0,0)
DispatchKey(432884,432884,0,117,0,0,-1,0)
DispatchKey(433113,433113,1,117,0,0,-1,0)
DispatchTrackball(-1,433128,2,-1.0,-5.0,0.0,0.0,0,1.0,1.0,0,0)
DispatchTrackball(-1,433147,2,-5.0,3.0,0.0,0.0,0,1.0,1.0,0,0)
DispatchTrackball(-1,433164,2,3.0,2.0,0.0,0.0,0,1.0,1.0,0,0)
DispatchTrackball(-1,433183,2,1.0,1.0,0.0,0.0,0,1.0,1.0,0,0)
DispatchTrackball(-1,433190,2,-1.0,-4.0,0.0,0.0,0,1.0,1.0,0,0)
DispatchTrackball(-1,433206,2,-1.0,3.0,0.0,0.0,0,1.0,1.0,0,0)
DispatchTrackball(-1,433218,2,-4.0,-5.0,0.0,0.0,0,1.0,1.0,0,0)
DispatchTrackball(-1,433250,2,-2.0,0.0,0.0,0.0,0,1.0,1.0,0,0)
DispatchTrackball(-1,433274,2,-3.0,3.0,0.0,0.0,0,1.0,1.0,0,0)
DispatchTrackball(-1,433289,2,-1.0,-2.0,0.0,0.0,0,1.0,1.0,0,0)
DispatchKey(433326,433326,0,19,0,0,-1,0)
DispatchKey(433345,433345,1,19,0,0,-1,0)
DispatchKey(433363,433363,0,20,0,0,-1,0)
DispatchKey(433373,433373,1,20,0,0,-1,0)
DispatchKey(434563,434563,0,23,0,0,-1,0)
DispatchKey(434575,434575,1,23,0,0,-1,0)
DispatchKey(434622,434622,0,19,0,0,-1,0)
DispatchKey(434638,434638,1,19,0,0,-1,0)
DispatchTrackball(-1,434677,2,-5.0,4.0,0.0,0.0,0,1.0,1.0,0,0)
DispatchTrackball(-1,434689,2,4.0,-5.0,0.0,0.0,0,1.0,1.0,0,0)
DispatchTrackball(-1,434705,2,1.0,-1.0,0.0,0.0,0,1.0,1.0,0,0)
DispatchTrackball(-1,434747,2,4.0,-5.0,0.0,0.0,0,1.0,1.0,0,0)
LaunchActivity(com.example.android.musicplayer,com.example.android.musicplayer.MainActivity)
DispatchKey(437006,437006,0,21,0,0,-1,0)
DispatchKey(437146,437146,1,21,0,0,-1,0)
DispatchKey(437223,437223,0,21,0,0,-1,0)
DispatchKey(437249,437249,1,21,0,0,-1,0)
DispatchPointer(437352,437353,0,318.0,504.0,0.0,0.0,0,1.0,1.0,0,0)
DispatchPointer(437352,437364,2,316.9718,506.18896,0.0,0.0,0,1.0,1.0,0,0)
DispatchPointer(437352,437382,2,315.73563,507.5106,0.0,0.0,0,1.0,1.0,0,0)
DispatchPointer(437352,437392,2,315.36966,511.3354,0.0,0.0,0,1.0,1.0,0,0)
DispatchPointer(437352,437399,2,314.69183,513.35815,0.0,0.0,0,1.0,1.0,0,0)
DispatchPointer(437352,437459,2,314.12042,521.2464,0.0,0.0,0,1.0,1.0,0,0)
DispatchPointer(437352,437480,2,312.81528,523.9997,0.0,0.0,0,1.0,1.0,0,0)
DispatchPointer(437352,437506,1,311.79184,528.63055,0.0,0.0,0,1.0,1.0,0,0)
DispatchTrackball(-1,437523,2,3.0,0.0,0.0,0.0,0,1.0,1.0,0,0)
DispatchTrackball(-1,437567,2,-5.0,-1.0,0.0,0.0,0,1.0,1.0,0,0)
DispatchTrackball(-1,437575,2,4.0,-5.0,0.0,0.0,0,1.0,1.0,0,0)
DispatchTrackball(-1,437580,2,4.0,4.0,0.0,0.0,0,1.0,1.0,0,0)
DispatchTrackball(-1,437597,2,-2.0,-3.0,0.0,0.0,0,1.0,1.0,0,0)
DispatchTrackball(-1,437612,2,-1.0,4.0,0.0,0.0,0,1.0,1.0,0,0)
DispatchTrackball(-1,437617,2,-5.0,2.0,0.0,0.0,0,1.0,1.0,0,0)
DispatchTrackball(-1,437633,2,0.0,-1.0,0.0,0.0,0,1.0,1.0,0,0)
DispatchTrackball(-1,437638,2,-1.0,1.0,0.0,0.0,0,1.0,1.0,0,0)
DispatchTrackball(-1,437646,2,4.0,-2.0,0.0,0.0,0,1.0,1.0,0,0)
DispatchTrackball(-1,437685,2,0.0,0.0,0.0,0.0,0,1.0,1.0,0,0)
DispatchTrackball(-1,437762,2,1.0,1.0,0.0,0.0,0,1.0,1.0,0,0)
DispatchTrackball(-1,437768,2,1.0,-5.0,0.0,0.0,0,1.0,1.0,0,0)
DispatchTrackball(-1,437792,2,3.0,-5.0,0.0,0.0,0,1.0,1.0,0,0)
DispatchTrackball(-1,437799,2,1.0,2.0,0.0,0.0,0,1.0,1.0,0,0)
DispatchTrackball(-1,437811,2,3.0,-3.0,0.0,0.0,0,1.0,1.0,0,0)
