type= raw events
count= -1
speed= 1.0
start data >>
DispatchKey(386046,386046,0,9,0,0,-1,0)
DispatchKey(388603,388603,1,9,0,0,-1,0)
DispatchKey(469944,469944,1,21,0,0,-1,0)
DispatchPointer(388688,388740,2,137.99142,199.29662,0.0,0.0,0,1.0,1.0,0,0)
DispatchPointer(388688,388773,2,137.23137,199.07779,0.0,0.0,0,1.0,1.0,0,0)
DispatchTrackball(-1,470033,2,0.0,-2.0,0.0,0.0,0,1.0,1.0,0,0)
DispatchPointer(446091,446092,0,402.0,224.0,0.0,0.0,0,1.0,1.0,0,0)
DispatchTrackball(-1,444234,2,0.0,3.0,0.0,0.0,0,1.0,1.0,0,0)
DispatchKey(470302,470302,1,23,0,0,-1,0)
DispatchTrackball(-1,388899,2,-2.0,-4.0,0.0,0.0,0,1.0,1.0,0,0)
DispatchPointer(443808,443808,0,340.0,196.0,0.0,0.0,0,1.0,1.0,0,0)
DispatchTrackball(-1,388938,2,-2.0,-4.0,0.0,0.0,0,1.0,1.0,0,0)
DispatchTrackball(-1,388965,2,2.0,3.0,0.0,0.0,0,1.0,1.0,0,0)
DispatchFlip(false)
DispatchPointer(447207,447226,1,141.20448,704.4579,0.0,0.0,0,1.0,1.0,0,0)
DispatchTrackball(-1,388989,2,0.0,-5.0,0.0,0.0,0,1.0,1.0,0,0)
DispatchTrackball(-1,476499,2,-2.0,3.0,0.0,0.0,0,1.0,1.0,0,0)
DispatchTrackball(-1,474804,2,-5.0,1.0,0.0,0.0,0,1.0,1.0,0,0)
DispatchTrackball(-1,469663,2,4.0,-5.0,0.0,0.0,0,1.0,1.0,0,0)
DispatchPointer(442479,442613,2,146.99884,207.43654,0.0,0.0,0,1.0,1.0,0,0)
DispatchPointer(442479,442634,2,144.7598,216.59311,0.0,0.0,0,1.0,1.0,0,0)
DispatchPointer(442479,442645,2,143.64612,224.35771,0.0,0.0,0,1.0,1.0,0,0)
DispatchPointer(442479,442683,262,138.91637,226.0325,0.0,0.0,0,1.0,1.0,0,0)
DispatchPointer(443378,443535,2,258.7853,362.52072,0.0,0.0,0,1.0,1.0,0,0)
DispatchPointer(475855,475883,2,172.31549,680.0337,0.0,0.0,0,1.0,1.0,0,0)
DispatchKey(442780,442780,1,82,0,0,-1,0)
DispatchKey(447695,447695,0,45,0,0,-1,0)
DispatchTrackball(-1,388858,2,-1.0,-3.0,0.0,0.0,0,1.0,1.0,0,0)
GUIGen(7)
DispatchTrackball(-1,446978,2,1.0,-3.0,0.0,0.0,0,1.0,1.0,0,0)
DispatchTrackball(-1,446526,2,2.0,1.0,0.0,0.0,0,1.0,1.0,0,0)
DispatchTrackball(-1,474826,2,0.0,1.0,0.0,0.0,0,1.0,1.0,0,0)
DispatchTrackball(-1,445333,2,-5.0,-3.0,0.0,0.0,0,1.0,1.0,0,0)
DispatchTrackball(-1,272492,2,-4.0,0.0,0.0,0.0,0,1.0,1.0,0,0)
DispatchTrackball(-1,272517,2,4.0,3.0,0.0,0.0,0,1.0,1.0,0,0)
DispatchTrackball(-1,272526,2,-2.0,-3.0,0.0,0.0,0,1.0,1.0,0,0)
DispatchTrackball(-1,272544,2,3.0,-3.0,0.0,0.0,0,1.0,1.0,0,0)
DispatchTrackball(-1,273194,2,-5.0,0.0,0.0,0.0,0,1.0,1.0,0,0)
DispatchKey(273214,273214,0,19,0,0,-1,0)
DispatchKey(273771,273771,1,19,0,0,-1,0)
DispatchPointer(274126,274126,0,48.0,759.0,0.0,0.0,0,1.0,1.0,0,0)
DispatchPointer(274126,274168,1,47.43644,760.70087,0.0,0.0,0,1.0,1.0,0,0)
DispatchKey(274184,274184,0,20,0,0,-1,0)
DispatchKey(274297,274297,1,20,0,0,-1,0)
DispatchPointer(274345,274347,0,320.0,344.0,0.0,0.0,0,1.0,1.0,0,0)
DispatchPointer(274345,274373,1,321.34113,343.02695,0.0,0.0,0,1.0,1.0,0,0)
DispatchKey(274396,274396,0,82,0,0,-1,0)
DispatchKey(274459,274459,1,82,0,0,-1,0)
DispatchPointer(274529,274556,0,454.0,370.0,0.0,0.0,0,1.0,1.0,0,0)
DispatchPointer(274529,274583,2,448.9039,389.02658,0.0,0.0,0,1.0,1.0,0,0)
DispatchPointer(274529,274603,2,448.07422,409.23584,0.0,0.0,0,1.0,1.0,0,0)
DispatchPointer(274529,274623,2,446.73685,423.79938,0.0,0.0,0,1.0,1.0,0,0)
DispatchPointer(274529,274632,2,446.60074,442.1253,0.0,0.0,0,1.0,1.0,0,0)
DispatchPointer(274529,274651,2,438.95026,442.52515,0.0,0.0,0,1.0,1.0,0,0)
DispatchPointer(274529,274672,2,429.9352,453.6296,0.0,0.0,0,1.0,1.0,0,0)
DispatchPointer(274529,274684,2,428.86844,460.69815,0.0,0.0,0,1.0,1.0,0,0)
DispatchPointer(274529,274704,2,419.52133,470.21127,0.0,0.0,0,1.0,1.0,0,0)
DispatchPointer(274529,274725,1,413.29382,489.63895,0.0,0.0,0,1.0,1.0,0,0)
DispatchKey(274757,274757,0,22,0,0,-1,0)
DispatchKey(275112,275112,1,22,0,0,-1,0)
DispatchKey(275187,275187,0,3,0,0,-1,0)
DispatchKey(275203,275203,1,3,0,0,-1,0)
DispatchPointer(275265,275266,0,435.0,416.0,0.0,0.0,0,1.0,1.0,0,0)
DispatchPointer(275265,275305,1,435.5442,427.18365,0.0,0.0,0,1.0,1.0,0,0)
DispatchTrackball(-1,275329,2,2.0,1.0,0.0,0.0,0,1.0,1.0,0,0)
DispatchTrackball(-1,275354,2,0.0,3.0,0.0,0.0,0,1.0,1.0,0,0)
DispatchTrackball(-1,275367,2,-1.0,-1.0,0.0,0.0,0,1.0,1.0,0,0)
DispatchTrackball(-1,275375,2,4.0,2.0,0.0,0.0,0,1.0,1.0,0,0)
DispatchTrackball(-1,275383,2,-5.0,-2.0,0.0,0.0,0,1.0,1.0,0,0)
DispatchTrackball(-1,275391,2,4.0,-5.0,0.0,0.0,0,1.0,1.0,0,0)
DispatchTrackball(-1,275407,2,2.0,-5.0,0.0,0.0,0,1.0,1.0,0,0)
DispatchTrackball(-1,275425,2,-4.0,0.0,0.0,0.0,0,1.0,1.0,0,0)
DispatchTrackball(-1,275431,2,3.0,-5.0,0.0,0.0,0,1.0,1.0,0,0)
DispatchTrackball(-1,275437,2,-5.0,3.0,0.0,0.0,0,1.0,1.0,0,0)
DispatchKey(275707,275707,1,82,0,0,-1,0)
LaunchActivity(com.smorgasbork.hotdeath,com.smorgasbork.hotdeath.Main)
DispatchKey(276231,276231,0,39,0,0,-1,0)
DispatchKey(278574,278574,1,39,0,0,-1,0)
DispatchKey(278623,278623,0,5,0,0,-1,0)
DispatchKey(278640,278640,1,5,0,0,-1,0)
DispatchKey(278755,278755,0,20,0,0,-1,0)
DispatchKey(278993,278993,1,20,0,0,-1,0)
DispatchKey(279137,279137,0,21,0,0,-1,0)
DispatchKey(279249,279249,1,21,0,0,-1,0)
DispatchKey(279437,279437,0,22,0,0,-1,0)
DispatchKey(279468,279468,1,22,0,0,-1,0)
DispatchKey(279509,279509,0,23,0,0,-1,0)
DispatchKey(279529,279529,1,23,0,0,-1,0)
DispatchPointer(279568,279568,0,260.0,490.0,0.0,0.0,0,1.0,1.0,0,0)
DispatchPointer(279568,279595,1,259.06897,482.08014,0.0,0.0,0,1.0,1.0,0,0)
DispatchPointer(279629,279629,0,160.0,139.0,0.0,0.0,0,1.0,1.0,0,0)
DispatchPointer(279629,279653,2,166.61093,145.88925,0.0,0.0,0,1.0,1.0,0,0)
DispatchPointer(279629,279678,1,169.1042,150.82428,0.0,0.0,0,1.0,1.0,0,0)
DispatchPointer(279771,279772,0,54.0,251.0,0.0,0.0,0,1.0,1.0,0,0)
DispatchPointer(279771,279788,1,49.6076,254.30789,0.0,0.0,0,1.0,1.0,0,0)
DispatchKey(279827,279827,0,49,0,0,-1,0)
DispatchKey(279874,279874,1,49,0,0,-1,0)
DispatchKey(279986,279986,0,23,0,0,-1,0)
DispatchKey(280042,280042,1,23,0,0,-1,0)
DispatchKey(280064,280064,0,22,0,0,-1,0)
DispatchKey(280554,280554,1,22,0,0,-1,0)
LaunchActivity(com.smorgasbork.hotdeath,com.smorgasbork.hotdeath.Main)
DispatchPointer(280656,280657,0,231.0,166.0,0.0,0.0,0,1.0,1.0,0,0)
DispatchPointer(280656,280697,261,246.11143,176.75378,0.0,0.0,0,1.0,1.0,0,0)
DispatchPointer(280656,280706,2,248.39166,192.61539,0.0,0.0,0,1.0,1.0,0,0)
DispatchPointer(280656,280725,2,261.07788,207.74173,0.0,0.0,0,1.0,1.0,0,0)
DispatchPointer(280656,280743,2,270.1455,210.52362,0.0,0.0,0,1.0,1.0,0,0)
DispatchPointer(280656,280752,262,278.60168,220.30397,0.0,0.0,0,1.0,1.0,0,0)
DispatchPointer(280656,280763,1,285.95267,235.35666,0.0,0.0,0,1.0,1.0,0,0)
DispatchPointer(280800,280811,0,127.0,395.0,0.0,0.0,0,1.0,1.0,0,0)
DispatchPointer(280800,280828,1,131.73946,398.97293,0.0,0.0,0,1.0,1.0,0,0)
LaunchActivity(com.smorgasbork.hotdeath,com.smorgasbork.hotdeath.Main)
DispatchPointer(280904,280905,0,35.0,158.0,0.0,0.0,0,1.0,1.0,0,0)
DispatchPointer(280904,280936,2,33.63508,158.75282,0.0,0.0,0,1.0,1.0,0,0)
DispatchPointer(280904,280971,2,29.668907,161.64859,0.0,0.0,0,1.0,1.0,0,0)
DispatchPointer(280904,281014,2,25.169155,164.60814,0.0,0.0,0,1.0,1.0,0,0)
DispatchPointer(280904,281041,2,18.394266,165.33438,0.0,0.0,0,1.0,1.0,0,0)
DispatchPointer(280904,281061,2,17.997374,168.59927,0.0,0.0,0,1.0,1.0,0,0)
DispatchPointer(280904,281081,2,10.625778,171.98666,0.0,0.0,0,1.0,1.0,0,0)
DispatchPointer(280904,281095,2,4.324195,174.54225,0.0,0.0,0,1.0,1.0,0,0)
DispatchPointer(280904,281116,2,0.0,177.39258,0.0,0.0,0,1.0,1.0,0,0)
DispatchPointer(280904,281128,2,0.0,179.9207,0.0,0.0,0,1.0,1.0,0,0)
DispatchPointer(280904,281155,1,0.0,180.5732,0.0,0.0,0,1.0,1.0,0,0)
DispatchPointer(281185,281186,0,224.0,445.0,0.0,0.0,0,1.0,1.0,0,0)
DispatchPointer(281185,281324,2,228.4856,447.53702,0.0,0.0,0,1.0,1.0,0,0)
DispatchPointer(281185,281438,2,232.51294,451.8388,0.0,0.0,0,1.0,1.0,0,0)
DispatchPointer(281185,281446,2,232.83458,453.7901,0.0,0.0,0,1.0,1.0,0,0)
DispatchPointer(281185,281455,2,235.64496,456.32867,0.0,0.0,0,1.0,1.0,0,0)
DispatchPointer(281185,281508,2,239.0863,460.7213,0.0,0.0,0,1.0,1.0,0,0)
DispatchPointer(281185,281516,2,240.111,463.12756,0.0,0.0,0,1.0,1.0,0,0)
DispatchPointer(281185,281524,2,240.4963,463.68826,0.0,0.0,0,1.0,1.0,0,0)
DispatchPointer(281185,281540,1,243.8207,467.25888,0.0,0.0,0,1.0,1.0,0,0)
DispatchKey(281569,281569,0,19,0,0,-1,0)
DispatchKey(281993,281993,1,19,0,0,-1,0)
DispatchPointer(282103,282103,0,27.0,484.0,0.0,0.0,0,1.0,1.0,0,0)
DispatchPointer(282103,282136,2,35.266014,485.13074,0.0,0.0,0,1.0,1.0,0,0)
DispatchPointer(282103,282148,1,45.3462,485.82788,0.0,0.0,0,1.0,1.0,0,0)
DispatchKey(282202,282202,0,22,0,0,-1,0)
DispatchKey(282229,282229,1,22,0,0,-1,0)
DispatchKey(282267,282267,0,19,0,0,-1,0)
DispatchKey(282379,282379,1,19,0,0,-1,0)
LaunchActivity(com.smorgasbork.hotdeath,com.smorgasbork.hotdeath.Main)
DispatchKey(282464,282464,0,4,0,0,-1,0)
DispatchKey(282508,282508,1,4,0,0,-1,0)
DispatchTrackball(-1,282544,2,-1.0,-2.0,0.0,0.0,0,1.0,1.0,0,0)
DispatchTrackball(-1,282571,2,1.0,-3.0,0.0,0.0,0,1.0,1.0,0,0)
DispatchTrackball(-1,282620,2,-1.0,2.0,0.0,0.0,0,1.0,1.0,0,0)
DispatchTrackball(-1,282651,2,0.0,1.0,0.0,0.0,0,1.0,1.0,0,0)
DispatchTrackball(-1,282670,2,1.0,0.0,0.0,0.0,0,1.0,1.0,0,0)
DispatchTrackball(-1,282758,2,4.0,-3.0,0.0,0.0,0,1.0,1.0,0,0)
DispatchTrackball(-1,282766,2,2.0,-5.0,0.0,0.0,0,1.0,1.0,0,0)
DispatchTrackball(-1,282782,2,-4.0,-3.0,0.0,0.0,0,1.0,1.0,0,0)
DispatchTrackball(-1,282852,2,0.0,-3.0,0.0,0.0,0,1.0,1.0,0,0)
DispatchTrackball(-1,282901,2,-3.0,2.0,0.0,0.0,0,1.0,1.0,0,0)
DispatchKey(282912,282912,0,21,0,0,-1,0)
DispatchKey(283309,283309,1,21,0,0,-1,0)
LaunchActivity(com.smorgasbork.hotdeath,com.smorgasbork.hotdeath.Main)
DispatchKey(283431,283431,0,23,0,0,-1,0)
DispatchKey(283462,283462,1,23,0,0,-1,0)
DispatchTrackball(-1,283490,2,-3.0,-3.0,0.0,0.0,0,1.0,1.0,0,0)
DispatchTrackball(-1,283516,2,-5.0,1.0,0.0,0.0,0,1.0,1.0,0,0)
DispatchTrackball(-1,283546,2,2.0,-3.0,0.0,0.0,0,1.0,1.0,0,0)
DispatchTrackball(-1,283560,2,0.0,-5.0,0.0,0.0,0,1.0,1.0,0,0)
DispatchTrackball(-1,283568,2,-3.0,-4.0,0.0,0.0,0,1.0,1.0,0,0)
DispatchTrackball(-1,283578,2,1.0,-2.0,0.0,0.0,0,1.0,1.0,0,0)
DispatchTrackball(-1,283585,2,1.0,-1.0,0.0,0.0,0,1.0,1.0,0,0)
DispatchTrackball(-1,283626,2,-4.0,0.0,0.0,0.0,0,1.0,1.0,0,0)
DispatchTrackball(-1,288203,2,-4.0,2.0,0.0,0.0,0,1.0,1.0,0,0)
DispatchTrackball(-1,288223,2,2.0,2.0,0.0,0.0,0,1.0,1.0,0,0)
DispatchKey(288232,288232,0,22,0,0,-1,0)
DispatchKey(289165,289165,1,22,0,0,-1,0)
DispatchTrackball(-1,289287,2,-5.0,1.0,0.0,0.0,0,1.0,1.0,0,0)
DispatchTrackball(-1,289307,2,-1.0,-3.0,0.0,0.0,0,1.0,1.0,0,0)
DispatchTrackball(-1,289333,2,-5.0,4.0,0.0,0.0,0,1.0,1.0,0,0)
DispatchTrackball(-1,289342,2,4.0,-3.0,0.0,0.0,0,1.0,1.0,0,0)
DispatchTrackball(-1,289350,2,0.0,-1.0,0.0,0.0,0,1.0,1.0,0,0)
DispatchTrackball(-1,289368,2,0.0,-2.0,0.0,0.0,0,1.0,1.0,0,0)
DispatchTrackball(-1,289378,2,-3.0,0.0,0.0,0.0,0,1.0,1.0,0,0)
DispatchTrackball(-1,289384,2,4.0,-1.0,0.0,0.0,0,1.0,1.0,0,0)
DispatchTrackball(-1,289392,2,-4.0,4.0,0.0,0.0,0,1.0,1.0,0,0)
DispatchTrackball(-1,289406,2,-3.0,0.0,0.0,0.0,0,1.0,1.0,0,0)
DispatchKey(289418,289418,0,82,0,0,-1,0)
DispatchKey(289637,289637,1,82,0,0,-1,0)
DispatchTrackball(-1,289775,2,4.0,4.0,0.0,0.0,0,1.0,1.0,0,0)
DispatchTrackball(-1,289806,2,2.0,0.0,0.0,0.0,0,1.0,1.0,0,0)
DispatchTrackball(-1,289831,2,2.0,3.0,0.0,0.0,0,1.0,1.0,0,0)
DispatchTrackball(-1,289839,2,2.0,-5.0,0.0,0.0,0,1.0,1.0,0,0)
DispatchTrackball(-1,289886,2,1.0,-4.0,0.0,0.0,0,1.0,1.0,0,0)
DispatchTrackball(-1,289939,2,3.0,4.0,0.0,0.0,0,1.0,1.0,0,0)
DispatchTrackball(-1,289955,2,-5.0,1.0,0.0,0.0,0,1.0,1.0,0,0)
DispatchTrackball(-1,290032,2,4.0,-4.0,0.0,0.0,0,1.0,1.0,0,0)
DispatchTrackball(-1,290101,2,2.0,-1.0,0.0,0.0,0,1.0,1.0,0,0)
DispatchTrackball(-1,290108,2,2.0,4.0,0.0,0.0,0,1.0,1.0,0,0)
DispatchTrackball(289775,290144,0,0.0,0.0,0.0,0.0,0,1.0,1.0,0,0)
DispatchTrackball(289775,290158,1,0.0,0.0,0.0,0.0,0,1.0,1.0,0,0)
DispatchPointer(290189,290200,0,63.0,462.0,0.0,0.0,0,1.0,1.0,0,0)
DispatchPointer(290189,290216,1,57.57312,470.00012,0.0,0.0,0,1.0,1.0,0,0)
DispatchKey(290258,290258,0,21,0,0,-1,0)
DispatchKey(290552,290552,1,21,0,0,-1,0)
DispatchTrackball(-1,290671,2,-4.0,-1.0,0.0,0.0,0,1.0,1.0,0,0)
DispatchTrackball(-1,290709,2,-2.0,-4.0,0.0,0.0,0,1.0,1.0,0,0)
DispatchTrackball(-1,290760,2,-1.0,-5.0,0.0,0.0,0,1.0,1.0,0,0)
DispatchTrackball(-1,290778,2,-5.0,3.0,0.0,0.0,0,1.0,1.0,0,0)
DispatchTrackball(-1,290786,2,4.0,3.0,0.0,0.0,0,1.0,1.0,0,0)
DispatchTrackball(-1,290804,2,-2.0,-3.0,0.0,0.0,0,1.0,1.0,0,0)
DispatchTrackball(-1,290818,2,-3.0,1.0,0.0,0.0,0,1.0,1.0,0,0)
DispatchTrackball(-1,290827,2,-3.0,4.0,0.0,0.0,0,1.0,1.0,0,0)
DispatchTrackball(-1,290843,2,0.0,1.0,0.0,0.0,0,1.0,1.0,0,0)
DispatchTrackball(-1,290864,2,1.0,0.0,0.0,0.0,0,1.0,1.0,0,0)
DispatchTrackball(-1,290884,2,-1.0,2.0,0.0,0.0,0,1.0,1.0,0,0)
DispatchTrackball(-1,290898,2,-5.0,-1.0,0.0,0.0,0,1.0,1.0,0,0)
DispatchTrackball(-1,290949,2,3.0,-2.0,0.0,0.0,0,1.0,1.0,0,0)
DispatchTrackball(-1,290967,2,3.0,-3.0,0.0,0.0,0,1.0,1.0,0,0)
DispatchTrackball(-1,290974,2,0.0,3.0,0.0,0.0,0,1.0,1.0,0,0)
DispatchTrackball(-1,290979,2,3.0,1.0,0.0,0.0,0,1.0,1.0,0,0)
DispatchTrackball(-1,290986,2,3.0,-1.0,0.0,0.0,0,1.0,1.0,0,0)
DispatchTrackball(-1,290991,2,1.0,-3.0,0.0,0.0,0,1.0,1.0,0,0)
DispatchTrackball(-1,290997,2,-5.0,-1.0,0.0,0.0,0,1.0,1.0,0,0)
DispatchTrackball(-1,291013,2,-3.0,1.0,0.0,0.0,0,1.0,1.0,0,0)
DispatchKey(291020,291020,0,210,0,0,-1,0)
DispatchKey(291057,291057,1,210,0,0,-1,0)
DispatchPointer(291340,291351,0,277.0,695.0,0.0,0.0,0,1.0,1.0,0,0)
DispatchPointer(291340,291372,1,275.71368,697.4251,0.0,0.0,0,1.0,1.0,0,0)
DispatchKey(291396,291396,0,20,0,0,-1,0)
DispatchKey(291647,291647,1,20,0,0,-1,0)
DispatchKey(291700,291700,0,23,0,0,-1,0)
DispatchKey(291723,291723,1,23,0,0,-1,0)
DispatchKey(291857,291857,0,21,0,0,-1,0)
DispatchKey(291891,291891,1,21,0,0,-1,0)
LaunchActivity(com.smorgasbork.hotdeath,com.smorgasbork.hotdeath.Main)
DispatchTrackball(-1,292011,2,0.0,-3.0,0.0,0.0,0,1.0,1.0,0,0)
DispatchTrackball(-1,292040,2,-5.0,-3.0,0.0,0.0,0,1.0,1.0,0,0)
DispatchTrackball(-1,292048,2,-2.0,-3.0,0.0,0.0,0,1.0,1.0,0,0)
DispatchTrackball(-1,292077,2,-1.0,1.0,0.0,0.0,0,1.0,1.0,0,0)
DispatchTrackball(-1,292099,2,-3.0,0.0,0.0,0.0,0,1.0,1.0,0,0)
DispatchTrackball(-1,292362,2,-2.0,-2.0,0.0,0.0,0,1.0,1.0,0,0)
DispatchTrackball(-1,292380,2,2.0,4.0,0.0,0.0,0,1.0,1.0,0,0)
DispatchTrackball(-1,292394,2,0.0,-4.0,0.0,0.0,0,1.0,1.0,0,0)
DispatchTrackball(-1,292458,2,1.0,0.0,0.0,0.0,0,1.0,1.0,0,0)
DispatchTrackball(-1,292532,2,0.0,-3.0,0.0,0.0,0,1.0,1.0,0,0)
DispatchKey(292858,292858,0,19,0,0,-1,0)
DispatchKey(292936,292936,1,19,0,0,-1,0)
DispatchPointer(292964,292965,0,203.0,499.0,0.0,0.0,0,1.0,1.0,0,0)
DispatchPointer(292964,292987,1,202.86589,505.0588,0.0,0.0,0,1.0,1.0,0,0)
DispatchKey(293025,293025,0,21,0,0,-1,0)
DispatchKey(293076,293076,1,21,0,0,-1,0)
DispatchPointer(293120,293120,0,219.0,656.0,0.0,0.0,0,1.0,1.0,0,0)
DispatchPointer(293120,293166,1,218.07355,655.8819,0.0,0.0,0,1.0,1.0,0,0)
DispatchPointer(293222,293222,0,128.0,5.0,0.0,0.0,0,1.0,1.0,0,0)
DispatchPointer(293222,293261,1,145.0673,14.486827,0.0,0.0,0,1.0,1.0,0,0)
DispatchKey(293309,293309,0,23,0,0,-1,0)
DispatchKey(293319,293319,1,23,0,0,-1,0)
DispatchKey(293436,293436,0,21,0,0,-1,0)
DispatchKey(293457,293457,1,21,0,0,-1,0)
DispatchKey(293520,293520,0,20,0,0,-1,0)
DispatchKey(293535,293535,1,20,0,0,-1,0)
DispatchKey(293552,293552,0,19,0,0,-1,0)
DispatchKey(293569,293569,1,19,0,0,-1,0)
DispatchKey(293585,293585,0,162,0,0,-1,0)
DispatchKey(293629,293629,1,162,0,0,-1,0)
DispatchKey(293724,293724,0,78,0,0,-1,0)
DispatchKey(293735,293735,1,78,0,0,-1,0)
DispatchPointer(293769,293781,0,291.0,692.0,0.0,0.0,0,1.0,1.0,0,0)
DispatchPointer(293769,293816,2,280.50266,676.10693,0.0,0.0,0,1.0,1.0,0,0)
DispatchPointer(293769,293840,2,280.06854,672.1113,0.0,0.0,0,1.0,1.0,0,0)
DispatchPointer(293769,293848,2,271.14697,664.7988,0.0,0.0,0,1.0,1.0,0,0)
DispatchPointer(293769,293869,2,258.00977,656.4269,0.0,0.0,0,1.0,1.0,0,0)
DispatchPointer(293769,293901,2,248.12192,640.0806,0.0,0.0,0,1.0,1.0,0,0)
DispatchPointer(293769,293921,1,247.13834,633.6228,0.0,0.0,0,1.0,1.0,0,0)
DispatchKey(293952,293952,0,21,0,0,-1,0)
DispatchKey(294372,294372,1,21,0,0,-1,0)
DispatchKey(294572,294572,0,82,0,0,-1,0)
DispatchKey(294611,294611,1,82,0,0,-1,0)
DispatchPointer(294812,294812,0,62.0,671.0,0.0,0.0,0,1.0,1.0,0,0)
DispatchPointer(294812,294857,1,62.357727,664.40515,0.0,0.0,0,1.0,1.0,0,0)
DispatchKey(294895,294895,0,23,0,0,-1,0)
DispatchKey(294908,294908,1,23,0,0,-1,0)
DispatchKey(294952,294952,0,19,0,0,-1,0)
DispatchKey(295048,295048,1,19,0,0,-1,0)
DispatchKey(295074,295074,0,22,0,0,-1,0)
DispatchKey(295115,295115,1,22,0,0,-1,0)
DispatchKey(295161,295161,0,82,0,0,-1,0)
DispatchKey(295182,295182,1,82,0,0,-1,0)
DispatchFlip(false)
DispatchKey(295411,295411,0,23,0,0,-1,0)
DispatchKey(295515,295515,1,23,0,0,-1,0)
DispatchPointer(295573,295573,0,146.0,332.0,0.0,0.0,0,1.0,1.0,0,0)
DispatchPointer(295573,295597,1,149.8318,339.25806,0.0,0.0,0,1.0,1.0,0,0)
DispatchKey(295626,295626,0,23,0,0,-1,0)
DispatchKey(296418,296418,1,23,0,0,-1,0)
DispatchTrackball(-1,296459,2,3.0,-4.0,0.0,0.0,0,1.0,1.0,0,0)
DispatchTrackball(-1,296565,2,2.0,-1.0,0.0,0.0,0,1.0,1.0,0,0)
DispatchTrackball(-1,296597,2,-5.0,-5.0,0.0,0.0,0,1.0,1.0,0,0)
DispatchTrackball(-1,296607,2,3.0,-1.0,0.0,0.0,0,1.0,1.0,0,0)
DispatchTrackball(-1,296618,2,-3.0,-3.0,0.0,0.0,0,1.0,1.0,0,0)
DispatchTrackball(-1,296626,2,-1.0,-4.0,0.0,0.0,0,1.0,1.0,0,0)
DispatchTrackball(-1,296645,2,0.0,0.0,0.0,0.0,0,1.0,1.0,0,0)
DispatchTrackball(-1,296659,2,1.0,3.0,0.0,0.0,0,1.0,1.0,0,0)
DispatchTrackball(-1,296710,2,0.0,4.0,0.0,0.0,0,1.0,1.0,0,0)
DispatchTrackball(-1,296798,2,-1.0,-2.0,0.0,0.0,0,1.0,1.0,0,0)
DispatchTrackball(296459,296919,0,0.0,0.0,0.0,0.0,0,1.0,1.0,0,0)
DispatchTrackball(296459,296948,1,0.0,0.0,0.0,0.0,0,1.0,1.0,0,0)
DispatchPointer(296976,296980,0,295.0,519.0,0.0,0.0,0,1.0,1.0,0,0)
DispatchPointer(296976,297019,2,294.14197,514.8444,0.0,0.0,0,1.0,1.0,0,0)
DispatchPointer(296976,297042,2,293.17596,514.7181,0.0,0.0,0,1.0,1.0,0,0)
DispatchPointer(296976,297064,2,291.53094,509.5597,0.0,0.0,0,1.0,1.0,0,0)
DispatchPointer(296976,297073,2,291.1418,508.06393,0.0,0.0,0,1.0,1.0,0,0)
DispatchPointer(296976,297230,2,289.83905,506.47757,0.0,0.0,0,1.0,1.0,0,0)
DispatchPointer(296976,297260,1,289.565,502.38596,0.0,0.0,0,1.0,1.0,0,0)
DispatchTrackball(-1,297289,2,-4.0,3.0,0.0,0.0,0,1.0,1.0,0,0)
DispatchTrackball(-1,297318,2,-5.0,3.0,0.0,0.0,0,1.0,1.0,0,0)
DispatchTrackball(-1,297367,2,4.0,0.0,0.0,0.0,0,1.0,1.0,0,0)
DispatchTrackball(-1,297376,2,-4.0,-2.0,0.0,0.0,0,1.0,1.0,0,0)
DispatchTrackball(-1,297393,2,0.0,-1.0,0.0,0.0,0,1.0,1.0,0,0)
DispatchTrackball(-1,297399,2,-4.0,-2.0,0.0,0.0,0,1.0,1.0,0,0)
DispatchTrackball(-1,297419,2,4.0,-1.0,0.0,0.0,0,1.0,1.0,0,0)
DispatchTrackball(-1,297428,2,0.0,4.0,0.0,0.0,0,1.0,1.0,0,0)
DispatchTrackball(-1,297436,2,-5.0,0.0,0.0,0.0,0,1.0,1.0,0,0)
DispatchTrackball(-1,297454,2,-5.0,3.0,0.0,0.0,0,1.0,1.0,0,0)
DispatchKey(297469,297469,0,23,0,0,-1,0)
DispatchKey(297797,297797,1,23,0,0,-1,0)
DispatchPointer(297997,297997,0,158.0,416.0,0.0,0.0,0,1.0,1.0,0,0)
DispatchPointer(297997,298017,2,171.51775,413.5571,0.0,0.0,0,1.0,1.0,0,0)
DispatchPointer(297997,298039,2,181.36473,412.50797,0.0,0.0,0,1.0,1.0,0,0)
DispatchPointer(297997,298091,1,187.68823,412.34842,0.0,0.0,0,1.0,1.0,0,0)
DispatchFlip(true)
DispatchKey(298171,298171,0,82,0,0,-1,0)
DispatchKey(298379,298379,1,82,0,0,-1,0)
DispatchKey(298427,298427,0,22,0,0,-1,0)
DispatchKey(298589,298589,1,22,0,0,-1,0)
DispatchKey(298621,298621,0,21,0,0,-1,0)
DispatchKey(298631,298631,1,21,0,0,-1,0)
DispatchTrackball(-1,299502,2,0.0,1.0,0.0,0.0,0,1.0,1.0,0,0)
DispatchTrackball(-1,299536,2,1.0,1.0,0.0,0.0,0,1.0,1.0,0,0)
DispatchTrackball(-1,299546,2,-5.0,-1.0,0.0,0.0,0,1.0,1.0,0,0)
DispatchTrackball(-1,299554,2,2.0,2.0,0.0,0.0,0,1.0,1.0,0,0)
DispatchTrackball(-1,299560,2,-1.0,2.0,0.0,0.0,0,1.0,1.0,0,0)
DispatchTrackball(-1,299580,2,3.0,4.0,0.0,0.0,0,1.0,1.0,0,0)
DispatchTrackball(-1,299594,2,2.0,1.0,0.0,0.0,0,1.0,1.0,0,0)
DispatchTrackball(-1,299620,2,3.0,-3.0,0.0,0.0,0,1.0,1.0,0,0)
DispatchTrackball(-1,299628,2,-1.0,-5.0,0.0,0.0,0,1.0,1.0,0,0)
DispatchTrackball(-1,299635,2,1.0,-2.0,0.0,0.0,0,1.0,1.0,0,0)
DispatchKey(299652,299652,0,20,0,0,-1,0)
DispatchKey(302301,302301,1,20,0,0,-1,0)
DispatchPointer(302373,302374,0,74.0,550.0,0.0,0.0,0,1.0,1.0,0,0)
DispatchPointer(302373,302408,1,57.50742,552.54297,0.0,0.0,0,1.0,1.0,0,0)
DispatchTrackball(-1,302434,2,-5.0,4.0,0.0,0.0,0,1.0,1.0,0,0)
DispatchTrackball(-1,302455,2,3.0,-1.0,0.0,0.0,0,1.0,1.0,0,0)
DispatchTrackball(-1,302464,2,-1.0,-4.0,0.0,0.0,0,1.0,1.0,0,0)
DispatchTrackball(-1,302521,2,-1.0,2.0,0.0,0.0,0,1.0,1.0,0,0)
DispatchTrackball(-1,302529,2,-4.0,2.0,0.0,0.0,0,1.0,1.0,0,0)
DispatchTrackball(-1,302612,2,-3.0,-2.0,0.0,0.0,0,1.0,1.0,0,0)
DispatchTrackball(-1,302625,2,0.0,1.0,0.0,0.0,0,1.0,1.0,0,0)
DispatchTrackball(-1,302647,2,-2.0,2.0,0.0,0.0,0,1.0,1.0,0,0)
DispatchTrackball(-1,302654,2,-4.0,0.0,0.0,0.0,0,1.0,1.0,0,0)
DispatchTrackball(-1,302670,2,1.0,1.0,0.0,0.0,0,1.0,1.0,0,0)
DispatchKey(302679,302679,0,23,0,0,-1,0)
DispatchKey(303287,303287,1,23,0,0,-1,0)
DispatchTrackball(-1,303334,2,2.0,4.0,0.0,0.0,0,1.0,1.0,0,0)
DispatchTrackball(-1,303349,2,-4.0,-1.0,0.0,0.0,0,1.0,1.0,0,0)
DispatchTrackball(-1,303386,2,4.0,1.0,0.0,0.0,0,1.0,1.0,0,0)
DispatchTrackball(-1,303394,2,-2.0,-2.0,0.0,0.0,0,1.0,1.0,0,0)
DispatchTrackball(-1,303428,2,2.0,4.0,0.0,0.0,0,1.0,1.0,0,0)
DispatchTrackball(-1,303444,2,1.0,0.0,0.0,0.0,0,1.0,1.0,0,0)
DispatchTrackball(-1,303451,2,-5.0,4.0,0.0,0.0,0,1.0,1.0,0,0)
DispatchTrackball(-1,303459,2,-5.0,0.0,0.0,0.0,0,1.0,1.0,0,0)
DispatchTrackball(-1,303478,2,2.0,-4.0,0.0,0.0,0,1.0,1.0,0,0)
DispatchTrackball(-1,303496,2,0.0,1.0,0.0,0.0,0,1.0,1.0,0,0)
DispatchTrackball(-1,303505,2,2.0,2.0,0.0,0.0,0,1.0,1.0,0,0)
DispatchTrackball(-1,303531,2,4.0,-4.0,0.0,0.0,0,1.0,1.0,0,0)
DispatchTrackball(-1,303550,2,2.0,-3.0,0.0,0.0,0,1.0,1.0,0,0)
DispatchTrackball(-1,303571,2,-1.0,0.0,0.0,0.0,0,1.0,1.0,0,0)
DispatchTrackball(-1,303578,2,3.0,1.0,0.0,0.0,0,1.0,1.0,0,0)
DispatchTrackball(-1,303598,2,4.0,-2.0,0.0,0.0,0,1.0,1.0,0,0)
DispatchTrackball(-1,303606,2,-4.0,-3.0,0.0,0.0,0,1.0,1.0,0,0)
DispatchTrackball(-1,303616,2,-1.0,1.0,0.0,0.0,0,1.0,1.0,0,0)
DispatchTrackball(-1,303633,2,-2.0,-1.0,0.0,0.0,0,1.0,1.0,0,0)
DispatchTrackball(-1,303640,2,0.0,-3.0,0.0,0.0,0,1.0,1.0,0,0)
DispatchKey(303655,303655,0,22,0,0,-1,0)
DispatchKey(303826,303826,1,22,0,0,-1,0)
DispatchKey(303937,303937,0,20,0,0,-1,0)
DispatchKey(304002,304002,1,20,0,0,-1,0)
DispatchKey(304113,304113,0,21,0,0,-1,0)
DispatchKey(304178,304178,1,21,0,0,-1,0)
DispatchPointer(304248,304249,0,112.0,140.0,0.0,0.0,0,1.0,1.0,0,0)
DispatchPointer(304248,304306,261,94.672455,141.23875,0.0,0.0,0,1.0,1.0,0,0)
DispatchPointer(304248,304327,2,82.5776,141.63002,0.0,0.0,0,1.0,1.0,0,0)
DispatchPointer(304248,304336,2,75.89002,142.64499,0.0,0.0,0,1.0,1.0,0,0)
DispatchPointer(304248,304356,2,59.79591,142.98398,0.0,0.0,0,1.0,1.0,0,0)
DispatchPointer(304248,304364,2,50.50995,144.30513,0.0,0.0,0,1.0,1.0,0,0)
DispatchPointer(304248,304376,2,41.47383,145.45847,0.0,0.0,0,1.0,1.0,0,0)
DispatchPointer(304248,304421,2,40.363976,146.76819,0.0,0.0,0,1.0,1.0,0,0)
DispatchPointer(304248,304437,2,29.167616,148.29684,0.0,0.0,0,1.0,1.0,0,0)
DispatchPointer(304248,304444,2,12.01449,149.97429,0.0,0.0,0,1.0,1.0,0,0)
DispatchPointer(304248,304466,262,0.23498249,150.18024,0.0,0.0,0,1.0,1.0,0,0)
DispatchPointer(304248,304484,1,0.0,151.42163,0.0,0.0,0,1.0,1.0,0,0)
DispatchKey(305332,305332,0,82,0,0,-1,0)
DispatchKey(305379,305379,1,82,0,0,-1,0)
DispatchTrackball(-1,305433,2,2.0,-1.0,0.0,0.0,0,1.0,1.0,0,0)
DispatchTrackball(-1,305460,2,-5.0,4.0,0.0,0.0,0,1.0,1.0,0,0)
DispatchTrackball(-1,305478,2,3.0,3.0,0.0,0.0,0,1.0,1.0,0,0)
DispatchTrackball(-1,305536,2,-2.0,-3.0,0.0,0.0,0,1.0,1.0,0,0)
DispatchTrackball(-1,305545,2,-4.0,-5.0,0.0,0.0,0,1.0,1.0,0,0)
DispatchTrackball(-1,305555,2,-4.0,2.0,0.0,0.0,0,1.0,1.0,0,0)
DispatchTrackball(-1,305573,2,-2.0,0.0,0.0,0.0,0,1.0,1.0,0,0)
DispatchTrackball(-1,305615,2,-4.0,-5.0,0.0,0.0,0,1.0,1.0,0,0)
DispatchTrackball(-1,305633,2,0.0,1.0,0.0,0.0,0,1.0,1.0,0,0)
DispatchTrackball(-1,305647,2,-4.0,0.0,0.0,0.0,0,1.0,1.0,0,0)
DispatchPointer(305694,305694,0,446.0,627.0,0.0,0.0,0,1.0,1.0,0,0)
DispatchPointer(305694,305716,1,444.7034,626.14355,0.0,0.0,0,1.0,1.0,0,0)
DispatchKey(305735,305735,0,82,0,0,-1,0)
DispatchKey(305813,305813,1,82,0,0,-1,0)
DispatchPointer(305838,305838,0,81.0,748.0,0.0,0.0,0,1.0,1.0,0,0)
DispatchPointer(305838,305850,1,79.24238,753.1219,0.0,0.0,0,1.0,1.0,0,0)
DispatchPointer(305915,305916,0,236.0,99.0,0.0,0.0,0,1.0,1.0,0,0)
DispatchPointer(305915,305955,1,234.97827,102.72105,0.0,0.0,0,1.0,1.0,0,0)
DispatchKey(306005,306005,0,82,0,0,-1,0)
DispatchKey(306074,306074,1,82,0,0,-1,0)
DispatchTrackball(-1,306301,2,4.0,2.0,0.0,0.0,0,1.0,1.0,0,0)
