type= raw events
count= -1
speed= 1.0
start data >>
DispatchKey(386046,386046,0,9,0,0,-1,0)
DispatchKey(388603,388603,1,9,0,0,-1,0)
DispatchPointer(388688,388700,0,139.0,202.0,0.0,0.0,0,1.0,1.0,0,0)
DispatchPointer(388688,388740,2,137.99142,199.29662,0.0,0.0,0,1.0,1.0,0,0)
DispatchPointer(388688,388773,2,137.23137,199.07779,0.0,0.0,0,1.0,1.0,0,0)
DispatchPointer(388688,388792,2,136.43068,198.37831,0.0,0.0,0,1.0,1.0,0,0)
DispatchPointer(388688,388812,2,135.42043,197.69073,0.0,0.0,0,1.0,1.0,0,0)
DispatchPointer(388688,388820,1,134.48756,193.29558,0.0,0.0,0,1.0,1.0,0,0)
DispatchTrackball(-1,388858,2,-1.0,-3.0,0.0,0.0,0,1.0,1.0,0,0)
DispatchTrackball(-1,388899,2,-2.0,-4.0,0.0,0.0,0,1.0,1.0,0,0)
DispatchTrackball(-1,388915,2,-1.0,3.0,0.0,0.0,0,1.0,1.0,0,0)
DispatchTrackball(-1,388938,2,-2.0,-4.0,0.0,0.0,0,1.0,1.0,0,0)
DispatchTrackball(-1,388965,2,2.0,3.0,0.0,0.0,0,1.0,1.0,0,0)
DispatchTrackball(-1,388972,2,-4.0,0.0,0.0,0.0,0,1.0,1.0,0,0)
DispatchTrackball(-1,388977,2,0.0,2.0,0.0,0.0,0,1.0,1.0,0,0)
DispatchTrackball(-1,388989,2,0.0,-5.0,0.0,0.0,0,1.0,1.0,0,0)
DispatchTrackball(-1,389001,2,-3.0,-2.0,0.0,0.0,0,1.0,1.0,0,0)
DispatchTrackball(-1,389029,2,0.0,-2.0,0.0,0.0,0,1.0,1.0,0,0)
DispatchKey(389046,389046,0,21,0,0,-1,0)
DispatchKey(389575,389575,1,21,0,0,-1,0)
DispatchKey(389598,389598,0,20,0,0,-1,0)
DispatchKey(389613,389613,1,20,0,0,-1,0)
DispatchKey(389658,389658,0,22,0,0,-1,0)
DispatchKey(389799,389799,1,22,0,0,-1,0)
DispatchKey(389838,389838,0,20,0,0,-1,0)
DispatchKey(389849,389849,1,20,0,0,-1,0)
DispatchKey(389917,389917,0,82,0,0,-1,0)
DispatchKey(389989,389989,1,82,0,0,-1,0)
DispatchKey(390026,390026,0,23,0,0,-1,0)
DispatchKey(390118,390118,1,23,0,0,-1,0)
LaunchActivity(com.smorgasbork.hotdeath,com.smorgasbork.hotdeath.Main)
DispatchKey(390184,390184,0,82,0,0,-1,0)
DispatchKey(390279,390279,1,82,0,0,-1,0)
DispatchPointer(390315,390315,0,273.0,357.0,0.0,0.0,0,1.0,1.0,0,0)
DispatchPointer(390315,390348,1,267.47046,356.98236,0.0,0.0,0,1.0,1.0,0,0)
DispatchTrackball(-1,390402,2,-2.0,-2.0,0.0,0.0,0,1.0,1.0,0,0)
DispatchTrackball(-1,390429,2,3.0,-3.0,0.0,0.0,0,1.0,1.0,0,0)
DispatchTrackball(-1,390456,2,2.0,-4.0,0.0,0.0,0,1.0,1.0,0,0)
DispatchTrackball(-1,390472,2,-2.0,1.0,0.0,0.0,0,1.0,1.0,0,0)
DispatchTrackball(-1,390480,2,-4.0,-1.0,0.0,0.0,0,1.0,1.0,0,0)
DispatchTrackball(-1,390497,2,-2.0,-5.0,0.0,0.0,0,1.0,1.0,0,0)
DispatchPointer(443808,443819,1,340.9797,203.72589,0.0,0.0,0,1.0,1.0,0,0)
DispatchTrackball(-1,446544,2,-2.0,-2.0,0.0,0.0,0,1.0,1.0,0,0)
DispatchKey(443908,443908,1,61,0,0,-1,0)
DispatchTrackball(-1,445411,2,-1.0,-3.0,0.0,0.0,0,1.0,1.0,0,0)
DispatchTrackball(-1,446512,2,-4.0,-3.0,0.0,0.0,0,1.0,1.0,0,0)
DispatchKey(444095,444095,0,129,0,0,-1,0)
DispatchTrackball(-1,470033,2,0.0,-2.0,0.0,0.0,0,1.0,1.0,0,0)
DispatchTrackball(-1,444234,2,0.0,3.0,0.0,0.0,0,1.0,1.0,0,0)
DispatchTrackball(-1,444277,2,4.0,-5.0,0.0,0.0,0,1.0,1.0,0,0)
DispatchTrackball(-1,444284,2,-4.0,-4.0,0.0,0.0,0,1.0,1.0,0,0)
DispatchPointer(469863,469888,1,437.28845,368.92468,0.0,0.0,0,1.0,1.0,0,0)
DispatchTrackball(-1,474840,2,-5.0,0.0,0.0,0.0,0,1.0,1.0,0,0)
DispatchPointer(442479,442613,2,146.99884,207.43654,0.0,0.0,0,1.0,1.0,0,0)
DispatchTrackball(-1,444354,2,2.0,1.0,0.0,0.0,0,1.0,1.0,0,0)
DispatchKey(468995,468995,0,82,0,0,-1,0)
DispatchPointer(470627,470627,0,411.0,115.0,0.0,0.0,0,1.0,1.0,0,0)
DispatchTrackball(-1,446518,2,-2.0,0.0,0.0,0.0,0,1.0,1.0,0,0)
DispatchPointer(442239,442338,2,189.03944,556.62585,0.0,0.0,0,1.0,1.0,0,0)
DispatchKey(444794,444794,1,5,0,0,-1,0)
DispatchTrackball(-1,448159,2,2.0,-2.0,0.0,0.0,0,1.0,1.0,0,0)
DispatchTrackball(-1,469972,2,3.0,1.0,0.0,0.0,0,1.0,1.0,0,0)
DispatchTrackball(-1,445305,2,3.0,-4.0,0.0,0.0,0,1.0,1.0,0,0)
DispatchPointer(443378,443443,2,286.80435,377.68604,0.0,0.0,0,1.0,1.0,0,0)
DispatchTrackball(-1,446459,2,2.0,-4.0,0.0,0.0,0,1.0,1.0,0,0)
DispatchTrackball(-1,445351,2,0.0,1.0,0.0,0.0,0,1.0,1.0,0,0)
DispatchTrackball(-1,445369,2,-4.0,0.0,0.0,0.0,0,1.0,1.0,0,0)
DispatchTrackball(-1,445376,2,-4.0,3.0,0.0,0.0,0,1.0,1.0,0,0)
DispatchPointer(446650,446854,1,149.14542,360.09073,0.0,0.0,0,1.0,1.0,0,0)
DispatchTrackball(-1,445390,2,-1.0,-4.0,0.0,0.0,0,1.0,1.0,0,0)
DispatchKey(444014,444014,0,21,0,0,-1,0)
DispatchKey(469754,469754,0,82,0,0,-1,0)
DispatchPointer(447300,447337,2,50.74767,398.81174,0.0,0.0,0,1.0,1.0,0,0)
DispatchKey(470302,470302,1,23,0,0,-1,0)
DispatchKey(443718,443718,1,89,0,0,-1,0)
DispatchKey(444135,444135,1,129,0,0,-1,0)
DispatchPointer(446650,446662,0,162.0,366.0,0.0,0.0,0,1.0,1.0,0,0)
DispatchKey(475715,475715,0,19,0,0,-1,0)
DispatchPointer(442479,442683,262,138.91637,226.0325,0.0,0.0,0,1.0,1.0,0,0)
DispatchTrackball(-1,446565,2,1.0,-4.0,0.0,0.0,0,1.0,1.0,0,0)
DispatchPointer(470627,470659,2,416.2739,117.17204,0.0,0.0,0,1.0,1.0,0,0)
DispatchPointer(475855,475901,1,184.69508,666.51135,0.0,0.0,0,1.0,1.0,0,0)
DispatchTrackball(-1,444309,2,-3.0,1.0,0.0,0.0,0,1.0,1.0,0,0)
DispatchTrackball(-1,447641,2,-5.0,2.0,0.0,0.0,0,1.0,1.0,0,0)
DispatchKey(469506,469506,1,22,0,0,-1,0)
DispatchTrackball(-1,444434,2,-2.0,2.0,0.0,0.0,0,1.0,1.0,0,0)
DispatchPointer(447300,447353,2,49.467224,415.12708,0.0,0.0,0,1.0,1.0,0,0)
DispatchPointer(475944,475966,1,400.6673,697.2205,0.0,0.0,0,1.0,1.0,0,0)
DispatchKey(446335,446335,1,19,0,0,-1,0)
DispatchTrackball(-1,446881,2,3.0,4.0,0.0,0.0,0,1.0,1.0,0,0)
DispatchPointer(446601,446602,0,358.0,139.0,0.0,0.0,0,1.0,1.0,0,0)
DispatchTrackball(-1,447998,2,-5.0,0.0,0.0,0.0,0,1.0,1.0,0,0)
DispatchKey(446137,446137,0,82,0,0,-1,0)
DispatchKey(475990,475990,0,23,0,0,-1,0)
DispatchPointer(446650,446696,2,159.01796,364.9796,0.0,0.0,0,1.0,1.0,0,0)
DispatchPointer(446650,446764,2,152.77167,361.47293,0.0,0.0,0,1.0,1.0,0,0)
DispatchPointer(446650,446714,2,156.76225,362.91214,0.0,0.0,0,1.0,1.0,0,0)
DispatchPointer(446650,446749,2,154.6265,361.9759,0.0,0.0,0,1.0,1.0,0,0)
DispatchKey(446260,446260,1,82,0,0,-1,0)
DispatchTrackball(-1,447688,2,-1.0,-4.0,0.0,0.0,0,1.0,1.0,0,0)
DispatchTrackball(-1,469640,2,-2.0,-2.0,0.0,0.0,0,1.0,1.0,0,0)
DispatchPointer(446650,446708,2,156.91438,364.37057,0.0,0.0,0,1.0,1.0,0,0)
DispatchKey(447695,447695,0,45,0,0,-1,0)
DispatchTrackball(-1,444336,2,0.0,-1.0,0.0,0.0,0,1.0,1.0,0,0)
DispatchTrackball(-1,474886,2,-2.0,2.0,0.0,0.0,0,1.0,1.0,0,0)
DispatchPointer(470627,470688,2,430.15604,130.65024,0.0,0.0,0,1.0,1.0,0,0)
DispatchTrackball(-1,471049,2,3.0,1.0,0.0,0.0,0,1.0,1.0,0,0)
DispatchTrackball(-1,446966,2,3.0,1.0,0.0,0.0,0,1.0,1.0,0,0)
DispatchKey(443843,443843,0,61,0,0,-1,0)
DispatchTrackball(-1,469695,2,4.0,4.0,0.0,0.0,0,1.0,1.0,0,0)
DispatchKey(471279,471279,1,23,0,0,-1,0)
DispatchKey(475121,475121,1,82,0,0,-1,0)
DispatchPointer(475535,475536,0,238.0,758.0,0.0,0.0,0,1.0,1.0,0,0)
DispatchKey(447176,447176,1,22,0,0,-1,0)
DispatchPointer(447207,447207,0,146.0,689.0,0.0,0.0,0,1.0,1.0,0,0)
DispatchPointer(447207,447226,1,141.20448,704.4579,0.0,0.0,0,1.0,1.0,0,0)
DispatchPointer(447300,447310,0,51.0,398.0,0.0,0.0,0,1.0,1.0,0,0)
DispatchPointer(470132,470156,1,45.11282,155.28809,0.0,0.0,0,1.0,1.0,0,0)
DispatchPointer(442479,442493,0,163.0,170.0,0.0,0.0,0,1.0,1.0,0,0)
DispatchKey(447943,447943,1,22,0,0,-1,0)
DispatchPointer(447300,447388,1,48.226585,436.8583,0.0,0.0,0,1.0,1.0,0,0)
DispatchTrackball(-1,447487,2,4.0,2.0,0.0,0.0,0,1.0,1.0,0,0)
DispatchTrackball(-1,447499,2,0.0,4.0,0.0,0.0,0,1.0,1.0,0,0)
DispatchTrackball(474780,474927,1,0.0,0.0,0.0,0.0,0,1.0,1.0,0,0)
DispatchTrackball(-1,447564,2,-1.0,4.0,0.0,0.0,0,1.0,1.0,0,0)
DispatchTrackball(-1,447604,2,0.0,-4.0,0.0,0.0,0,1.0,1.0,0,0)
DispatchTrackball(-1,447624,2,-4.0,-4.0,0.0,0.0,0,1.0,1.0,0,0)
DispatchPointer(470519,470519,0,290.0,767.0,0.0,0.0,0,1.0,1.0,0,0)
DispatchTrackball(-1,445318,2,-5.0,3.0,0.0,0.0,0,1.0,1.0,0,0)
DispatchPointer(469529,469530,0,89.0,442.0,0.0,0.0,0,1.0,1.0,0,0)
DispatchPointer(446650,446808,2,152.38237,361.39252,0.0,0.0,0,1.0,1.0,0,0)
DispatchTrackball(-1,446581,2,2.0,1.0,0.0,0.0,0,1.0,1.0,0,0)
DispatchKey(469944,469944,1,21,0,0,-1,0)
DispatchPointer(442239,442310,2,209.1681,541.682,0.0,0.0,0,1.0,1.0,0,0)
DispatchKey(474727,474727,1,55,0,0,-1,0)
DispatchTrackball(-1,448044,2,-5.0,-3.0,0.0,0.0,0,1.0,1.0,0,0)
DispatchTrackball(-1,446905,2,-3.0,-3.0,0.0,0.0,0,1.0,1.0,0,0)
DispatchTrackball(-1,448079,2,2.0,-4.0,0.0,0.0,0,1.0,1.0,0,0)
DispatchTrackball(-1,448105,2,0.0,-4.0,0.0,0.0,0,1.0,1.0,0,0)
DispatchPointer(442479,442546,2,157.26685,185.07367,0.0,0.0,0,1.0,1.0,0,0)
DispatchTrackball(-1,474855,2,-2.0,-2.0,0.0,0.0,0,1.0,1.0,0,0)
DispatchTrackball(-1,448144,2,-1.0,3.0,0.0,0.0,0,1.0,1.0,0,0)
DispatchTrackball(-1,476616,2,1.0,-5.0,0.0,0.0,0,1.0,1.0,0,0)
DispatchPointer(475655,475669,1,407.48325,384.00104,0.0,0.0,0,1.0,1.0,0,0)
DispatchTrackball(-1,470924,2,-3.0,1.0,0.0,0.0,0,1.0,1.0,0,0)
DispatchTrackball(-1,448128,2,-2.0,-4.0,0.0,0.0,0,1.0,1.0,0,0)
DispatchTrackball(447998,448218,1,0.0,0.0,0.0,0.0,0,1.0,1.0,0,0)
DispatchPointer(442239,442381,1,175.89948,576.9577,0.0,0.0,0,1.0,1.0,0,0)
DispatchTrackball(-1,444402,2,3.0,-4.0,0.0,0.0,0,1.0,1.0,0,0)
DispatchKey(469010,469010,1,82,0,0,-1,0)
DispatchKey(469477,469477,0,22,0,0,-1,0)
DispatchKey(445452,445452,0,22,0,0,-1,0)
DispatchPointer(445183,445239,1,292.3015,260.47366,0.0,0.0,0,1.0,1.0,0,0)
DispatchPointer(469529,469557,1,83.45846,421.3359,0.0,0.0,0,1.0,1.0,0,0)
DispatchTrackball(-1,469613,2,-1.0,-4.0,0.0,0.0,0,1.0,1.0,0,0)
DispatchTrackball(-1,469632,2,-2.0,-5.0,0.0,0.0,0,1.0,1.0,0,0)
DispatchPointer(442239,442362,2,177.89218,570.3536,0.0,0.0,0,1.0,1.0,0,0)
DispatchPointer(470581,470581,0,278.0,272.0,0.0,0.0,0,1.0,1.0,0,0)
DispatchTrackball(-1,476551,2,-3.0,2.0,0.0,0.0,0,1.0,1.0,0,0)
DispatchTrackball(-1,445416,2,-5.0,-5.0,0.0,0.0,0,1.0,1.0,0,0)
DispatchTrackball(-1,470103,2,-3.0,-1.0,0.0,0.0,0,1.0,1.0,0,0)
DispatchTrackball(-1,470895,2,0.0,2.0,0.0,0.0,0,1.0,1.0,0,0)
DispatchTrackball(-1,469729,2,4.0,1.0,0.0,0.0,0,1.0,1.0,0,0)
DispatchTrackball(-1,469736,2,3.0,0.0,0.0,0.0,0,1.0,1.0,0,0)
DispatchTrackball(-1,474826,2,0.0,1.0,0.0,0.0,0,1.0,1.0,0,0)
DispatchKey(469833,469833,1,82,0,0,-1,0)
DispatchPointer(443378,443450,2,285.0368,374.4409,0.0,0.0,0,1.0,1.0,0,0)
DispatchTrackball(-1,444301,2,-4.0,3.0,0.0,0.0,0,1.0,1.0,0,0)
DispatchPointer(443378,443628,1,240.31378,356.53757,0.0,0.0,0,1.0,1.0,0,0)
DispatchKey(469924,469924,0,21,0,0,-1,0)
DispatchTrackball(-1,474780,2,-3.0,-1.0,0.0,0.0,0,1.0,1.0,0,0)
DispatchTrackball(-1,447680,2,3.0,-5.0,0.0,0.0,0,1.0,1.0,0,0)
DispatchTrackball(-1,469995,2,-3.0,2.0,0.0,0.0,0,1.0,1.0,0,0)
DispatchTrackball(-1,470014,2,-4.0,-1.0,0.0,0.0,0,1.0,1.0,0,0)
DispatchPointer(446091,446120,1,402.1241,224.49025,0.0,0.0,0,1.0,1.0,0,0)
DispatchTrackball(-1,470039,2,-1.0,-4.0,0.0,0.0,0,1.0,1.0,0,0)
DispatchPointer(471324,471325,0,172.0,39.0,0.0,0.0,0,1.0,1.0,0,0)
DispatchTrackball(-1,470064,2,-4.0,1.0,0.0,0.0,0,1.0,1.0,0,0)
DispatchTrackball(-1,470069,2,4.0,-5.0,0.0,0.0,0,1.0,1.0,0,0)
DispatchPointer(442479,442634,2,144.7598,216.59311,0.0,0.0,0,1.0,1.0,0,0)
GUIGen(7)
DispatchPointer(470132,470132,0,38.0,168.0,0.0,0.0,0,1.0,1.0,0,0)
DispatchTrackball(-1,474879,2,-2.0,1.0,0.0,0.0,0,1.0,1.0,0,0)
DispatchTrackball(-1,476604,2,-2.0,-1.0,0.0,0.0,0,1.0,1.0,0,0)
DispatchKey(445734,445734,1,22,0,0,-1,0)
DispatchTrackball(-1,446494,2,0.0,4.0,0.0,0.0,0,1.0,1.0,0,0)
DispatchTrackball(-1,447660,2,2.0,-1.0,0.0,0.0,0,1.0,1.0,0,0)
DispatchPointer(442239,442319,2,206.9205,542.042,0.0,0.0,0,1.0,1.0,0,0)
DispatchPointer(470581,470605,1,255.44061,280.68176,0.0,0.0,0,1.0,1.0,0,0)
DispatchTrackball(-1,476577,2,1.0,-5.0,0.0,0.0,0,1.0,1.0,0,0)
DispatchTrackball(-1,474873,2,-3.0,-4.0,0.0,0.0,0,1.0,1.0,0,0)
DispatchPointer(470627,470667,2,423.31787,122.47181,0.0,0.0,0,1.0,1.0,0,0)
DispatchPointer(442479,442708,1,133.8225,228.51003,0.0,0.0,0,1.0,1.0,0,0)
DispatchTrackball(-1,470057,2,-5.0,-4.0,0.0,0.0,0,1.0,1.0,0,0)
DispatchTrackball(-1,445383,2,0.0,3.0,0.0,0.0,0,1.0,1.0,0,0)
DispatchPointer(475855,475855,0,166.0,696.0,0.0,0.0,0,1.0,1.0,0,0)
DispatchTrackball(-1,469722,2,1.0,-5.0,0.0,0.0,0,1.0,1.0,0,0)
DispatchTrackball(-1,448176,2,-3.0,4.0,0.0,0.0,0,1.0,1.0,0,0)
DispatchPointer(442239,442301,2,218.38629,533.6745,0.0,0.0,0,1.0,1.0,0,0)
DispatchTrackball(-1,470971,2,-5.0,3.0,0.0,0.0,0,1.0,1.0,0,0)
DispatchTrackball(-1,471010,2,-3.0,2.0,0.0,0.0,0,1.0,1.0,0,0)
DispatchKey(471101,471101,0,23,0,0,-1,0)
DispatchTrackball(-1,471043,2,0.0,1.0,0.0,0.0,0,1.0,1.0,0,0)
DispatchKey(470183,470183,0,23,0,0,-1,0)
DispatchTrackball(-1,447009,2,-5.0,-3.0,0.0,0.0,0,1.0,1.0,0,0)
DispatchPointer(475535,475581,1,240.53047,741.3472,0.0,0.0,0,1.0,1.0,0,0)
DispatchTrackball(-1,471017,2,-5.0,3.0,0.0,0.0,0,1.0,1.0,0,0)
DispatchPointer(471324,471340,1,186.28932,50.463352,0.0,0.0,0,1.0,1.0,0,0)
DispatchPointer(443378,443433,2,287.7005,386.7088,0.0,0.0,0,1.0,1.0,0,0)
DispatchKey(470708,470708,0,23,0,0,-1,0)
DispatchKey(471384,471384,0,71,0,0,-1,0)
DispatchPointer(443378,443379,0,292.0,392.0,0.0,0.0,0,1.0,1.0,0,0)
DispatchKey(474712,474712,0,55,0,0,-1,0)
DispatchPointer(447300,447370,2,49.360924,429.94238,0.0,0.0,0,1.0,1.0,0,0)
DispatchKey(474749,474749,0,82,0,0,-1,0)
DispatchTrackball(474780,474920,0,0.0,0.0,0.0,0.0,0,1.0,1.0,0,0)
DispatchPointer(475655,475655,0,417.0,389.0,0.0,0.0,0,1.0,1.0,0,0)
DispatchTrackball(-1,447545,2,-4.0,0.0,0.0,0.0,0,1.0,1.0,0,0)
DispatchKey(447915,447915,1,45,0,0,-1,0)
DispatchKey(475783,475783,1,19,0,0,-1,0)
DispatchKey(447060,447060,0,22,0,0,-1,0)
DispatchTrackball(-1,448136,2,3.0,-4.0,0.0,0.0,0,1.0,1.0,0,0)
DispatchTrackball(-1,446387,2,1.0,0.0,0.0,0.0,0,1.0,1.0,0,0)
DispatchTrackball(-1,474804,2,-5.0,1.0,0.0,0.0,0,1.0,1.0,0,0)
DispatchTrackball(-1,446931,2,-1.0,4.0,0.0,0.0,0,1.0,1.0,0,0)
DispatchTrackball(-1,474903,2,2.0,1.0,0.0,0.0,0,1.0,1.0,0,0)
DispatchPointer(443378,443535,2,258.7853,362.52072,0.0,0.0,0,1.0,1.0,0,0)
DispatchTrackball(-1,444426,2,-1.0,-1.0,0.0,0.0,0,1.0,1.0,0,0)
DispatchKey(474969,474969,0,22,0,0,-1,0)
DispatchKey(475018,475018,1,22,0,0,-1,0)
DispatchKey(475069,475069,0,82,0,0,-1,0)
DispatchPointer(475944,475944,0,405.0,698.0,0.0,0.0,0,1.0,1.0,0,0)
LaunchActivity(com.smorgasbork.hotdeath,com.smorgasbork.hotdeath.Main)
DispatchPointer(470519,470544,1,297.65112,759.40015,0.0,0.0,0,1.0,1.0,0,0)
DispatchTrackball(-1,471066,2,-5.0,4.0,0.0,0.0,0,1.0,1.0,0,0)
DispatchPointer(442479,442521,261,159.0512,180.70757,0.0,0.0,0,1.0,1.0,0,0)
DispatchTrackball(-1,471083,2,-4.0,0.0,0.0,0.0,0,1.0,1.0,0,0)
DispatchTrackball(-1,474833,2,2.0,3.0,0.0,0.0,0,1.0,1.0,0,0)
DispatchPointer(442239,442327,2,196.32909,544.547,0.0,0.0,0,1.0,1.0,0,0)
DispatchPointer(475855,475883,2,172.31549,680.0337,0.0,0.0,0,1.0,1.0,0,0)
DispatchTrackball(-1,446426,2,2.0,-4.0,0.0,0.0,0,1.0,1.0,0,0)
DispatchTrackball(-1,476499,2,-2.0,3.0,0.0,0.0,0,1.0,1.0,0,0)
DispatchPointer(443378,443479,2,274.89047,371.7255,0.0,0.0,0,1.0,1.0,0,0)
DispatchPointer(446650,446679,261,159.97177,365.63675,0.0,0.0,0,1.0,1.0,0,0)
DispatchPointer(443378,443498,2,266.66165,368.46045,0.0,0.0,0,1.0,1.0,0,0)
DispatchTrackball(-1,445333,2,-5.0,-3.0,0.0,0.0,0,1.0,1.0,0,0)
DispatchPointer(441973,442194,1,416.68918,468.2459,0.0,0.0,0,1.0,1.0,0,0)
DispatchKey(476476,476476,1,82,0,0,-1,0)
DispatchTrackball(-1,447043,2,1.0,-1.0,0.0,0.0,0,1.0,1.0,0,0)
DispatchTrackball(-1,476528,2,-2.0,2.0,0.0,0.0,0,1.0,1.0,0,0)
DispatchTrackball(-1,469684,2,-1.0,3.0,0.0,0.0,0,1.0,1.0,0,0)
DispatchTrackball(-1,476558,2,-5.0,-1.0,0.0,0.0,0,1.0,1.0,0,0)
DispatchPointer(445183,445183,0,269.0,246.0,0.0,0.0,0,1.0,1.0,0,0)
DispatchTrackball(-1,476584,2,-1.0,0.0,0.0,0.0,0,1.0,1.0,0,0)
DispatchTrackball(-1,476589,2,-2.0,-4.0,0.0,0.0,0,1.0,1.0,0,0)
DispatchTrackball(-1,446958,2,4.0,4.0,0.0,0.0,0,1.0,1.0,0,0)
DispatchTrackball(447998,448206,0,0.0,0.0,0.0,0.0,0,1.0,1.0,0,0)
