type= raw events
count= -1
speed= 1.0
start data >>
DispatchKey(228147,228147,0,24,0,0,-1,0)
DispatchKey(235304,235304,1,24,0,0,-1,0)
DispatchPointer(235493,235497,0,383.0,770.0,0.0,0.0,0,1.0,1.0,0,0)
DispatchPointer(235493,235583,1,397.68246,766.46594,0.0,0.0,0,1.0,1.0,0,0)
DispatchKey(235639,235639,0,21,0,0,-1,0)
DispatchKey(235949,235949,1,21,0,0,-1,0)
DispatchPointer(236003,236004,0,316.0,300.0,0.0,0.0,0,1.0,1.0,0,0)
DispatchPointer(236003,236027,2,318.5771,278.0152,0.0,0.0,0,1.0,1.0,0,0)
DispatchPointer(236003,236054,2,319.23764,270.13553,0.0,0.0,0,1.0,1.0,0,0)
DispatchPointer(236003,236064,2,321.65375,268.7791,0.0,0.0,0,1.0,1.0,0,0)
DispatchPointer(236003,236071,2,322.44507,260.5318,0.0,0.0,0,1.0,1.0,0,0)
DispatchPointer(236003,236079,2,323.394,245.36514,0.0,0.0,0,1.0,1.0,0,0)
DispatchPointer(236003,236099,2,325.6129,239.21475,0.0,0.0,0,1.0,1.0,0,0)
DispatchPointer(236003,236119,2,328.56863,224.9898,0.0,0.0,0,1.0,1.0,0,0)
DispatchPointer(236003,236131,1,330.12653,217.82378,0.0,0.0,0,1.0,1.0,0,0)
DispatchPointer(236178,236179,0,241.0,388.0,0.0,0.0,0,1.0,1.0,0,0)
DispatchPointer(236178,236229,1,234.65123,391.28775,0.0,0.0,0,1.0,1.0,0,0)
DispatchTrackball(-1,236284,2,0.0,-2.0,0.0,0.0,0,1.0,1.0,0,0)
DispatchTrackball(-1,237085,2,1.0,0.0,0.0,0.0,0,1.0,1.0,0,0)
DispatchTrackball(-1,237163,2,-2.0,-1.0,0.0,0.0,0,1.0,1.0,0,0)
DispatchTrackball(-1,237182,2,-3.0,-3.0,0.0,0.0,0,1.0,1.0,0,0)
DispatchTrackball(-1,237201,2,4.0,-2.0,0.0,0.0,0,1.0,1.0,0,0)
DispatchTrackball(-1,237250,2,-4.0,3.0,0.0,0.0,0,1.0,1.0,0,0)
DispatchTrackball(-1,237310,2,-5.0,2.0,0.0,0.0,0,1.0,1.0,0,0)
DispatchTrackball(-1,237344,2,-3.0,1.0,0.0,0.0,0,1.0,1.0,0,0)
DispatchTrackball(-1,237514,2,0.0,-5.0,0.0,0.0,0,1.0,1.0,0,0)
DispatchTrackball(-1,237563,2,-4.0,0.0,0.0,0.0,0,1.0,1.0,0,0)
DispatchKey(241996,241996,0,21,0,0,-1,0)
DispatchKey(247166,247166,1,21,0,0,-1,0)
DispatchTrackball(-1,247311,2,-3.0,-2.0,0.0,0.0,0,1.0,1.0,0,0)
DispatchTrackball(-1,247357,2,3.0,3.0,0.0,0.0,0,1.0,1.0,0,0)
DispatchTrackball(-1,247367,2,-4.0,3.0,0.0,0.0,0,1.0,1.0,0,0)
DispatchTrackball(-1,247412,2,4.0,1.0,0.0,0.0,0,1.0,1.0,0,0)
DispatchTrackball(-1,247434,2,-1.0,-1.0,0.0,0.0,0,1.0,1.0,0,0)
DispatchTrackball(-1,247450,2,-1.0,-3.0,0.0,0.0,0,1.0,1.0,0,0)
DispatchTrackball(-1,247480,2,-2.0,-5.0,0.0,0.0,0,1.0,1.0,0,0)
DispatchTrackball(-1,247489,2,-4.0,4.0,0.0,0.0,0,1.0,1.0,0,0)
DispatchTrackball(-1,247508,2,0.0,-4.0,0.0,0.0,0,1.0,1.0,0,0)
DispatchTrackball(-1,247531,2,3.0,-5.0,0.0,0.0,0,1.0,1.0,0,0)
DispatchPointer(247556,247559,0,136.0,715.0,0.0,0.0,0,1.0,1.0,0,0)
DispatchPointer(247556,247670,261,136.9998,713.96936,0.0,0.0,0,1.0,1.0,0,0)
DispatchPointer(247556,247710,2,137.99828,712.71814,0.0,0.0,0,1.0,1.0,0,0)
DispatchPointer(247556,247729,2,138.01003,712.5473,0.0,0.0,0,1.0,1.0,0,0)
DispatchPointer(247556,247750,2,138.37384,711.473,0.0,0.0,0,1.0,1.0,0,0)
DispatchPointer(247556,247773,2,138.7454,711.0448,0.0,0.0,0,1.0,1.0,0,0)
DispatchPointer(247556,247791,2,139.67345,710.3763,0.0,0.0,0,1.0,1.0,0,0)
DispatchPointer(247556,247811,2,139.86293,709.71063,0.0,0.0,0,1.0,1.0,0,0)
DispatchPointer(247556,247821,262,140.83585,709.5126,0.0,0.0,0,1.0,1.0,0,0)
DispatchPointer(247556,247875,1,140.90096,708.242,0.0,0.0,0,1.0,1.0,0,0)
DispatchKey(247907,247907,0,82,0,0,-1,0)
DispatchKey(248402,248402,1,82,0,0,-1,0)
DispatchKey(248975,248975,0,4,0,0,-1,0)
DispatchKey(249142,249142,1,4,0,0,-1,0)
DispatchKey(249168,249168,0,21,0,0,-1,0)
DispatchKey(249451,249451,1,21,0,0,-1,0)
DispatchKey(249735,249735,0,23,0,0,-1,0)
DispatchKey(249784,249784,1,23,0,0,-1,0)
DispatchKey(249852,249852,0,53,0,0,-1,0)
DispatchKey(251733,251733,1,53,0,0,-1,0)
DispatchKey(251983,251983,0,25,0,0,-1,0)
DispatchKey(252146,252146,1,25,0,0,-1,0)
DispatchKey(252288,252288,0,139,0,0,-1,0)
DispatchKey(252366,252366,1,139,0,0,-1,0)
DispatchTrackball(-1,252456,2,-2.0,-2.0,0.0,0.0,0,1.0,1.0,0,0)
DispatchTrackball(-1,252469,2,4.0,1.0,0.0,0.0,0,1.0,1.0,0,0)
DispatchTrackball(-1,252479,2,-2.0,-5.0,0.0,0.0,0,1.0,1.0,0,0)
DispatchTrackball(-1,252506,2,-4.0,3.0,0.0,0.0,0,1.0,1.0,0,0)
DispatchTrackball(-1,252529,2,-2.0,0.0,0.0,0.0,0,1.0,1.0,0,0)
DispatchTrackball(-1,252567,2,-3.0,1.0,0.0,0.0,0,1.0,1.0,0,0)
DispatchTrackball(-1,252574,2,0.0,-4.0,0.0,0.0,0,1.0,1.0,0,0)
DispatchTrackball(-1,252604,2,-1.0,-4.0,0.0,0.0,0,1.0,1.0,0,0)
DispatchTrackball(-1,252622,2,1.0,1.0,0.0,0.0,0,1.0,1.0,0,0)
DispatchTrackball(-1,252629,2,-1.0,-4.0,0.0,0.0,0,1.0,1.0,0,0)
DispatchTrackball(-1,252643,2,-2.0,2.0,0.0,0.0,0,1.0,1.0,0,0)
DispatchTrackball(-1,252689,2,1.0,4.0,0.0,0.0,0,1.0,1.0,0,0)
DispatchTrackball(-1,252713,2,3.0,4.0,0.0,0.0,0,1.0,1.0,0,0)
DispatchTrackball(-1,252724,2,4.0,0.0,0.0,0.0,0,1.0,1.0,0,0)
DispatchTrackball(-1,252732,2,-3.0,-1.0,0.0,0.0,0,1.0,1.0,0,0)
DispatchTrackball(-1,252744,2,-5.0,-4.0,0.0,0.0,0,1.0,1.0,0,0)
DispatchTrackball(-1,252827,2,-1.0,2.0,0.0,0.0,0,1.0,1.0,0,0)
DispatchTrackball(-1,252837,2,2.0,-1.0,0.0,0.0,0,1.0,1.0,0,0)
DispatchTrackball(-1,252870,2,-3.0,-4.0,0.0,0.0,0,1.0,1.0,0,0)
DispatchTrackball(-1,252892,2,-3.0,-2.0,0.0,0.0,0,1.0,1.0,0,0)
DispatchKey(252914,252914,0,21,0,0,-1,0)
DispatchKey(253060,253060,1,21,0,0,-1,0)
DispatchKey(253111,253111,0,82,0,0,-1,0)
DispatchKey(253134,253134,1,82,0,0,-1,0)
DispatchPointer(253158,253160,0,385.0,449.0,0.0,0.0,0,1.0,1.0,0,0)
DispatchPointer(253158,253203,2,384.69632,444.10577,0.0,0.0,0,1.0,1.0,0,0)
DispatchPointer(253158,253288,2,380.8442,443.98212,0.0,0.0,0,1.0,1.0,0,0)
DispatchPointer(253158,253296,2,378.41464,442.25137,0.0,0.0,0,1.0,1.0,0,0)
DispatchPointer(253158,253363,2,358.25366,435.77673,0.0,0.0,0,1.0,1.0,0,0)
DispatchPointer(253158,253378,2,336.95374,430.14142,0.0,0.0,0,1.0,1.0,0,0)
DispatchPointer(253158,253387,1,326.36877,428.43393,0.0,0.0,0,1.0,1.0,0,0)
DispatchKey(253399,253399,0,20,0,0,-1,0)
DispatchKey(253618,253618,1,20,0,0,-1,0)
DispatchTrackball(-1,253916,2,-3.0,-2.0,0.0,0.0,0,1.0,1.0,0,0)
DispatchTrackball(-1,253943,2,-4.0,3.0,0.0,0.0,0,1.0,1.0,0,0)
DispatchTrackball(-1,253963,2,3.0,2.0,0.0,0.0,0,1.0,1.0,0,0)
DispatchTrackball(-1,254012,2,-4.0,2.0,0.0,0.0,0,1.0,1.0,0,0)
