type= raw events
count= -1
speed= 1.0
start data >>
LaunchActivity(com.smorgasbork.hotdeath,com.smorgasbork.hotdeath.Main)
DispatchPointer(677593,677594,0,33.0,434.0,0.0,0.0,0,1.0,1.0,0,0)
DispatchPointer(677593,677620,2,30.27832,436.25766,0.0,0.0,0,1.0,1.0,0,0)
DispatchPointer(677593,677646,1,26.9659,457.5271,0.0,0.0,0,1.0,1.0,0,0)
DispatchPointer(677676,677676,0,7.0,551.0,0.0,0.0,0,1.0,1.0,0,0)
DispatchPointer(677676,677703,1,9.202735,552.71606,0.0,0.0,0,1.0,1.0,0,0)
DispatchKey(677750,677750,0,25,0,0,-1,0)
DispatchKey(680471,680471,1,25,0,0,-1,0)
DispatchKey(680556,680556,0,155,0,0,-1,0)
DispatchKey(680619,680619,1,155,0,0,-1,0)
DispatchPointer(680657,680658,0,236.0,604.0,0.0,0.0,0,1.0,1.0,0,0)
DispatchPointer(680657,680760,1,245.44728,599.4173,0.0,0.0,0,1.0,1.0,0,0)
DispatchPointer(680807,680807,0,465.0,684.0,0.0,0.0,0,1.0,1.0,0,0)
DispatchPointer(680807,680829,1,474.12573,676.1324,0.0,0.0,0,1.0,1.0,0,0)
DispatchTrackball(-1,680878,2,4.0,-3.0,0.0,0.0,0,1.0,1.0,0,0)
DispatchTrackball(-1,680902,2,4.0,-4.0,0.0,0.0,0,1.0,1.0,0,0)
DispatchTrackball(-1,680910,2,2.0,1.0,0.0,0.0,0,1.0,1.0,0,0)
DispatchTrackball(-1,680941,2,1.0,-3.0,0.0,0.0,0,1.0,1.0,0,0)
DispatchTrackball(-1,680948,2,-4.0,2.0,0.0,0.0,0,1.0,1.0,0,0)
DispatchTrackball(-1,680963,2,-2.0,-2.0,0.0,0.0,0,1.0,1.0,0,0)
DispatchTrackball(-1,680971,2,2.0,-2.0,0.0,0.0,0,1.0,1.0,0,0)
DispatchTrackball(-1,680979,2,4.0,1.0,0.0,0.0,0,1.0,1.0,0,0)
DispatchTrackball(-1,680990,2,3.0,4.0,0.0,0.0,0,1.0,1.0,0,0)
DispatchTrackball(-1,681009,2,-1.0,-1.0,0.0,0.0,0,1.0,1.0,0,0)
DispatchTrackball(-1,681041,2,0.0,0.0,0.0,0.0,0,1.0,1.0,0,0)
DispatchTrackball(-1,681066,2,4.0,0.0,0.0,0.0,0,1.0,1.0,0,0)
DispatchTrackball(-1,681084,2,-3.0,2.0,0.0,0.0,0,1.0,1.0,0,0)
DispatchTrackball(-1,681102,2,-4.0,1.0,0.0,0.0,0,1.0,1.0,0,0)
DispatchTrackball(-1,681115,2,-4.0,3.0,0.0,0.0,0,1.0,1.0,0,0)
DispatchTrackball(-1,681130,2,-4.0,-5.0,0.0,0.0,0,1.0,1.0,0,0)
DispatchTrackball(-1,681139,2,-5.0,4.0,0.0,0.0,0,1.0,1.0,0,0)
DispatchTrackball(-1,681166,2,-5.0,-4.0,0.0,0.0,0,1.0,1.0,0,0)
DispatchTrackball(-1,681183,2,-2.0,2.0,0.0,0.0,0,1.0,1.0,0,0)
DispatchTrackball(-1,681215,2,0.0,1.0,0.0,0.0,0,1.0,1.0,0,0)
DispatchFlip(false)
DispatchKey(681260,681260,0,82,0,0,-1,0)
DispatchKey(682470,682470,1,82,0,0,-1,0)
DispatchPointer(682617,682617,0,180.0,82.0,0.0,0.0,0,1.0,1.0,0,0)
DispatchPointer(682617,682690,1,186.34612,80.58667,0.0,0.0,0,1.0,1.0,0,0)
DispatchKey(682802,682802,0,82,0,0,-1,0)
DispatchKey(682836,682836,1,82,0,0,-1,0)
GUIGen(11)
DispatchKey(708296,708296,0,146,0,0,-1,0)
DispatchKey(708310,708310,1,146,0,0,-1,0)
DispatchPointer(708378,708378,0,374.0,757.0,0.0,0.0,0,1.0,1.0,0,0)
DispatchPointer(708378,708402,1,373.98538,763.39185,0.0,0.0,0,1.0,1.0,0,0)
DispatchPointer(708437,708438,0,446.0,399.0,0.0,0.0,0,1.0,1.0,0,0)
DispatchPointer(708437,708463,2,435.18622,395.2121,0.0,0.0,0,1.0,1.0,0,0)
DispatchPointer(708437,708502,2,412.31686,380.67926,0.0,0.0,0,1.0,1.0,0,0)
DispatchPointer(708437,708525,2,394.287,370.17148,0.0,0.0,0,1.0,1.0,0,0)
DispatchPointer(708437,708531,2,393.9689,357.269,0.0,0.0,0,1.0,1.0,0,0)
DispatchPointer(708437,708539,2,393.17987,353.09082,0.0,0.0,0,1.0,1.0,0,0)
DispatchPointer(708437,708548,2,378.98282,345.88824,0.0,0.0,0,1.0,1.0,0,0)
DispatchPointer(708437,708553,2,374.82828,341.3759,0.0,0.0,0,1.0,1.0,0,0)
DispatchPointer(708437,708561,2,366.07062,330.43008,0.0,0.0,0,1.0,1.0,0,0)
DispatchPointer(708437,708568,2,359.75967,321.00668,0.0,0.0,0,1.0,1.0,0,0)
DispatchPointer(708437,708577,1,354.05356,312.49496,0.0,0.0,0,1.0,1.0,0,0)
DispatchPointer(708607,708609,0,109.0,693.0,0.0,0.0,0,1.0,1.0,0,0)
DispatchPointer(708607,708625,2,97.72984,702.7473,0.0,0.0,0,1.0,1.0,0,0)
DispatchPointer(708607,708644,2,95.90386,707.18036,0.0,0.0,0,1.0,1.0,0,0)
DispatchPointer(708607,708663,2,84.64205,711.4564,0.0,0.0,0,1.0,1.0,0,0)
DispatchPointer(708607,708682,2,84.11146,714.185,0.0,0.0,0,1.0,1.0,0,0)
DispatchPointer(708607,708703,2,73.40259,715.7115,0.0,0.0,0,1.0,1.0,0,0)
DispatchPointer(708607,708709,2,69.23347,723.77594,0.0,0.0,0,1.0,1.0,0,0)
DispatchPointer(708607,708727,1,62.823986,732.5211,0.0,0.0,0,1.0,1.0,0,0)
DispatchKey(708754,708754,0,82,0,0,-1,0)
DispatchKey(708981,708981,1,82,0,0,-1,0)
DispatchKey(709210,709210,0,82,0,0,-1,0)
DispatchKey(709375,709375,1,82,0,0,-1,0)
DispatchPointer(709437,709437,0,166.0,80.0,0.0,0.0,0,1.0,1.0,0,0)
DispatchPointer(709437,709454,1,167.35,71.9027,0.0,0.0,0,1.0,1.0,0,0)
DispatchKey(709473,709473,0,21,0,0,-1,0)
DispatchKey(709913,709913,1,21,0,0,-1,0)
DispatchKey(709947,709947,0,23,0,0,-1,0)
DispatchKey(709980,709980,1,23,0,0,-1,0)
DispatchKey(710023,710023,0,21,0,0,-1,0)
DispatchKey(710229,710229,1,21,0,0,-1,0)
DispatchPointer(710550,710561,0,379.0,108.0,0.0,0.0,0,1.0,1.0,0,0)
DispatchPointer(710550,710591,1,387.6982,109.202286,0.0,0.0,0,1.0,1.0,0,0)
DispatchKey(710607,710607,0,23,0,0,-1,0)
DispatchKey(711171,711171,1,23,0,0,-1,0)
DispatchKey(711261,711261,0,92,0,0,-1,0)
DispatchKey(711282,711282,1,92,0,0,-1,0)
DispatchPointer(711486,711487,0,240.0,534.0,0.0,0.0,0,1.0,1.0,0,0)
DispatchPointer(711486,711515,2,243.90767,551.67303,0.0,0.0,0,1.0,1.0,0,0)
DispatchPointer(711654,711655,0,376.0,694.0,0.0,0.0,0,1.0,1.0,0,0)
DispatchPointer(711654,711678,1,370.2535,699.7859,0.0,0.0,0,1.0,1.0,0,0)
DispatchPointer(711706,711707,0,27.0,57.0,0.0,0.0,0,1.0,1.0,0,0)
DispatchPointer(711706,711728,2,30.77713,59.21888,0.0,0.0,0,1.0,1.0,0,0)
DispatchPointer(711706,711738,2,31.29309,59.500008,0.0,0.0,0,1.0,1.0,0,0)
DispatchPointer(711706,711745,2,34.320232,64.29337,0.0,0.0,0,1.0,1.0,0,0)
DispatchPointer(711706,711820,2,34.541275,64.741585,0.0,0.0,0,1.0,1.0,0,0)
DispatchPointer(711706,711833,2,35.235916,65.01905,0.0,0.0,0,1.0,1.0,0,0)
DispatchPointer(711706,711841,2,38.252075,65.428185,0.0,0.0,0,1.0,1.0,0,0)
DispatchPointer(711706,711865,2,41.012074,67.89903,0.0,0.0,0,1.0,1.0,0,0)
DispatchPointer(711706,711874,2,41.172043,71.592705,0.0,0.0,0,1.0,1.0,0,0)
DispatchPointer(711706,711890,2,43.19198,76.34836,0.0,0.0,0,1.0,1.0,0,0)
DispatchPointer(711706,711898,1,44.238155,76.35282,0.0,0.0,0,1.0,1.0,0,0)
DispatchKey(711912,711912,0,22,0,0,-1,0)
DispatchKey(712073,712073,1,22,0,0,-1,0)
DispatchTrackball(-1,712123,2,-3.0,3.0,0.0,0.0,0,1.0,1.0,0,0)
DispatchTrackball(-1,712143,2,-2.0,-2.0,0.0,0.0,0,1.0,1.0,0,0)
DispatchTrackball(-1,712195,2,-4.0,-2.0,0.0,0.0,0,1.0,1.0,0,0)
DispatchTrackball(-1,712210,2,-2.0,-2.0,0.0,0.0,0,1.0,1.0,0,0)
DispatchTrackball(-1,712217,2,4.0,1.0,0.0,0.0,0,1.0,1.0,0,0)
DispatchTrackball(-1,712223,2,-2.0,3.0,0.0,0.0,0,1.0,1.0,0,0)
DispatchTrackball(-1,712228,2,-1.0,-4.0,0.0,0.0,0,1.0,1.0,0,0)
DispatchTrackball(-1,712245,2,-1.0,-1.0,0.0,0.0,0,1.0,1.0,0,0)
DispatchTrackball(-1,712250,2,0.0,-1.0,0.0,0.0,0,1.0,1.0,0,0)
DispatchTrackball(-1,712256,2,-2.0,-5.0,0.0,0.0,0,1.0,1.0,0,0)
DispatchKey(712277,712277,0,19,0,0,-1,0)
DispatchKey(712510,712510,1,19,0,0,-1,0)
DispatchPointer(712662,712663,0,121.0,13.0,0.0,0.0,0,1.0,1.0,0,0)
DispatchPointer(712662,712697,261,111.41087,0.6538868,0.0,0.0,0,1.0,1.0,0,0)
DispatchPointer(712662,712731,2,108.069916,0.0,0.0,0.0,0,1.0,1.0,0,0)
DispatchPointer(712662,712740,2,91.85126,0.0,0.0,0.0,0,1.0,1.0,0,0)
DispatchPointer(712662,712793,262,84.55666,0.0,0.0,0.0,0,1.0,1.0,0,0)
DispatchPointer(712662,712810,1,70.874695,0.0,0.0,0.0,0,1.0,1.0,0,0)
DispatchKey(712828,712828,0,82,0,0,-1,0)
DispatchKey(712862,712862,1,82,0,0,-1,0)
DispatchKey(712888,712888,0,82,0,0,-1,0)
DispatchKey(712919,712919,1,82,0,0,-1,0)
DispatchPointer(712958,712958,0,80.0,140.0,0.0,0.0,0,1.0,1.0,0,0)
DispatchPointer(712958,712973,1,80.68057,125.51448,0.0,0.0,0,1.0,1.0,0,0)
DispatchPointer(712988,712989,0,447.0,339.0,0.0,0.0,0,1.0,1.0,0,0)
DispatchPointer(712988,713013,2,446.1843,339.00653,0.0,0.0,0,1.0,1.0,0,0)
DispatchPointer(712988,713022,1,444.66574,339.19827,0.0,0.0,0,1.0,1.0,0,0)
DispatchPointer(713050,713061,0,265.0,569.0,0.0,0.0,0,1.0,1.0,0,0)
DispatchPointer(713050,713087,2,250.80333,569.5808,0.0,0.0,0,1.0,1.0,0,0)
DispatchPointer(713050,713094,1,234.93135,569.9865,0.0,0.0,0,1.0,1.0,0,0)
DispatchPointer(713110,713110,0,217.0,443.0,0.0,0.0,0,1.0,1.0,0,0)
DispatchPointer(713110,713167,1,201.72415,451.68716,0.0,0.0,0,1.0,1.0,0,0)
DispatchPointer(713193,713194,0,381.0,745.0,0.0,0.0,0,1.0,1.0,0,0)
DispatchPointer(713193,713224,2,384.3983,754.6048,0.0,0.0,0,1.0,1.0,0,0)
DispatchPointer(713193,713251,2,385.41364,759.4898,0.0,0.0,0,1.0,1.0,0,0)
DispatchPointer(713193,713260,2,387.13028,763.37946,0.0,0.0,0,1.0,1.0,0,0)
DispatchPointer(713193,713275,2,387.80103,770.9134,0.0,0.0,0,1.0,1.0,0,0)
DispatchPointer(713193,713293,1,390.2439,775.2163,0.0,0.0,0,1.0,1.0,0,0)
DispatchKey(713320,713320,0,19,0,0,-1,0)
DispatchKey(713353,713353,1,19,0,0,-1,0)
DispatchPointer(713378,713379,0,306.0,507.0,0.0,0.0,0,1.0,1.0,0,0)
DispatchPointer(713378,713391,2,316.98288,511.2227,0.0,0.0,0,1.0,1.0,0,0)
DispatchPointer(713378,713416,2,327.70078,515.42804,0.0,0.0,0,1.0,1.0,0,0)
DispatchPointer(713378,713423,2,330.41226,521.041,0.0,0.0,0,1.0,1.0,0,0)
DispatchPointer(713378,713435,2,333.15067,521.13837,0.0,0.0,0,1.0,1.0,0,0)
DispatchPointer(713378,713452,1,344.1184,531.1762,0.0,0.0,0,1.0,1.0,0,0)
DispatchPointer(713494,713494,0,1.0,569.0,0.0,0.0,0,1.0,1.0,0,0)
DispatchPointer(713494,713508,1,4.9491158,571.39886,0.0,0.0,0,1.0,1.0,0,0)
DispatchKey(713527,713527,0,23,0,0,-1,0)
DispatchKey(713574,713574,1,23,0,0,-1,0)
DispatchKey(713589,713589,0,23,0,0,-1,0)
DispatchKey(713610,713610,1,23,0,0,-1,0)
LaunchActivity(com.smorgasbork.hotdeath,com.smorgasbork.hotdeath.Main)
DispatchKey(714300,714300,0,21,0,0,-1,0)
DispatchKey(715635,715635,1,21,0,0,-1,0)
DispatchTrackball(-1,715692,2,2.0,4.0,0.0,0.0,0,1.0,1.0,0,0)
DispatchTrackball(-1,715768,2,-1.0,-5.0,0.0,0.0,0,1.0,1.0,0,0)
DispatchTrackball(-1,715824,2,4.0,-3.0,0.0,0.0,0,1.0,1.0,0,0)
DispatchTrackball(-1,715830,2,-2.0,2.0,0.0,0.0,0,1.0,1.0,0,0)
DispatchTrackball(-1,715848,2,-2.0,-3.0,0.0,0.0,0,1.0,1.0,0,0)
DispatchTrackball(-1,715855,2,1.0,3.0,0.0,0.0,0,1.0,1.0,0,0)
DispatchTrackball(-1,715872,2,-3.0,-5.0,0.0,0.0,0,1.0,1.0,0,0)
DispatchTrackball(-1,715879,2,1.0,-1.0,0.0,0.0,0,1.0,1.0,0,0)
DispatchTrackball(-1,715897,2,0.0,-3.0,0.0,0.0,0,1.0,1.0,0,0)
DispatchTrackball(-1,715903,2,-2.0,-2.0,0.0,0.0,0,1.0,1.0,0,0)
DispatchPointer(715913,715914,0,5.0,234.0,0.0,0.0,0,1.0,1.0,0,0)
DispatchPointer(715913,715927,2,0.0,233.873,0.0,0.0,0,1.0,1.0,0,0)
DispatchPointer(715913,715937,2,0.0,224.61484,0.0,0.0,0,1.0,1.0,0,0)
DispatchPointer(715913,715954,2,0.0,218.46219,0.0,0.0,0,1.0,1.0,0,0)
DispatchPointer(715913,715959,1,0.0,206.76898,0.0,0.0,0,1.0,1.0,0,0)
DispatchTrackball(-1,715988,2,-5.0,-5.0,0.0,0.0,0,1.0,1.0,0,0)
DispatchTrackball(-1,715997,2,1.0,4.0,0.0,0.0,0,1.0,1.0,0,0)
DispatchTrackball(-1,716004,2,2.0,3.0,0.0,0.0,0,1.0,1.0,0,0)
DispatchTrackball(-1,716022,2,-5.0,-1.0,0.0,0.0,0,1.0,1.0,0,0)
DispatchTrackball(-1,716028,2,4.0,-2.0,0.0,0.0,0,1.0,1.0,0,0)
DispatchTrackball(-1,716038,2,-2.0,-1.0,0.0,0.0,0,1.0,1.0,0,0)
DispatchTrackball(-1,716045,2,-4.0,3.0,0.0,0.0,0,1.0,1.0,0,0)
DispatchTrackball(-1,716053,2,1.0,1.0,0.0,0.0,0,1.0,1.0,0,0)
DispatchTrackball(-1,716071,2,0.0,-3.0,0.0,0.0,0,1.0,1.0,0,0)
DispatchTrackball(-1,716079,2,0.0,-4.0,0.0,0.0,0,1.0,1.0,0,0)
DispatchTrackball(715988,716085,0,0.0,0.0,0.0,0.0,0,1.0,1.0,0,0)
DispatchTrackball(715988,716091,1,0.0,0.0,0.0,0.0,0,1.0,1.0,0,0)
DispatchKey(716125,716125,0,20,0,0,-1,0)
DispatchKey(716434,716434,1,20,0,0,-1,0)
DispatchKey(716458,716458,0,20,0,0,-1,0)
DispatchKey(716510,716510,1,20,0,0,-1,0)
DispatchKey(716717,716717,0,20,0,0,-1,0)
DispatchKey(716862,716862,1,20,0,0,-1,0)
DispatchPointer(716908,716909,0,310.0,444.0,0.0,0.0,0,1.0,1.0,0,0)
DispatchPointer(716908,716935,261,303.41473,442.5896,0.0,0.0,0,1.0,1.0,0,0)
DispatchPointer(716908,716954,2,298.94547,440.48264,0.0,0.0,0,1.0,1.0,0,0)
DispatchPointer(716908,716967,2,291.45215,436.9107,0.0,0.0,0,1.0,1.0,0,0)
DispatchPointer(716908,716978,2,290.17075,433.18607,0.0,0.0,0,1.0,1.0,0,0)
DispatchPointer(716908,717001,262,286.40814,430.60907,0.0,0.0,0,1.0,1.0,0,0)
DispatchPointer(716908,717020,1,284.98633,426.74207,0.0,0.0,0,1.0,1.0,0,0)
DispatchKey(717036,717036,0,19,0,0,-1,0)
DispatchKey(717106,717106,1,19,0,0,-1,0)
DispatchKey(717235,717235,0,129,0,0,-1,0)
DispatchKey(717245,717245,1,129,0,0,-1,0)
DispatchPointer(717275,717275,0,179.0,495.0,0.0,0.0,0,1.0,1.0,0,0)
DispatchPointer(717275,717289,1,170.39986,503.22134,0.0,0.0,0,1.0,1.0,0,0)
DispatchKey(717341,717341,0,23,0,0,-1,0)
DispatchKey(717352,717352,1,23,0,0,-1,0)
DispatchKey(717431,717431,0,21,0,0,-1,0)
DispatchKey(717443,717443,1,21,0,0,-1,0)
DispatchPointer(717819,717819,0,382.0,649.0,0.0,0.0,0,1.0,1.0,0,0)
DispatchPointer(717819,717842,1,392.11438,651.2251,0.0,0.0,0,1.0,1.0,0,0)
DispatchTrackball(-1,717884,2,0.0,-3.0,0.0,0.0,0,1.0,1.0,0,0)
DispatchTrackball(-1,717896,2,1.0,2.0,0.0,0.0,0,1.0,1.0,0,0)
DispatchTrackball(-1,717904,2,-1.0,4.0,0.0,0.0,0,1.0,1.0,0,0)
DispatchTrackball(-1,717921,2,4.0,0.0,0.0,0.0,0,1.0,1.0,0,0)
DispatchTrackball(-1,717927,2,-5.0,-3.0,0.0,0.0,0,1.0,1.0,0,0)
DispatchTrackball(-1,717943,2,-3.0,1.0,0.0,0.0,0,1.0,1.0,0,0)
DispatchTrackball(-1,717949,2,-2.0,2.0,0.0,0.0,0,1.0,1.0,0,0)
DispatchTrackball(-1,717969,2,1.0,3.0,0.0,0.0,0,1.0,1.0,0,0)
DispatchTrackball(-1,717982,2,-4.0,-2.0,0.0,0.0,0,1.0,1.0,0,0)
DispatchTrackball(-1,718004,2,3.0,-3.0,0.0,0.0,0,1.0,1.0,0,0)
DispatchPointer(718019,718019,0,306.0,579.0,0.0,0.0,0,1.0,1.0,0,0)
DispatchPointer(718019,718039,1,303.60062,568.3046,0.0,0.0,0,1.0,1.0,0,0)
DispatchTrackball(-1,718068,2,-5.0,3.0,0.0,0.0,0,1.0,1.0,0,0)
DispatchTrackball(-1,718078,2,3.0,0.0,0.0,0.0,0,1.0,1.0,0,0)
DispatchTrackball(-1,718087,2,3.0,2.0,0.0,0.0,0,1.0,1.0,0,0)
DispatchTrackball(-1,718102,2,-2.0,-5.0,0.0,0.0,0,1.0,1.0,0,0)
DispatchTrackball(-1,718108,2,4.0,-2.0,0.0,0.0,0,1.0,1.0,0,0)
DispatchTrackball(-1,718129,2,0.0,-4.0,0.0,0.0,0,1.0,1.0,0,0)
DispatchTrackball(-1,718139,2,3.0,-2.0,0.0,0.0,0,1.0,1.0,0,0)
DispatchTrackball(-1,718147,2,3.0,-1.0,0.0,0.0,0,1.0,1.0,0,0)
DispatchTrackball(-1,718157,2,1.0,-4.0,0.0,0.0,0,1.0,1.0,0,0)
DispatchTrackball(-1,718175,2,-1.0,0.0,0.0,0.0,0,1.0,1.0,0,0)
GUIGen(1)
DispatchTrackball(-1,723126,2,-1.0,-3.0,0.0,0.0,0,1.0,1.0,0,0)
DispatchTrackball(-1,723139,2,2.0,4.0,0.0,0.0,0,1.0,1.0,0,0)
DispatchTrackball(-1,723147,2,-1.0,-3.0,0.0,0.0,0,1.0,1.0,0,0)
DispatchTrackball(-1,723154,2,3.0,-2.0,0.0,0.0,0,1.0,1.0,0,0)
DispatchTrackball(-1,723170,2,-4.0,3.0,0.0,0.0,0,1.0,1.0,0,0)
DispatchTrackball(-1,723178,2,-1.0,-4.0,0.0,0.0,0,1.0,1.0,0,0)
DispatchTrackball(-1,723222,2,-4.0,-5.0,0.0,0.0,0,1.0,1.0,0,0)
DispatchTrackball(-1,723229,2,3.0,-5.0,0.0,0.0,0,1.0,1.0,0,0)
DispatchTrackball(-1,723235,2,4.0,-4.0,0.0,0.0,0,1.0,1.0,0,0)
DispatchTrackball(-1,723251,2,-2.0,-5.0,0.0,0.0,0,1.0,1.0,0,0)
DispatchKey(723258,723258,0,59,0,0,-1,0)
DispatchKey(723378,723378,1,59,0,0,-1,0)
DispatchKey(723417,723417,0,82,0,0,-1,0)
DispatchKey(723429,723429,1,82,0,0,-1,0)
DispatchKey(723445,723445,0,22,0,0,-1,0)
DispatchKey(723464,723464,1,22,0,0,-1,0)
DispatchKey(723477,723477,0,20,0,0,-1,0)
DispatchKey(723490,723490,1,20,0,0,-1,0)
DispatchKey(723527,723527,0,182,0,0,-1,0)
DispatchKey(723595,723595,1,182,0,0,-1,0)
DispatchPointer(723623,723623,0,25.0,695.0,0.0,0.0,0,1.0,1.0,0,0)
DispatchPointer(723623,723657,1,16.548145,684.8574,0.0,0.0,0,1.0,1.0,0,0)
DispatchPointer(723675,723676,0,333.0,674.0,0.0,0.0,0,1.0,1.0,0,0)
DispatchPointer(723675,723692,2,330.59952,678.15186,0.0,0.0,0,1.0,1.0,0,0)
DispatchPointer(723675,723699,2,330.50934,696.51685,0.0,0.0,0,1.0,1.0,0,0)
DispatchPointer(723675,723736,2,319.2413,716.83655,0.0,0.0,0,1.0,1.0,0,0)
DispatchPointer(723675,723754,2,319.1096,734.87415,0.0,0.0,0,1.0,1.0,0,0)
DispatchPointer(723675,723770,2,316.5241,751.74603,0.0,0.0,0,1.0,1.0,0,0)
DispatchPointer(723675,723777,2,314.61554,771.7165,0.0,0.0,0,1.0,1.0,0,0)
DispatchPointer(723675,723782,1,309.95352,787.6915,0.0,0.0,0,1.0,1.0,0,0)
DispatchPointer(723820,723820,0,139.0,204.0,0.0,0.0,0,1.0,1.0,0,0)
DispatchPointer(723820,723838,1,138.90085,213.35033,0.0,0.0,0,1.0,1.0,0,0)
DispatchPointer(723872,723874,0,364.0,482.0,0.0,0.0,0,1.0,1.0,0,0)
DispatchPointer(723872,723899,2,371.13684,478.5315,0.0,0.0,0,1.0,1.0,0,0)
DispatchPointer(723872,723944,2,375.1798,473.11032,0.0,0.0,0,1.0,1.0,0,0)
DispatchPointer(723872,723950,2,388.59756,469.8301,0.0,0.0,0,1.0,1.0,0,0)
DispatchPointer(723872,723959,2,410.41742,467.42902,0.0,0.0,0,1.0,1.0,0,0)
DispatchPointer(723872,723966,2,421.00735,462.2027,0.0,0.0,0,1.0,1.0,0,0)
DispatchPointer(723872,723981,2,429.95352,462.1972,0.0,0.0,0,1.0,1.0,0,0)
DispatchPointer(723872,724007,2,448.71036,458.0461,0.0,0.0,0,1.0,1.0,0,0)
DispatchPointer(723872,724023,1,458.06204,453.64563,0.0,0.0,0,1.0,1.0,0,0)
DispatchKey(724038,724038,0,20,0,0,-1,0)
DispatchKey(724100,724100,1,20,0,0,-1,0)
DispatchKey(724203,724203,0,3,0,0,-1,0)
DispatchKey(724217,724217,1,3,0,0,-1,0)
DispatchKey(724346,724346,0,20,0,0,-1,0)
DispatchKey(724540,724540,1,20,0,0,-1,0)
DispatchKey(724666,724666,0,23,0,0,-1,0)
DispatchKey(724727,724727,0,20,0,0,-1,0)
DispatchKey(724897,724897,1,20,0,0,-1,0)
DispatchKey(724920,724920,0,20,0,0,-1,0)
DispatchKey(724997,724997,1,20,0,0,-1,0)
DispatchKey(725061,725061,0,179,0,0,-1,0)
DispatchKey(725177,725177,1,179,0,0,-1,0)
DispatchKey(725233,725233,0,153,0,0,-1,0)
DispatchKey(725251,725251,1,153,0,0,-1,0)
DispatchKey(725291,725291,0,20,0,0,-1,0)
DispatchKey(725392,725392,1,20,0,0,-1,0)
DispatchKey(725405,725405,0,82,0,0,-1,0)
DispatchKey(725505,725505,1,82,0,0,-1,0)
DispatchKey(725554,725554,0,21,0,0,-1,0)
DispatchKey(725570,725570,1,21,0,0,-1,0)
DispatchTrackball(-1,725599,2,0.0,3.0,0.0,0.0,0,1.0,1.0,0,0)
DispatchTrackball(-1,725615,2,0.0,-2.0,0.0,0.0,0,1.0,1.0,0,0)
DispatchTrackball(-1,725634,2,-2.0,4.0,0.0,0.0,0,1.0,1.0,0,0)
DispatchTrackball(-1,725653,2,-3.0,-2.0,0.0,0.0,0,1.0,1.0,0,0)
DispatchTrackball(-1,725664,2,-5.0,-3.0,0.0,0.0,0,1.0,1.0,0,0)
DispatchTrackball(-1,725683,2,3.0,0.0,0.0,0.0,0,1.0,1.0,0,0)
DispatchTrackball(-1,725701,2,-3.0,4.0,0.0,0.0,0,1.0,1.0,0,0)
DispatchTrackball(-1,725708,2,-2.0,4.0,0.0,0.0,0,1.0,1.0,0,0)
DispatchTrackball(-1,725722,2,1.0,-4.0,0.0,0.0,0,1.0,1.0,0,0)
DispatchTrackball(-1,725732,2,-3.0,2.0,0.0,0.0,0,1.0,1.0,0,0)
DispatchTrackball(-1,725751,2,-4.0,-5.0,0.0,0.0,0,1.0,1.0,0,0)
DispatchTrackball(-1,725766,2,-1.0,-5.0,0.0,0.0,0,1.0,1.0,0,0)
DispatchTrackball(-1,725794,2,-5.0,-4.0,0.0,0.0,0,1.0,1.0,0,0)
DispatchTrackball(-1,725803,2,3.0,3.0,0.0,0.0,0,1.0,1.0,0,0)
DispatchTrackball(-1,725810,2,0.0,0.0,0.0,0.0,0,1.0,1.0,0,0)
DispatchTrackball(-1,725828,2,2.0,-2.0,0.0,0.0,0,1.0,1.0,0,0)
DispatchTrackball(-1,725845,2,-5.0,0.0,0.0,0.0,0,1.0,1.0,0,0)
DispatchTrackball(-1,725907,2,0.0,-1.0,0.0,0.0,0,1.0,1.0,0,0)
DispatchTrackball(-1,725931,2,-3.0,0.0,0.0,0.0,0,1.0,1.0,0,0)
DispatchTrackball(-1,725939,2,-4.0,4.0,0.0,0.0,0,1.0,1.0,0,0)
DispatchTrackball(-1,725958,2,-3.0,-4.0,0.0,0.0,0,1.0,1.0,0,0)
DispatchTrackball(-1,725982,2,-5.0,-3.0,0.0,0.0,0,1.0,1.0,0,0)
DispatchTrackball(-1,725989,2,-3.0,3.0,0.0,0.0,0,1.0,1.0,0,0)
DispatchTrackball(-1,726008,2,3.0,-4.0,0.0,0.0,0,1.0,1.0,0,0)
DispatchTrackball(-1,726105,2,-2.0,2.0,0.0,0.0,0,1.0,1.0,0,0)
DispatchTrackball(-1,726122,2,2.0,-5.0,0.0,0.0,0,1.0,1.0,0,0)
DispatchTrackball(-1,726129,2,0.0,-1.0,0.0,0.0,0,1.0,1.0,0,0)
DispatchTrackball(-1,726137,2,2.0,-3.0,0.0,0.0,0,1.0,1.0,0,0)
DispatchTrackball(-1,726145,2,-1.0,-1.0,0.0,0.0,0,1.0,1.0,0,0)
DispatchTrackball(-1,726165,2,-5.0,-4.0,0.0,0.0,0,1.0,1.0,0,0)
DispatchTrackball(-1,726181,2,0.0,-3.0,0.0,0.0,0,1.0,1.0,0,0)
DispatchTrackball(-1,726205,2,3.0,4.0,0.0,0.0,0,1.0,1.0,0,0)
DispatchTrackball(-1,726212,2,-3.0,-3.0,0.0,0.0,0,1.0,1.0,0,0)
DispatchTrackball(-1,726232,2,-1.0,-3.0,0.0,0.0,0,1.0,1.0,0,0)
DispatchTrackball(-1,726245,2,2.0,-4.0,0.0,0.0,0,1.0,1.0,0,0)
DispatchTrackball(-1,726264,2,-5.0,2.0,0.0,0.0,0,1.0,1.0,0,0)
DispatchTrackball(-1,726312,2,2.0,3.0,0.0,0.0,0,1.0,1.0,0,0)
DispatchTrackball(-1,726333,2,0.0,-2.0,0.0,0.0,0,1.0,1.0,0,0)
DispatchTrackball(-1,726342,2,-2.0,3.0,0.0,0.0,0,1.0,1.0,0,0)
DispatchTrackball(-1,726353,2,0.0,-1.0,0.0,0.0,0,1.0,1.0,0,0)
DispatchPointer(726365,726365,0,465.0,101.0,0.0,0.0,0,1.0,1.0,0,0)
DispatchPointer(726365,726382,2,472.28625,115.78258,0.0,0.0,0,1.0,1.0,0,0)
DispatchPointer(726365,726402,2,480.0,123.19657,0.0,0.0,0,1.0,1.0,0,0)
DispatchPointer(726365,726409,2,480.0,134.38635,0.0,0.0,0,1.0,1.0,0,0)
DispatchPointer(726365,726435,1,480.0,141.85028,0.0,0.0,0,1.0,1.0,0,0)
DispatchKey(726466,726466,0,19,0,0,-1,0)
DispatchKey(726622,726622,1,19,0,0,-1,0)
DispatchKey(726784,726784,0,82,0,0,-1,0)
DispatchKey(726815,726815,1,82,0,0,-1,0)
LaunchActivity(com.smorgasbork.hotdeath,com.smorgasbork.hotdeath.Main)
DispatchPointer(726949,726953,0,68.0,64.0,0.0,0.0,0,1.0,1.0,0,0)
DispatchPointer(726949,726977,261,67.55801,65.16631,0.0,0.0,0,1.0,1.0,0,0)
DispatchPointer(726949,726989,2,66.80704,69.28881,0.0,0.0,0,1.0,1.0,0,0)
DispatchPointer(726949,726999,2,66.41053,69.97621,0.0,0.0,0,1.0,1.0,0,0)
DispatchPointer(726949,727017,2,64.84472,82.41346,0.0,0.0,0,1.0,1.0,0,0)
DispatchPointer(726949,727027,2,63.089527,85.65699,0.0,0.0,0,1.0,1.0,0,0)
DispatchPointer(726949,727042,262,61.788906,102.29908,0.0,0.0,0,1.0,1.0,0,0)
DispatchPointer(726949,727047,1,60.73013,105.82686,0.0,0.0,0,1.0,1.0,0,0)
DispatchTrackball(-1,727082,2,-3.0,-4.0,0.0,0.0,0,1.0,1.0,0,0)
DispatchTrackball(-1,727094,2,0.0,4.0,0.0,0.0,0,1.0,1.0,0,0)
DispatchTrackball(-1,727110,2,3.0,-1.0,0.0,0.0,0,1.0,1.0,0,0)
DispatchTrackball(-1,727125,2,1.0,-3.0,0.0,0.0,0,1.0,1.0,0,0)
DispatchTrackball(-1,727132,2,-4.0,-2.0,0.0,0.0,0,1.0,1.0,0,0)
DispatchTrackball(-1,727192,2,-2.0,4.0,0.0,0.0,0,1.0,1.0,0,0)
DispatchTrackball(-1,727204,2,2.0,-1.0,0.0,0.0,0,1.0,1.0,0,0)
DispatchTrackball(-1,727209,2,-5.0,0.0,0.0,0.0,0,1.0,1.0,0,0)
DispatchTrackball(-1,727242,2,1.0,-2.0,0.0,0.0,0,1.0,1.0,0,0)
DispatchTrackball(-1,727253,2,-1.0,-3.0,0.0,0.0,0,1.0,1.0,0,0)
DispatchKey(727260,727260,0,3,0,0,-1,0)
DispatchKey(727284,727284,1,3,0,0,-1,0)
DispatchTrackball(-1,727336,2,-1.0,2.0,0.0,0.0,0,1.0,1.0,0,0)
DispatchTrackball(-1,727349,2,-2.0,2.0,0.0,0.0,0,1.0,1.0,0,0)
DispatchTrackball(-1,727451,2,0.0,1.0,0.0,0.0,0,1.0,1.0,0,0)
DispatchTrackball(-1,727459,2,0.0,3.0,0.0,0.0,0,1.0,1.0,0,0)
DispatchTrackball(-1,727467,2,-5.0,1.0,0.0,0.0,0,1.0,1.0,0,0)
DispatchTrackball(-1,727474,2,4.0,3.0,0.0,0.0,0,1.0,1.0,0,0)
DispatchTrackball(-1,727481,2,1.0,0.0,0.0,0.0,0,1.0,1.0,0,0)
DispatchTrackball(-1,727487,2,-4.0,1.0,0.0,0.0,0,1.0,1.0,0,0)
DispatchTrackball(-1,727502,2,4.0,2.0,0.0,0.0,0,1.0,1.0,0,0)
DispatchTrackball(-1,727510,2,3.0,-1.0,0.0,0.0,0,1.0,1.0,0,0)
DispatchTrackball(-1,727528,2,-1.0,3.0,0.0,0.0,0,1.0,1.0,0,0)
DispatchTrackball(-1,727550,2,0.0,4.0,0.0,0.0,0,1.0,1.0,0,0)
DispatchTrackball(-1,727567,2,-1.0,4.0,0.0,0.0,0,1.0,1.0,0,0)
DispatchTrackball(-1,727575,2,-5.0,-5.0,0.0,0.0,0,1.0,1.0,0,0)
DispatchTrackball(-1,727582,2,-2.0,4.0,0.0,0.0,0,1.0,1.0,0,0)
DispatchTrackball(-1,727589,2,-3.0,-5.0,0.0,0.0,0,1.0,1.0,0,0)
DispatchTrackball(-1,727598,2,-2.0,3.0,0.0,0.0,0,1.0,1.0,0,0)
DispatchTrackball(-1,727614,2,-5.0,0.0,0.0,0.0,0,1.0,1.0,0,0)
DispatchTrackball(-1,727620,2,3.0,1.0,0.0,0.0,0,1.0,1.0,0,0)
DispatchTrackball(-1,727637,2,-3.0,1.0,0.0,0.0,0,1.0,1.0,0,0)
DispatchKey(727786,727786,1,2,0,0,-1,0)
DispatchKey(727858,727858,0,23,0,0,-1,0)
DispatchKey(727896,727896,1,23,0,0,-1,0)
DispatchTrackball(-1,727925,2,-5.0,2.0,0.0,0.0,0,1.0,1.0,0,0)
DispatchTrackball(-1,727938,2,-5.0,-2.0,0.0,0.0,0,1.0,1.0,0,0)
DispatchTrackball(-1,727947,2,0.0,-3.0,0.0,0.0,0,1.0,1.0,0,0)
DispatchTrackball(-1,727952,2,-5.0,-2.0,0.0,0.0,0,1.0,1.0,0,0)
DispatchTrackball(-1,727978,2,3.0,4.0,0.0,0.0,0,1.0,1.0,0,0)
DispatchTrackball(-1,727989,2,0.0,1.0,0.0,0.0,0,1.0,1.0,0,0)
DispatchTrackball(-1,728026,2,-1.0,3.0,0.0,0.0,0,1.0,1.0,0,0)
DispatchTrackball(-1,728036,2,-1.0,4.0,0.0,0.0,0,1.0,1.0,0,0)
DispatchTrackball(-1,728041,2,-5.0,-4.0,0.0,0.0,0,1.0,1.0,0,0)
DispatchTrackball(-1,728046,2,3.0,-4.0,0.0,0.0,0,1.0,1.0,0,0)
DispatchPointer(728072,728072,0,449.0,202.0,0.0,0.0,0,1.0,1.0,0,0)
DispatchPointer(728072,728112,1,448.5207,210.55882,0.0,0.0,0,1.0,1.0,0,0)
DispatchKey(728136,728136,0,22,0,0,-1,0)
DispatchKey(728248,728248,1,22,0,0,-1,0)
DispatchKey(728377,728377,0,20,0,0,-1,0)
DispatchKey(728397,728397,1,20,0,0,-1,0)
DispatchKey(729197,729197,0,21,0,0,-1,0)
DispatchKey(729213,729213,1,21,0,0,-1,0)
DispatchTrackball(-1,729228,2,1.0,0.0,0.0,0.0,0,1.0,1.0,0,0)
DispatchTrackball(-1,729238,2,-4.0,0.0,0.0,0.0,0,1.0,1.0,0,0)
DispatchTrackball(-1,729246,2,1.0,1.0,0.0,0.0,0,1.0,1.0,0,0)
DispatchTrackball(-1,729271,2,3.0,1.0,0.0,0.0,0,1.0,1.0,0,0)
DispatchTrackball(-1,729277,2,-2.0,-1.0,0.0,0.0,0,1.0,1.0,0,0)
DispatchTrackball(-1,729292,2,4.0,0.0,0.0,0.0,0,1.0,1.0,0,0)
DispatchTrackball(-1,729312,2,3.0,2.0,0.0,0.0,0,1.0,1.0,0,0)
DispatchTrackball(-1,729332,2,2.0,1.0,0.0,0.0,0,1.0,1.0,0,0)
DispatchTrackball(-1,729339,2,-3.0,-1.0,0.0,0.0,0,1.0,1.0,0,0)
DispatchTrackball(-1,729345,2,2.0,-3.0,0.0,0.0,0,1.0,1.0,0,0)
DispatchKey(729363,729363,0,23,0,0,-1,0)
DispatchKey(729516,729516,1,23,0,0,-1,0)
DispatchKey(729558,729558,0,5,0,0,-1,0)
DispatchKey(729642,729642,1,5,0,0,-1,0)
DispatchKey(729693,729693,0,21,0,0,-1,0)
DispatchKey(729730,729730,1,21,0,0,-1,0)
DispatchPointer(729775,729776,0,383.0,573.0,0.0,0.0,0,1.0,1.0,0,0)
DispatchPointer(729775,729799,2,381.6535,568.36066,0.0,0.0,0,1.0,1.0,0,0)
DispatchPointer(729775,729850,2,380.97488,566.87555,0.0,0.0,0,1.0,1.0,0,0)
DispatchPointer(729775,729857,2,378.9317,563.5285,0.0,0.0,0,1.0,1.0,0,0)
DispatchPointer(729775,729873,2,376.6089,556.4343,0.0,0.0,0,1.0,1.0,0,0)
DispatchPointer(729775,729879,2,374.90137,555.21075,0.0,0.0,0,1.0,1.0,0,0)
DispatchPointer(729775,729897,1,373.61325,548.95544,0.0,0.0,0,1.0,1.0,0,0)
DispatchKey(729933,729933,0,152,0,0,-1,0)
DispatchKey(729972,729972,1,152,0,0,-1,0)
DispatchPointer(730114,730114,0,411.0,370.0,0.0,0.0,0,1.0,1.0,0,0)
DispatchPointer(730114,730139,1,411.84354,365.15378,0.0,0.0,0,1.0,1.0,0,0)
DispatchKey(730170,730170,0,82,0,0,-1,0)
DispatchKey(730269,730269,1,82,0,0,-1,0)
DispatchKey(730377,730377,0,21,0,0,-1,0)
DispatchKey(730398,730398,1,21,0,0,-1,0)
DispatchKey(730459,730459,0,20,0,0,-1,0)
DispatchKey(730539,730539,1,20,0,0,-1,0)
DispatchTrackball(-1,730601,2,4.0,1.0,0.0,0.0,0,1.0,1.0,0,0)
DispatchTrackball(-1,730614,2,1.0,1.0,0.0,0.0,0,1.0,1.0,0,0)
