type= raw events
count= -1
speed= 1.0
start data >>
DispatchPointer(770622,770624,0,276.0,175.0,0.0,0.0,0,1.0,1.0,0,0)
DispatchPointer(770622,770652,1,280.34555,170.08636,0.0,0.0,0,1.0,1.0,0,0)
DispatchTrackball(-1,770698,2,-1.0,3.0,0.0,0.0,0,1.0,1.0,0,0)
DispatchTrackball(-1,773380,2,3.0,3.0,0.0,0.0,0,1.0,1.0,0,0)
DispatchTrackball(-1,773403,2,2.0,0.0,0.0,0.0,0,1.0,1.0,0,0)
DispatchTrackball(-1,773425,2,-4.0,1.0,0.0,0.0,0,1.0,1.0,0,0)
DispatchTrackball(-1,773438,2,0.0,3.0,0.0,0.0,0,1.0,1.0,0,0)
DispatchTrackball(-1,773458,2,-3.0,-3.0,0.0,0.0,0,1.0,1.0,0,0)
DispatchTrackball(-1,773465,2,0.0,-5.0,0.0,0.0,0,1.0,1.0,0,0)
DispatchTrackball(-1,773482,2,-4.0,-4.0,0.0,0.0,0,1.0,1.0,0,0)
DispatchTrackball(-1,773504,2,-2.0,-5.0,0.0,0.0,0,1.0,1.0,0,0)
DispatchTrackball(-1,773510,2,2.0,-1.0,0.0,0.0,0,1.0,1.0,0,0)
DispatchKey(773545,773545,0,214,0,0,-1,0)
DispatchKey(773605,773605,1,214,0,0,-1,0)
DispatchKey(773632,773632,0,22,0,0,-1,0)
DispatchKey(773650,773650,1,22,0,0,-1,0)
GUIGen(5)
DispatchKey(786707,786707,0,21,0,0,-1,0)
DispatchKey(786720,786720,1,21,0,0,-1,0)
DispatchPointer(786931,786943,0,471.0,371.0,0.0,0.0,0,1.0,1.0,0,0)
DispatchPointer(786931,786967,1,480.0,355.4947,0.0,0.0,0,1.0,1.0,0,0)
DispatchKey(787010,787010,0,21,0,0,-1,0)
DispatchKey(787060,787060,1,21,0,0,-1,0)
DispatchPointer(787121,787121,0,451.0,724.0,0.0,0.0,0,1.0,1.0,0,0)
DispatchPointer(787121,787137,1,447.7991,722.53613,0.0,0.0,0,1.0,1.0,0,0)
DispatchTrackball(-1,787168,2,-3.0,-2.0,0.0,0.0,0,1.0,1.0,0,0)
DispatchTrackball(-1,787181,2,-3.0,-1.0,0.0,0.0,0,1.0,1.0,0,0)
DispatchTrackball(-1,787189,2,1.0,-1.0,0.0,0.0,0,1.0,1.0,0,0)
DispatchTrackball(-1,787207,2,0.0,3.0,0.0,0.0,0,1.0,1.0,0,0)
DispatchTrackball(-1,787224,2,-1.0,3.0,0.0,0.0,0,1.0,1.0,0,0)
DispatchTrackball(-1,787232,2,4.0,-3.0,0.0,0.0,0,1.0,1.0,0,0)
DispatchTrackball(-1,787240,2,1.0,-5.0,0.0,0.0,0,1.0,1.0,0,0)
DispatchTrackball(-1,787247,2,1.0,-3.0,0.0,0.0,0,1.0,1.0,0,0)
DispatchTrackball(-1,787293,2,1.0,0.0,0.0,0.0,0,1.0,1.0,0,0)
DispatchTrackball(-1,787300,2,4.0,-1.0,0.0,0.0,0,1.0,1.0,0,0)
DispatchKey(787319,787319,0,84,0,0,-1,0)
DispatchKey(787712,787712,1,84,0,0,-1,0)
DispatchPointer(787892,787893,0,383.0,715.0,0.0,0.0,0,1.0,1.0,0,0)
DispatchPointer(787892,787935,2,364.33096,713.2586,0.0,0.0,0,1.0,1.0,0,0)
DispatchPointer(787892,787948,2,348.26703,709.0696,0.0,0.0,0,1.0,1.0,0,0)
DispatchPointer(787892,787956,2,347.88028,708.6897,0.0,0.0,0,1.0,1.0,0,0)
DispatchPointer(787892,787971,1,341.42926,701.51544,0.0,0.0,0,1.0,1.0,0,0)
DispatchKey(788007,788007,0,14,0,0,-1,0)
DispatchKey(788066,788066,1,14,0,0,-1,0)
DispatchTrackball(-1,788113,2,-1.0,-3.0,0.0,0.0,0,1.0,1.0,0,0)
DispatchTrackball(-1,788125,2,-2.0,0.0,0.0,0.0,0,1.0,1.0,0,0)
DispatchTrackball(-1,788146,2,-2.0,-2.0,0.0,0.0,0,1.0,1.0,0,0)
DispatchTrackball(-1,788156,2,3.0,-2.0,0.0,0.0,0,1.0,1.0,0,0)
DispatchTrackball(-1,788177,2,-3.0,-2.0,0.0,0.0,0,1.0,1.0,0,0)
DispatchTrackball(-1,788193,2,-5.0,0.0,0.0,0.0,0,1.0,1.0,0,0)
DispatchTrackball(-1,788200,2,1.0,-3.0,0.0,0.0,0,1.0,1.0,0,0)
DispatchTrackball(-1,788217,2,0.0,-4.0,0.0,0.0,0,1.0,1.0,0,0)
DispatchTrackball(-1,788235,2,3.0,3.0,0.0,0.0,0,1.0,1.0,0,0)
DispatchTrackball(-1,788252,2,4.0,0.0,0.0,0.0,0,1.0,1.0,0,0)
DispatchKey(788271,788271,0,82,0,0,-1,0)
DispatchKey(788689,788689,1,82,0,0,-1,0)
DispatchKey(788722,788722,0,25,0,0,-1,0)
DispatchKey(788880,788880,1,25,0,0,-1,0)
DispatchKey(789117,789117,0,23,0,0,-1,0)
DispatchKey(789174,789174,1,23,0,0,-1,0)
DispatchTrackball(-1,789486,2,-4.0,2.0,0.0,0.0,0,1.0,1.0,0,0)
DispatchTrackball(-1,789529,2,-4.0,2.0,0.0,0.0,0,1.0,1.0,0,0)
DispatchTrackball(-1,789539,2,0.0,1.0,0.0,0.0,0,1.0,1.0,0,0)
DispatchTrackball(-1,789583,2,1.0,-3.0,0.0,0.0,0,1.0,1.0,0,0)
DispatchTrackball(-1,789606,2,-1.0,3.0,0.0,0.0,0,1.0,1.0,0,0)
DispatchTrackball(-1,789622,2,-5.0,3.0,0.0,0.0,0,1.0,1.0,0,0)
DispatchTrackball(-1,789640,2,4.0,-2.0,0.0,0.0,0,1.0,1.0,0,0)
DispatchTrackball(-1,789648,2,-1.0,1.0,0.0,0.0,0,1.0,1.0,0,0)
DispatchTrackball(-1,789655,2,4.0,1.0,0.0,0.0,0,1.0,1.0,0,0)
DispatchTrackball(-1,789662,2,-3.0,3.0,0.0,0.0,0,1.0,1.0,0,0)
DispatchKey(789669,789669,0,23,0,0,-1,0)
DispatchKey(789883,789883,1,23,0,0,-1,0)
DispatchKey(789924,789924,0,20,0,0,-1,0)
DispatchKey(789935,789935,1,20,0,0,-1,0)
DispatchTrackball(-1,789957,2,1.0,-1.0,0.0,0.0,0,1.0,1.0,0,0)
DispatchTrackball(-1,789967,2,2.0,-4.0,0.0,0.0,0,1.0,1.0,0,0)
DispatchTrackball(-1,789987,2,1.0,-2.0,0.0,0.0,0,1.0,1.0,0,0)
DispatchTrackball(-1,789994,2,-5.0,-4.0,0.0,0.0,0,1.0,1.0,0,0)
DispatchTrackball(-1,790005,2,3.0,-1.0,0.0,0.0,0,1.0,1.0,0,0)
DispatchTrackball(-1,790012,2,1.0,-1.0,0.0,0.0,0,1.0,1.0,0,0)
DispatchTrackball(-1,790023,2,0.0,0.0,0.0,0.0,0,1.0,1.0,0,0)
DispatchTrackball(-1,790029,2,-5.0,-5.0,0.0,0.0,0,1.0,1.0,0,0)
DispatchTrackball(-1,790043,2,0.0,-5.0,0.0,0.0,0,1.0,1.0,0,0)
DispatchTrackball(-1,790048,2,-2.0,-2.0,0.0,0.0,0,1.0,1.0,0,0)
DispatchTrackball(789957,790057,0,0.0,0.0,0.0,0.0,0,1.0,1.0,0,0)
DispatchTrackball(789957,790065,1,0.0,0.0,0.0,0.0,0,1.0,1.0,0,0)
DispatchKey(790097,790097,0,21,0,0,-1,0)
DispatchKey(790131,790131,1,21,0,0,-1,0)
DispatchKey(790143,790143,0,23,0,0,-1,0)
DispatchKey(790170,790170,1,23,0,0,-1,0)
DispatchTrackball(-1,790197,2,-1.0,-2.0,0.0,0.0,0,1.0,1.0,0,0)
DispatchTrackball(-1,790207,2,0.0,-2.0,0.0,0.0,0,1.0,1.0,0,0)
DispatchTrackball(-1,790217,2,1.0,-4.0,0.0,0.0,0,1.0,1.0,0,0)
DispatchTrackball(-1,790224,2,0.0,0.0,0.0,0.0,0,1.0,1.0,0,0)
DispatchTrackball(-1,790246,2,2.0,2.0,0.0,0.0,0,1.0,1.0,0,0)
DispatchTrackball(-1,790262,2,0.0,-2.0,0.0,0.0,0,1.0,1.0,0,0)
DispatchTrackball(-1,790269,2,4.0,3.0,0.0,0.0,0,1.0,1.0,0,0)
DispatchTrackball(-1,790276,2,2.0,4.0,0.0,0.0,0,1.0,1.0,0,0)
DispatchTrackball(-1,790283,2,0.0,-2.0,0.0,0.0,0,1.0,1.0,0,0)
DispatchTrackball(-1,790311,2,3.0,3.0,0.0,0.0,0,1.0,1.0,0,0)
DispatchTrackball(790197,790333,0,0.0,0.0,0.0,0.0,0,1.0,1.0,0,0)
DispatchTrackball(790197,790351,1,0.0,0.0,0.0,0.0,0,1.0,1.0,0,0)
DispatchPointer(790394,790394,0,312.0,393.0,0.0,0.0,0,1.0,1.0,0,0)
DispatchPointer(790394,790843,1,305.62796,398.8262,0.0,0.0,0,1.0,1.0,0,0)
DispatchKey(790864,790864,0,24,0,0,-1,0)
DispatchKey(791038,791038,1,24,0,0,-1,0)
DispatchKey(791061,791061,0,20,0,0,-1,0)
DispatchKey(791120,791120,1,20,0,0,-1,0)
DispatchKey(791412,791412,0,23,0,0,-1,0)
DispatchKey(791425,791425,1,23,0,0,-1,0)
DispatchPointer(791451,791451,0,286.0,96.0,0.0,0.0,0,1.0,1.0,0,0)
DispatchPointer(791451,791516,1,286.96024,91.124596,0.0,0.0,0,1.0,1.0,0,0)
DispatchKey(791543,791543,0,21,0,0,-1,0)
DispatchKey(791648,791648,1,21,0,0,-1,0)
DispatchKey(791726,791726,0,22,0,0,-1,0)
DispatchKey(792099,792099,1,22,0,0,-1,0)
DispatchPointer(792168,792168,0,420.0,17.0,0.0,0.0,0,1.0,1.0,0,0)
DispatchPointer(792168,792182,1,424.5294,3.1961384,0.0,0.0,0,1.0,1.0,0,0)
DispatchKey(792198,792198,0,199,0,0,-1,0)
DispatchKey(792267,792267,1,199,0,0,-1,0)
GUIGen(7)
DispatchPointer(811328,811329,0,60.0,589.0,0.0,0.0,0,1.0,1.0,0,0)
DispatchPointer(811328,811403,2,59.185375,585.9833,0.0,0.0,0,1.0,1.0,0,0)
DispatchPointer(811328,811463,2,55.255077,581.3153,0.0,0.0,0,1.0,1.0,0,0)
DispatchPointer(811328,811525,2,45.88678,575.1435,0.0,0.0,0,1.0,1.0,0,0)
DispatchPointer(811328,811543,1,32.713806,569.6009,0.0,0.0,0,1.0,1.0,0,0)
DispatchKey(811572,811572,0,82,0,0,-1,0)
DispatchKey(811651,811651,1,82,0,0,-1,0)
DispatchKey(811710,811710,0,23,0,0,-1,0)
DispatchKey(811740,811740,1,23,0,0,-1,0)
DispatchKey(811872,811872,0,22,0,0,-1,0)
DispatchKey(811884,811884,1,22,0,0,-1,0)
DispatchPointer(811930,811930,0,432.0,406.0,0.0,0.0,0,1.0,1.0,0,0)
DispatchPointer(811930,811950,2,418.38342,394.4281,0.0,0.0,0,1.0,1.0,0,0)
DispatchPointer(811930,811969,2,410.6224,386.0333,0.0,0.0,0,1.0,1.0,0,0)
DispatchPointer(811930,812000,1,397.4934,366.78674,0.0,0.0,0,1.0,1.0,0,0)
DispatchTrackball(-1,812024,2,-5.0,-4.0,0.0,0.0,0,1.0,1.0,0,0)
DispatchTrackball(-1,812037,2,0.0,-3.0,0.0,0.0,0,1.0,1.0,0,0)
DispatchTrackball(-1,812045,2,-4.0,-2.0,0.0,0.0,0,1.0,1.0,0,0)
DispatchTrackball(-1,812051,2,-1.0,-4.0,0.0,0.0,0,1.0,1.0,0,0)
DispatchTrackball(-1,812064,2,-3.0,2.0,0.0,0.0,0,1.0,1.0,0,0)
DispatchTrackball(-1,812080,2,-4.0,-5.0,0.0,0.0,0,1.0,1.0,0,0)
DispatchTrackball(-1,812087,2,4.0,3.0,0.0,0.0,0,1.0,1.0,0,0)
DispatchTrackball(-1,812104,2,4.0,-2.0,0.0,0.0,0,1.0,1.0,0,0)
DispatchTrackball(-1,812121,2,3.0,1.0,0.0,0.0,0,1.0,1.0,0,0)
DispatchTrackball(-1,812152,2,-1.0,4.0,0.0,0.0,0,1.0,1.0,0,0)
DispatchTrackball(812024,812160,0,0.0,0.0,0.0,0.0,0,1.0,1.0,0,0)
DispatchTrackball(812024,812213,1,0.0,0.0,0.0,0.0,0,1.0,1.0,0,0)
DispatchPointer(812232,812233,0,439.0,100.0,0.0,0.0,0,1.0,1.0,0,0)
DispatchPointer(812232,812245,1,431.9197,92.4726,0.0,0.0,0,1.0,1.0,0,0)
DispatchKey(812277,812277,0,19,0,0,-1,0)
DispatchKey(812550,812550,1,19,0,0,-1,0)
DispatchTrackball(-1,812572,2,-5.0,-1.0,0.0,0.0,0,1.0,1.0,0,0)
DispatchTrackball(-1,812585,2,4.0,-4.0,0.0,0.0,0,1.0,1.0,0,0)
DispatchTrackball(-1,812603,2,4.0,-5.0,0.0,0.0,0,1.0,1.0,0,0)
DispatchTrackball(-1,812614,2,-3.0,-3.0,0.0,0.0,0,1.0,1.0,0,0)
DispatchTrackball(-1,812619,2,4.0,-2.0,0.0,0.0,0,1.0,1.0,0,0)
DispatchTrackball(-1,812636,2,4.0,-2.0,0.0,0.0,0,1.0,1.0,0,0)
DispatchTrackball(-1,812652,2,0.0,4.0,0.0,0.0,0,1.0,1.0,0,0)
DispatchTrackball(-1,812659,2,4.0,-1.0,0.0,0.0,0,1.0,1.0,0,0)
DispatchTrackball(-1,812676,2,0.0,-5.0,0.0,0.0,0,1.0,1.0,0,0)
DispatchTrackball(-1,812694,2,4.0,1.0,0.0,0.0,0,1.0,1.0,0,0)
DispatchTrackball(-1,812706,2,-5.0,-3.0,0.0,0.0,0,1.0,1.0,0,0)
DispatchTrackball(-1,812741,2,-1.0,-3.0,0.0,0.0,0,1.0,1.0,0,0)
DispatchTrackball(-1,812748,2,-5.0,4.0,0.0,0.0,0,1.0,1.0,0,0)
DispatchTrackball(-1,812754,2,0.0,4.0,0.0,0.0,0,1.0,1.0,0,0)
DispatchTrackball(-1,812762,2,2.0,2.0,0.0,0.0,0,1.0,1.0,0,0)
DispatchTrackball(-1,812769,2,2.0,-2.0,0.0,0.0,0,1.0,1.0,0,0)
DispatchTrackball(-1,812776,2,2.0,4.0,0.0,0.0,0,1.0,1.0,0,0)
DispatchTrackball(-1,812792,2,4.0,0.0,0.0,0.0,0,1.0,1.0,0,0)
DispatchTrackball(-1,812811,2,-1.0,0.0,0.0,0.0,0,1.0,1.0,0,0)
DispatchTrackball(-1,812819,2,0.0,1.0,0.0,0.0,0,1.0,1.0,0,0)
DispatchPointer(812850,812850,0,374.0,262.0,0.0,0.0,0,1.0,1.0,0,0)
DispatchPointer(812850,812877,2,373.89862,276.64163,0.0,0.0,0,1.0,1.0,0,0)
DispatchPointer(812850,812919,2,370.52438,286.0466,0.0,0.0,0,1.0,1.0,0,0)
DispatchPointer(812850,812952,1,368.16852,290.05618,0.0,0.0,0,1.0,1.0,0,0)
DispatchKey(812977,812977,0,146,0,0,-1,0)
DispatchKey(813022,813022,1,146,0,0,-1,0)
DispatchKey(813039,813039,0,82,0,0,-1,0)
DispatchKey(813177,813177,1,82,0,0,-1,0)
DispatchKey(813220,813220,0,20,0,0,-1,0)
DispatchKey(813504,813504,1,20,0,0,-1,0)
DispatchPointer(813601,813602,0,424.0,187.0,0.0,0.0,0,1.0,1.0,0,0)
DispatchPointer(813601,813620,2,425.85855,188.25797,0.0,0.0,0,1.0,1.0,0,0)
DispatchPointer(813601,813639,2,433.32422,191.70847,0.0,0.0,0,1.0,1.0,0,0)
DispatchPointer(813601,813669,2,437.86325,194.35336,0.0,0.0,0,1.0,1.0,0,0)
DispatchPointer(813601,813700,2,445.824,198.12335,0.0,0.0,0,1.0,1.0,0,0)
DispatchPointer(813601,813708,2,456.59924,202.59229,0.0,0.0,0,1.0,1.0,0,0)
DispatchPointer(813601,813724,2,467.02545,207.19026,0.0,0.0,0,1.0,1.0,0,0)
DispatchPointer(813601,813754,1,469.9579,207.19537,0.0,0.0,0,1.0,1.0,0,0)
DispatchKey(813792,813792,0,23,0,0,-1,0)
DispatchKey(813812,813812,1,23,0,0,-1,0)
DispatchKey(813912,813912,0,21,0,0,-1,0)
DispatchKey(813955,813955,1,21,0,0,-1,0)
DispatchPointer(814005,814006,0,123.0,718.0,0.0,0.0,0,1.0,1.0,0,0)
DispatchPointer(814005,814025,2,124.496124,718.07996,0.0,0.0,0,1.0,1.0,0,0)
DispatchPointer(814005,814036,2,126.81276,718.58276,0.0,0.0,0,1.0,1.0,0,0)
DispatchPointer(814005,814048,2,128.61475,719.5209,0.0,0.0,0,1.0,1.0,0,0)
DispatchPointer(814005,814057,2,128.633,719.7207,0.0,0.0,0,1.0,1.0,0,0)
DispatchPointer(814005,814102,2,130.57463,720.0458,0.0,0.0,0,1.0,1.0,0,0)
DispatchPointer(814005,814122,2,132.43938,720.08295,0.0,0.0,0,1.0,1.0,0,0)
DispatchPointer(814005,814136,2,133.9253,720.1363,0.0,0.0,0,1.0,1.0,0,0)
DispatchPointer(814005,814153,2,136.56071,721.12683,0.0,0.0,0,1.0,1.0,0,0)
DispatchPointer(814005,814171,2,137.94908,721.8144,0.0,0.0,0,1.0,1.0,0,0)
DispatchPointer(814005,814178,1,138.35275,722.473,0.0,0.0,0,1.0,1.0,0,0)
DispatchPointer(814226,814226,0,239.0,407.0,0.0,0.0,0,1.0,1.0,0,0)
DispatchPointer(814226,814238,1,221.56541,408.75824,0.0,0.0,0,1.0,1.0,0,0)
DispatchPointer(814276,814276,0,439.0,147.0,0.0,0.0,0,1.0,1.0,0,0)
DispatchPointer(814276,814295,2,431.1007,149.73717,0.0,0.0,0,1.0,1.0,0,0)
DispatchPointer(814276,814323,2,413.3075,152.89015,0.0,0.0,0,1.0,1.0,0,0)
DispatchPointer(814276,814328,1,400.61096,155.12585,0.0,0.0,0,1.0,1.0,0,0)
DispatchKey(814339,814339,0,20,0,0,-1,0)
DispatchKey(814397,814397,1,20,0,0,-1,0)
DispatchKey(814446,814446,0,23,0,0,-1,0)
DispatchKey(814491,814491,1,23,0,0,-1,0)
DispatchPointer(814533,814535,0,473.0,708.0,0.0,0.0,0,1.0,1.0,0,0)
DispatchPointer(814533,814558,2,472.91754,700.88354,0.0,0.0,0,1.0,1.0,0,0)
DispatchPointer(814533,814589,2,472.24652,696.4892,0.0,0.0,0,1.0,1.0,0,0)
DispatchPointer(814533,814596,2,472.07446,678.1517,0.0,0.0,0,1.0,1.0,0,0)
DispatchPointer(814533,814626,2,470.57327,670.2015,0.0,0.0,0,1.0,1.0,0,0)
DispatchPointer(814533,814633,2,469.90268,668.76904,0.0,0.0,0,1.0,1.0,0,0)
DispatchPointer(814533,814639,1,467.4731,664.2166,0.0,0.0,0,1.0,1.0,0,0)
LaunchActivity(com.smorgasbork.hotdeath,com.smorgasbork.hotdeath.Main)
DispatchPointer(814717,814718,0,151.0,20.0,0.0,0.0,0,1.0,1.0,0,0)
DispatchPointer(814717,814729,1,148.31944,20.17864,0.0,0.0,0,1.0,1.0,0,0)
DispatchTrackball(-1,814854,2,-1.0,4.0,0.0,0.0,0,1.0,1.0,0,0)
DispatchTrackball(-1,814870,2,-5.0,2.0,0.0,0.0,0,1.0,1.0,0,0)
DispatchTrackball(-1,814879,2,-1.0,-5.0,0.0,0.0,0,1.0,1.0,0,0)
DispatchTrackball(-1,814914,2,-5.0,-5.0,0.0,0.0,0,1.0,1.0,0,0)
DispatchTrackball(-1,814933,2,-5.0,3.0,0.0,0.0,0,1.0,1.0,0,0)
DispatchTrackball(-1,814950,2,2.0,2.0,0.0,0.0,0,1.0,1.0,0,0)
DispatchTrackball(-1,814959,2,0.0,0.0,0.0,0.0,0,1.0,1.0,0,0)
DispatchTrackball(-1,814977,2,2.0,1.0,0.0,0.0,0,1.0,1.0,0,0)
DispatchTrackball(-1,814986,2,-4.0,-2.0,0.0,0.0,0,1.0,1.0,0,0)
DispatchTrackball(-1,815030,2,1.0,-1.0,0.0,0.0,0,1.0,1.0,0,0)
LaunchActivity(com.smorgasbork.hotdeath,com.smorgasbork.hotdeath.Main)
DispatchPointer(815166,815166,0,385.0,53.0,0.0,0.0,0,1.0,1.0,0,0)
DispatchPointer(815166,815197,1,386.1428,52.130116,0.0,0.0,0,1.0,1.0,0,0)
DispatchKey(815217,815217,0,82,0,0,-1,0)
DispatchKey(815239,815239,1,82,0,0,-1,0)
DispatchPointer(815465,815466,0,124.0,378.0,0.0,0.0,0,1.0,1.0,0,0)
DispatchPointer(815465,815479,1,126.70606,385.11572,0.0,0.0,0,1.0,1.0,0,0)
DispatchKey(817584,817584,0,45,0,0,-1,0)
DispatchKey(817596,817596,1,45,0,0,-1,0)
DispatchKey(817618,817618,0,21,0,0,-1,0)
DispatchKey(817630,817630,1,21,0,0,-1,0)
DispatchTrackball(-1,817646,2,1.0,-1.0,0.0,0.0,0,1.0,1.0,0,0)
DispatchTrackball(-1,817656,2,-5.0,-4.0,0.0,0.0,0,1.0,1.0,0,0)
DispatchTrackball(-1,817673,2,-5.0,4.0,0.0,0.0,0,1.0,1.0,0,0)
DispatchTrackball(-1,817692,2,4.0,3.0,0.0,0.0,0,1.0,1.0,0,0)
DispatchTrackball(-1,817699,2,-2.0,-1.0,0.0,0.0,0,1.0,1.0,0,0)
DispatchTrackball(-1,817708,2,4.0,-4.0,0.0,0.0,0,1.0,1.0,0,0)
DispatchTrackball(-1,817716,2,-5.0,-2.0,0.0,0.0,0,1.0,1.0,0,0)
DispatchTrackball(-1,817732,2,-2.0,1.0,0.0,0.0,0,1.0,1.0,0,0)
DispatchTrackball(-1,817739,2,4.0,-4.0,0.0,0.0,0,1.0,1.0,0,0)
DispatchTrackball(-1,817768,2,0.0,0.0,0.0,0.0,0,1.0,1.0,0,0)
DispatchPointer(817781,817782,0,28.0,283.0,0.0,0.0,0,1.0,1.0,0,0)
DispatchPointer(817781,817796,2,36.207756,283.33185,0.0,0.0,0,1.0,1.0,0,0)
DispatchPointer(817781,817812,2,43.46965,284.29453,0.0,0.0,0,1.0,1.0,0,0)
DispatchPointer(817781,817824,1,43.50352,285.3378,0.0,0.0,0,1.0,1.0,0,0)
DispatchKey(817851,817851,0,82,0,0,-1,0)
DispatchKey(817909,817909,1,82,0,0,-1,0)
DispatchKey(817939,817939,0,113,0,0,-1,0)
DispatchKey(818046,818046,1,113,0,0,-1,0)
DispatchKey(821267,821267,0,22,0,0,-1,0)
DispatchKey(821280,821280,1,22,0,0,-1,0)
DispatchTrackball(-1,821304,2,4.0,1.0,0.0,0.0,0,1.0,1.0,0,0)
DispatchTrackball(-1,821320,2,0.0,-3.0,0.0,0.0,0,1.0,1.0,0,0)
DispatchTrackball(-1,821341,2,0.0,-2.0,0.0,0.0,0,1.0,1.0,0,0)
DispatchTrackball(-1,821349,2,0.0,1.0,0.0,0.0,0,1.0,1.0,0,0)
DispatchTrackball(-1,821357,2,-3.0,-5.0,0.0,0.0,0,1.0,1.0,0,0)
DispatchTrackball(-1,821364,2,-2.0,-1.0,0.0,0.0,0,1.0,1.0,0,0)
DispatchTrackball(-1,821370,2,-5.0,1.0,0.0,0.0,0,1.0,1.0,0,0)
DispatchTrackball(-1,821401,2,-3.0,-3.0,0.0,0.0,0,1.0,1.0,0,0)
DispatchTrackball(-1,821407,2,4.0,2.0,0.0,0.0,0,1.0,1.0,0,0)
DispatchTrackball(-1,821421,2,3.0,-4.0,0.0,0.0,0,1.0,1.0,0,0)
DispatchPointer(821460,821470,0,186.0,423.0,0.0,0.0,0,1.0,1.0,0,0)
DispatchPointer(821460,821488,1,192.91833,420.23636,0.0,0.0,0,1.0,1.0,0,0)
DispatchKey(821498,821498,0,21,0,0,-1,0)
DispatchKey(821578,821578,1,21,0,0,-1,0)
DispatchTrackball(-1,821610,2,4.0,-3.0,0.0,0.0,0,1.0,1.0,0,0)
DispatchTrackball(-1,821624,2,0.0,-5.0,0.0,0.0,0,1.0,1.0,0,0)
DispatchTrackball(-1,821642,2,1.0,-4.0,0.0,0.0,0,1.0,1.0,0,0)
DispatchTrackball(-1,821649,2,4.0,3.0,0.0,0.0,0,1.0,1.0,0,0)
DispatchTrackball(-1,821697,2,-5.0,-2.0,0.0,0.0,0,1.0,1.0,0,0)
DispatchTrackball(-1,821704,2,-4.0,-4.0,0.0,0.0,0,1.0,1.0,0,0)
DispatchTrackball(-1,821731,2,4.0,-3.0,0.0,0.0,0,1.0,1.0,0,0)
DispatchTrackball(-1,821738,2,2.0,0.0,0.0,0.0,0,1.0,1.0,0,0)
DispatchTrackball(-1,821750,2,-5.0,0.0,0.0,0.0,0,1.0,1.0,0,0)
DispatchTrackball(-1,821773,2,-2.0,0.0,0.0,0.0,0,1.0,1.0,0,0)
DispatchKey(821779,821779,0,162,0,0,-1,0)
DispatchKey(821845,821845,1,162,0,0,-1,0)
DispatchTrackball(-1,821944,2,-5.0,1.0,0.0,0.0,0,1.0,1.0,0,0)
DispatchTrackball(-1,821954,2,-1.0,4.0,0.0,0.0,0,1.0,1.0,0,0)
DispatchTrackball(-1,821965,2,-5.0,-4.0,0.0,0.0,0,1.0,1.0,0,0)
DispatchTrackball(-1,821971,2,4.0,-2.0,0.0,0.0,0,1.0,1.0,0,0)
DispatchTrackball(-1,821979,2,-1.0,-1.0,0.0,0.0,0,1.0,1.0,0,0)
DispatchTrackball(-1,822047,2,-3.0,4.0,0.0,0.0,0,1.0,1.0,0,0)
DispatchTrackball(-1,822056,2,1.0,2.0,0.0,0.0,0,1.0,1.0,0,0)
DispatchTrackball(-1,822083,2,-1.0,0.0,0.0,0.0,0,1.0,1.0,0,0)
DispatchTrackball(-1,822105,2,-4.0,4.0,0.0,0.0,0,1.0,1.0,0,0)
DispatchTrackball(-1,822112,2,-5.0,-5.0,0.0,0.0,0,1.0,1.0,0,0)
DispatchKey(823794,823794,0,21,0,0,-1,0)
DispatchKey(823809,823809,1,21,0,0,-1,0)
DispatchPointer(823827,823827,0,463.0,539.0,0.0,0.0,0,1.0,1.0,0,0)
DispatchPointer(823827,823856,1,451.38068,531.6361,0.0,0.0,0,1.0,1.0,0,0)
DispatchFlip(false)
DispatchPointer(823915,823918,0,400.0,312.0,0.0,0.0,0,1.0,1.0,0,0)
DispatchPointer(823915,823934,2,400.133,326.2772,0.0,0.0,0,1.0,1.0,0,0)
DispatchPointer(823915,823952,2,400.33035,331.6275,0.0,0.0,0,1.0,1.0,0,0)
DispatchPointer(823915,823960,2,400.47934,346.71194,0.0,0.0,0,1.0,1.0,0,0)
DispatchPointer(823915,823978,2,400.5856,351.75494,0.0,0.0,0,1.0,1.0,0,0)
DispatchPointer(823915,823984,2,400.99127,358.21234,0.0,0.0,0,1.0,1.0,0,0)
DispatchPointer(823915,823989,2,401.28918,371.35724,0.0,0.0,0,1.0,1.0,0,0)
DispatchPointer(823915,824007,2,401.4638,377.78494,0.0,0.0,0,1.0,1.0,0,0)
DispatchPointer(823915,824029,2,401.52298,386.35782,0.0,0.0,0,1.0,1.0,0,0)
DispatchPointer(823915,824037,2,401.73898,391.9381,0.0,0.0,0,1.0,1.0,0,0)
DispatchPointer(823915,824053,1,402.03857,393.97006,0.0,0.0,0,1.0,1.0,0,0)
DispatchKey(824096,824096,0,82,0,0,-1,0)
DispatchKey(824106,824106,1,82,0,0,-1,0)
DispatchPointer(824309,824309,0,0.0,335.0,0.0,0.0,0,1.0,1.0,0,0)
DispatchPointer(824309,824344,1,0.0,336.37234,0.0,0.0,0,1.0,1.0,0,0)
DispatchKey(824367,824367,0,21,0,0,-1,0)
DispatchKey(824422,824422,1,21,0,0,-1,0)
