type= raw events
count= -1
speed= 1.0
start data >>
LaunchActivity(com.nloko.android.syncmypix,com.nloko.android.syncmypix.MainActivity)
DispatchKey(5518545,5518545,0,62,0,0,-1,0)
DispatchKey(5522013,5522013,1,62,0,0,-1,0)
DispatchKey(5522357,5522357,0,82,0,0,-1,0)
DispatchKey(5522396,5522396,1,82,0,0,-1,0)
DispatchKey(5522704,5522704,0,20,0,0,-1,0)
DispatchKey(5522753,5522753,1,20,0,0,-1,0)
DispatchTrackball(-1,5522882,2,-3.0,-3.0,0.0,0.0,0,1.0,1.0,0,0)
DispatchTrackball(-1,5522907,2,0.0,4.0,0.0,0.0,0,1.0,1.0,0,0)
DispatchTrackball(-1,5522927,2,-5.0,-3.0,0.0,0.0,0,1.0,1.0,0,0)
DispatchTrackball(-1,5522947,2,-4.0,4.0,0.0,0.0,0,1.0,1.0,0,0)
DispatchTrackball(-1,5522957,2,-2.0,4.0,0.0,0.0,0,1.0,1.0,0,0)
DispatchTrackball(-1,5522979,2,-2.0,2.0,0.0,0.0,0,1.0,1.0,0,0)
DispatchTrackball(-1,5522991,2,2.0,3.0,0.0,0.0,0,1.0,1.0,0,0)
DispatchTrackball(-1,5523033,2,-1.0,4.0,0.0,0.0,0,1.0,1.0,0,0)
DispatchTrackball(-1,5523043,2,-3.0,4.0,0.0,0.0,0,1.0,1.0,0,0)
DispatchTrackball(-1,5523064,2,1.0,1.0,0.0,0.0,0,1.0,1.0,0,0)
DispatchTrackball(5522882,5523079,0,0.0,0.0,0.0,0.0,0,1.0,1.0,0,0)
DispatchTrackball(5522882,5523088,1,0.0,0.0,0.0,0.0,0,1.0,1.0,0,0)
DispatchTrackball(-1,5523149,2,4.0,-5.0,0.0,0.0,0,1.0,1.0,0,0)
DispatchTrackball(-1,5523179,2,-4.0,0.0,0.0,0.0,0,1.0,1.0,0,0)
DispatchTrackball(-1,5523190,2,3.0,-5.0,0.0,0.0,0,1.0,1.0,0,0)
DispatchTrackball(-1,5523220,2,-1.0,-2.0,0.0,0.0,0,1.0,1.0,0,0)
DispatchTrackball(-1,5523232,2,4.0,3.0,0.0,0.0,0,1.0,1.0,0,0)
DispatchTrackball(-1,5523251,2,-1.0,-3.0,0.0,0.0,0,1.0,1.0,0,0)
DispatchTrackball(-1,5523275,2,-1.0,0.0,0.0,0.0,0,1.0,1.0,0,0)
DispatchTrackball(-1,5523299,2,-5.0,-2.0,0.0,0.0,0,1.0,1.0,0,0)
DispatchTrackball(-1,5523337,2,3.0,1.0,0.0,0.0,0,1.0,1.0,0,0)
DispatchTrackball(-1,5523355,2,2.0,2.0,0.0,0.0,0,1.0,1.0,0,0)
DispatchTrackball(-1,5523377,2,1.0,-1.0,0.0,0.0,0,1.0,1.0,0,0)
DispatchTrackball(-1,5523442,2,-2.0,-5.0,0.0,0.0,0,1.0,1.0,0,0)
DispatchTrackball(-1,5523457,2,-2.0,-3.0,0.0,0.0,0,1.0,1.0,0,0)
DispatchTrackball(-1,5523553,2,2.0,-2.0,0.0,0.0,0,1.0,1.0,0,0)
DispatchTrackball(-1,5523588,2,2.0,-3.0,0.0,0.0,0,1.0,1.0,0,0)
DispatchTrackball(-1,5523617,2,3.0,0.0,0.0,0.0,0,1.0,1.0,0,0)
DispatchTrackball(-1,5523673,2,-3.0,1.0,0.0,0.0,0,1.0,1.0,0,0)
DispatchTrackball(-1,5524510,2,1.0,-3.0,0.0,0.0,0,1.0,1.0,0,0)
DispatchTrackball(-1,5524534,2,-1.0,0.0,0.0,0.0,0,1.0,1.0,0,0)
DispatchTrackball(-1,5524552,2,0.0,-3.0,0.0,0.0,0,1.0,1.0,0,0)
DispatchTrackball(-1,5524561,2,2.0,3.0,0.0,0.0,0,1.0,1.0,0,0)
DispatchTrackball(-1,5524586,2,-3.0,2.0,0.0,0.0,0,1.0,1.0,0,0)
DispatchTrackball(-1,5524596,2,-5.0,-5.0,0.0,0.0,0,1.0,1.0,0,0)
DispatchTrackball(-1,5524643,2,-2.0,-4.0,0.0,0.0,0,1.0,1.0,0,0)
DispatchTrackball(-1,5524652,2,1.0,-5.0,0.0,0.0,0,1.0,1.0,0,0)
DispatchTrackball(-1,5524672,2,-4.0,-1.0,0.0,0.0,0,1.0,1.0,0,0)
DispatchTrackball(-1,5524691,2,-2.0,-2.0,0.0,0.0,0,1.0,1.0,0,0)
DispatchTrackball(-1,5524700,2,-2.0,1.0,0.0,0.0,0,1.0,1.0,0,0)
DispatchTrackball(-1,5524719,2,-2.0,2.0,0.0,0.0,0,1.0,1.0,0,0)
DispatchTrackball(-1,5524728,2,4.0,-1.0,0.0,0.0,0,1.0,1.0,0,0)
DispatchPointer(5524767,5524768,0,2.0,378.0,0.0,0.0,0,1.0,1.0,0,0)
DispatchPointer(5524767,5524796,1,3.5315042,371.49994,0.0,0.0,0,1.0,1.0,0,0)
DispatchTrackball(-1,5524829,2,2.0,2.0,0.0,0.0,0,1.0,1.0,0,0)
DispatchTrackball(-1,5524857,2,-5.0,-2.0,0.0,0.0,0,1.0,1.0,0,0)
DispatchTrackball(-1,5524866,2,1.0,0.0,0.0,0.0,0,1.0,1.0,0,0)
DispatchTrackball(-1,5524902,2,3.0,4.0,0.0,0.0,0,1.0,1.0,0,0)
DispatchTrackball(-1,5524914,2,-2.0,0.0,0.0,0.0,0,1.0,1.0,0,0)
DispatchTrackball(-1,5524922,2,3.0,0.0,0.0,0.0,0,1.0,1.0,0,0)
DispatchTrackball(-1,5524928,2,-3.0,-4.0,0.0,0.0,0,1.0,1.0,0,0)
DispatchTrackball(-1,5524936,2,0.0,-3.0,0.0,0.0,0,1.0,1.0,0,0)
DispatchTrackball(-1,5524961,2,-2.0,-3.0,0.0,0.0,0,1.0,1.0,0,0)
DispatchTrackball(-1,5524980,2,-4.0,1.0,0.0,0.0,0,1.0,1.0,0,0)
DispatchTrackball(5524828,5524987,0,0.0,0.0,0.0,0.0,0,1.0,1.0,0,0)
DispatchTrackball(5524828,5524996,1,0.0,0.0,0.0,0.0,0,1.0,1.0,0,0)
DispatchKey(5525126,5525126,0,22,0,0,-1,0)
DispatchKey(5525271,5525271,1,22,0,0,-1,0)
DispatchKey(5525434,5525434,0,82,0,0,-1,0)
DispatchKey(5525449,5525449,1,82,0,0,-1,0)
DispatchKey(5525676,5525676,0,133,0,0,-1,0)
DispatchKey(5528635,5528635,1,133,0,0,-1,0)
DispatchKey(5528769,5528769,0,22,0,0,-1,0)
DispatchKey(5528813,5528813,1,22,0,0,-1,0)
DispatchPointer(5528841,5528841,0,301.0,670.0,0.0,0.0,0,1.0,1.0,0,0)
DispatchPointer(5528841,5528872,1,303.8374,671.18555,0.0,0.0,0,1.0,1.0,0,0)
DispatchTrackball(-1,5528907,2,-1.0,-2.0,0.0,0.0,0,1.0,1.0,0,0)
DispatchTrackball(-1,5528930,2,-4.0,4.0,0.0,0.0,0,1.0,1.0,0,0)
DispatchTrackball(-1,5528951,2,2.0,0.0,0.0,0.0,0,1.0,1.0,0,0)
DispatchTrackball(-1,5528959,2,-2.0,4.0,0.0,0.0,0,1.0,1.0,0,0)
DispatchTrackball(-1,5529016,2,4.0,1.0,0.0,0.0,0,1.0,1.0,0,0)
DispatchTrackball(-1,5529038,2,-5.0,-1.0,0.0,0.0,0,1.0,1.0,0,0)
DispatchTrackball(-1,5529059,2,2.0,4.0,0.0,0.0,0,1.0,1.0,0,0)
DispatchTrackball(-1,5529117,2,3.0,4.0,0.0,0.0,0,1.0,1.0,0,0)
DispatchTrackball(-1,5529127,2,-3.0,-2.0,0.0,0.0,0,1.0,1.0,0,0)
DispatchTrackball(-1,5529135,2,-3.0,1.0,0.0,0.0,0,1.0,1.0,0,0)
DispatchKey(5529171,5529171,0,85,0,0,-1,0)
DispatchKey(5530206,5530206,1,85,0,0,-1,0)
DispatchKey(5530527,5530527,0,107,0,0,-1,0)
DispatchKey(5531527,5531527,1,107,0,0,-1,0)
DispatchPointer(5531766,5531824,0,241.0,468.0,0.0,0.0,0,1.0,1.0,0,0)
DispatchPointer(5531766,5531852,2,240.81827,450.07123,0.0,0.0,0,1.0,1.0,0,0)
DispatchPointer(5531766,5531886,2,240.48961,449.73206,0.0,0.0,0,1.0,1.0,0,0)
DispatchPointer(5531766,5531897,2,235.46228,443.24112,0.0,0.0,0,1.0,1.0,0,0)
DispatchPointer(5531766,5531918,2,234.1408,442.1692,0.0,0.0,0,1.0,1.0,0,0)
DispatchPointer(5531766,5531927,2,229.80981,428.3718,0.0,0.0,0,1.0,1.0,0,0)
DispatchPointer(5531766,5531958,2,228.1354,412.98245,0.0,0.0,0,1.0,1.0,0,0)
DispatchPointer(5531766,5531974,2,226.75128,409.6421,0.0,0.0,0,1.0,1.0,0,0)
DispatchPointer(5531766,5532005,2,221.80331,403.86557,0.0,0.0,0,1.0,1.0,0,0)
DispatchPointer(5531766,5532025,2,218.52414,386.44904,0.0,0.0,0,1.0,1.0,0,0)
DispatchPointer(5531766,5532040,1,213.5196,378.70804,0.0,0.0,0,1.0,1.0,0,0)
DispatchKey(5532088,5532088,0,19,0,0,-1,0)
DispatchKey(5532151,5532151,1,19,0,0,-1,0)
DispatchPointer(5532168,5532168,0,365.0,578.0,0.0,0.0,0,1.0,1.0,0,0)
DispatchPointer(5532168,5532206,1,384.96045,572.5195,0.0,0.0,0,1.0,1.0,0,0)
DispatchKey(5532231,5532231,0,119,0,0,-1,0)
DispatchKey(5532281,5532281,1,119,0,0,-1,0)
DispatchKey(5532305,5532305,0,20,0,0,-1,0)
DispatchKey(5532328,5532328,1,20,0,0,-1,0)
DispatchPointer(5532371,5532371,0,213.0,659.0,0.0,0.0,0,1.0,1.0,0,0)
DispatchPointer(5532371,5532388,1,199.50247,661.0709,0.0,0.0,0,1.0,1.0,0,0)
DispatchKey(5532414,5532414,0,21,0,0,-1,0)
DispatchKey(5532450,5532450,1,21,0,0,-1,0)
DispatchKey(5532475,5532475,0,82,0,0,-1,0)
DispatchKey(5532502,5532502,1,82,0,0,-1,0)
DispatchPointer(5533013,5533013,0,416.0,176.0,0.0,0.0,0,1.0,1.0,0,0)
DispatchPointer(5533013,5533065,1,417.16675,175.42853,0.0,0.0,0,1.0,1.0,0,0)
DispatchKey(5533092,5533092,0,153,0,0,-1,0)
DispatchKey(5533109,5533109,1,153,0,0,-1,0)
DispatchPointer(5533140,5533140,0,17.0,23.0,0.0,0.0,0,1.0,1.0,0,0)
DispatchPointer(5533140,5533197,1,22.783134,23.735939,0.0,0.0,0,1.0,1.0,0,0)
DispatchPointer(5533244,5533246,0,165.0,567.0,0.0,0.0,0,1.0,1.0,0,0)
DispatchPointer(5533244,5533277,2,150.95227,578.9619,0.0,0.0,0,1.0,1.0,0,0)
DispatchPointer(5533244,5533286,2,142.3566,587.5353,0.0,0.0,0,1.0,1.0,0,0)
DispatchPointer(5533244,5533294,2,139.31697,589.09296,0.0,0.0,0,1.0,1.0,0,0)
DispatchPointer(5533244,5533306,2,131.60104,597.8757,0.0,0.0,0,1.0,1.0,0,0)
DispatchPointer(5533244,5533325,2,124.01141,609.0229,0.0,0.0,0,1.0,1.0,0,0)
DispatchPointer(5533244,5533341,2,116.082245,614.7655,0.0,0.0,0,1.0,1.0,0,0)
DispatchPointer(5533244,5533358,2,100.69528,615.77124,0.0,0.0,0,1.0,1.0,0,0)
DispatchPointer(5533244,5533377,2,95.78154,624.1741,0.0,0.0,0,1.0,1.0,0,0)
DispatchPointer(5533244,5533408,1,81.82953,627.4329,0.0,0.0,0,1.0,1.0,0,0)
DispatchKey(5533436,5533436,0,23,0,0,-1,0)
DispatchKey(5533496,5533496,1,23,0,0,-1,0)
DispatchTrackball(-1,5533551,2,3.0,3.0,0.0,0.0,0,1.0,1.0,0,0)
DispatchTrackball(-1,5533603,2,1.0,4.0,0.0,0.0,0,1.0,1.0,0,0)
DispatchTrackball(-1,5533631,2,-1.0,3.0,0.0,0.0,0,1.0,1.0,0,0)
DispatchTrackball(-1,5533671,2,4.0,1.0,0.0,0.0,0,1.0,1.0,0,0)
DispatchTrackball(-1,5533694,2,4.0,0.0,0.0,0.0,0,1.0,1.0,0,0)
DispatchTrackball(-1,5533713,2,-2.0,2.0,0.0,0.0,0,1.0,1.0,0,0)
DispatchTrackball(-1,5533735,2,-3.0,-1.0,0.0,0.0,0,1.0,1.0,0,0)
DispatchTrackball(-1,5533747,2,1.0,-3.0,0.0,0.0,0,1.0,1.0,0,0)
DispatchTrackball(-1,5533811,2,-1.0,1.0,0.0,0.0,0,1.0,1.0,0,0)
DispatchTrackball(-1,5533839,2,-3.0,-4.0,0.0,0.0,0,1.0,1.0,0,0)
DispatchKey(5533908,5533908,0,182,0,0,-1,0)
DispatchKey(5534111,5534111,1,182,0,0,-1,0)
DispatchKey(5534243,5534243,0,21,0,0,-1,0)
DispatchKey(5534258,5534258,1,21,0,0,-1,0)
DispatchPointer(5534354,5534355,0,26.0,606.0,0.0,0.0,0,1.0,1.0,0,0)
DispatchPointer(5534354,5534384,1,33.882484,588.98114,0.0,0.0,0,1.0,1.0,0,0)
DispatchTrackball(-1,5534416,2,-5.0,-1.0,0.0,0.0,0,1.0,1.0,0,0)
DispatchTrackball(-1,5534438,2,4.0,1.0,0.0,0.0,0,1.0,1.0,0,0)
DispatchTrackball(-1,5534501,2,4.0,0.0,0.0,0.0,0,1.0,1.0,0,0)
DispatchTrackball(-1,5534524,2,-5.0,2.0,0.0,0.0,0,1.0,1.0,0,0)
DispatchTrackball(-1,5534599,2,-1.0,1.0,0.0,0.0,0,1.0,1.0,0,0)
DispatchTrackball(-1,5534617,2,0.0,0.0,0.0,0.0,0,1.0,1.0,0,0)
DispatchTrackball(-1,5534624,2,2.0,-2.0,0.0,0.0,0,1.0,1.0,0,0)
DispatchTrackball(-1,5534632,2,-1.0,3.0,0.0,0.0,0,1.0,1.0,0,0)
DispatchTrackball(-1,5534639,2,-5.0,2.0,0.0,0.0,0,1.0,1.0,0,0)
DispatchTrackball(-1,5534676,2,-2.0,-4.0,0.0,0.0,0,1.0,1.0,0,0)
DispatchKey(5534684,5534684,0,19,0,0,-1,0)
DispatchKey(5534962,5534962,1,19,0,0,-1,0)
DispatchKey(5535178,5535178,0,15,0,0,-1,0)
DispatchKey(5535207,5535207,1,15,0,0,-1,0)
DispatchKey(5535256,5535256,0,111,0,0,-1,0)
DispatchKey(5535280,5535280,1,111,0,0,-1,0)
LaunchActivity(com.nloko.android.syncmypix,com.nloko.android.syncmypix.MainActivity)
DispatchTrackball(-1,5535622,2,4.0,1.0,0.0,0.0,0,1.0,1.0,0,0)
DispatchTrackball(-1,5535659,2,-4.0,-3.0,0.0,0.0,0,1.0,1.0,0,0)
DispatchTrackball(-1,5535667,2,2.0,-2.0,0.0,0.0,0,1.0,1.0,0,0)
DispatchTrackball(-1,5535701,2,1.0,0.0,0.0,0.0,0,1.0,1.0,0,0)
DispatchTrackball(-1,5535885,2,1.0,-5.0,0.0,0.0,0,1.0,1.0,0,0)
DispatchTrackball(-1,5535899,2,0.0,-4.0,0.0,0.0,0,1.0,1.0,0,0)
DispatchTrackball(-1,5535986,2,-4.0,3.0,0.0,0.0,0,1.0,1.0,0,0)
DispatchTrackball(-1,5536069,2,-4.0,4.0,0.0,0.0,0,1.0,1.0,0,0)
DispatchTrackball(-1,5536155,2,-5.0,2.0,0.0,0.0,0,1.0,1.0,0,0)
DispatchTrackball(-1,5536252,2,4.0,-4.0,0.0,0.0,0,1.0,1.0,0,0)
DispatchKey(5536270,5536270,0,19,0,0,-1,0)
DispatchKey(5536829,5536829,1,19,0,0,-1,0)
GUIGen(5)
DispatchTrackball(-1,5557554,2,3.0,2.0,0.0,0.0,0,1.0,1.0,0,0)
DispatchTrackball(-1,5557619,2,4.0,4.0,0.0,0.0,0,1.0,1.0,0,0)
DispatchTrackball(-1,5557629,2,-2.0,2.0,0.0,0.0,0,1.0,1.0,0,0)
DispatchTrackball(-1,5557648,2,1.0,-4.0,0.0,0.0,0,1.0,1.0,0,0)
DispatchTrackball(-1,5557663,2,-1.0,-1.0,0.0,0.0,0,1.0,1.0,0,0)
DispatchTrackball(-1,5557686,2,0.0,2.0,0.0,0.0,0,1.0,1.0,0,0)
DispatchTrackball(-1,5557799,2,-3.0,0.0,0.0,0.0,0,1.0,1.0,0,0)
DispatchTrackball(-1,5557894,2,3.0,3.0,0.0,0.0,0,1.0,1.0,0,0)
DispatchTrackball(-1,5557975,2,-3.0,-2.0,0.0,0.0,0,1.0,1.0,0,0)
DispatchTrackball(-1,5557994,2,-2.0,3.0,0.0,0.0,0,1.0,1.0,0,0)
DispatchPointer(5558104,5558105,0,294.0,246.0,0.0,0.0,0,1.0,1.0,0,0)
DispatchPointer(5558104,5558132,1,287.41476,242.56886,0.0,0.0,0,1.0,1.0,0,0)
DispatchKey(5558167,5558167,0,21,0,0,-1,0)
DispatchKey(5558272,5558272,1,21,0,0,-1,0)
DispatchPointer(5558307,5558307,0,220.0,448.0,0.0,0.0,0,1.0,1.0,0,0)
DispatchPointer(5558307,5558322,1,220.69548,445.07397,0.0,0.0,0,1.0,1.0,0,0)
DispatchPointer(5558354,5558354,0,323.0,45.0,0.0,0.0,0,1.0,1.0,0,0)
DispatchPointer(5558354,5558409,1,333.1054,53.217167,0.0,0.0,0,1.0,1.0,0,0)
DispatchPointer(5558539,5558540,0,400.0,516.0,0.0,0.0,0,1.0,1.0,0,0)
DispatchPointer(5558539,5558574,1,393.88354,534.59436,0.0,0.0,0,1.0,1.0,0,0)
DispatchKey(5558609,5558609,0,21,0,0,-1,0)
DispatchKey(5558814,5558814,1,21,0,0,-1,0)
DispatchTrackball(-1,5559007,2,-1.0,4.0,0.0,0.0,0,1.0,1.0,0,0)
DispatchTrackball(-1,5559020,2,-4.0,-3.0,0.0,0.0,0,1.0,1.0,0,0)
DispatchTrackball(-1,5559048,2,-2.0,-3.0,0.0,0.0,0,1.0,1.0,0,0)
DispatchTrackball(-1,5559075,2,1.0,4.0,0.0,0.0,0,1.0,1.0,0,0)
DispatchTrackball(-1,5559114,2,-3.0,-3.0,0.0,0.0,0,1.0,1.0,0,0)
DispatchTrackball(-1,5559162,2,2.0,-1.0,0.0,0.0,0,1.0,1.0,0,0)
DispatchTrackball(-1,5559170,2,-4.0,2.0,0.0,0.0,0,1.0,1.0,0,0)
DispatchTrackball(-1,5559243,2,4.0,2.0,0.0,0.0,0,1.0,1.0,0,0)
DispatchTrackball(-1,5559265,2,-5.0,-4.0,0.0,0.0,0,1.0,1.0,0,0)
DispatchTrackball(-1,5559286,2,-3.0,0.0,0.0,0.0,0,1.0,1.0,0,0)
DispatchTrackball(5559007,5559291,0,0.0,0.0,0.0,0.0,0,1.0,1.0,0,0)
DispatchTrackball(5559007,5559298,1,0.0,0.0,0.0,0.0,0,1.0,1.0,0,0)
DispatchKey(5559307,5559307,0,19,0,0,-1,0)
DispatchKey(5559572,5559572,1,19,0,0,-1,0)
DispatchKey(5559683,5559683,0,21,0,0,-1,0)
DispatchKey(5559710,5559710,1,21,0,0,-1,0)
DispatchKey(5559806,5559806,0,22,0,0,-1,0)
DispatchKey(5559819,5559819,1,22,0,0,-1,0)
DispatchKey(5560070,5560070,0,19,0,0,-1,0)
DispatchKey(5560153,5560153,1,19,0,0,-1,0)
DispatchTrackball(-1,5560253,2,0.0,-1.0,0.0,0.0,0,1.0,1.0,0,0)
DispatchTrackball(-1,5560306,2,0.0,-3.0,0.0,0.0,0,1.0,1.0,0,0)
DispatchTrackball(-1,5560315,2,4.0,-5.0,0.0,0.0,0,1.0,1.0,0,0)
DispatchTrackball(-1,5560335,2,3.0,-5.0,0.0,0.0,0,1.0,1.0,0,0)
DispatchTrackball(-1,5560343,2,-5.0,-3.0,0.0,0.0,0,1.0,1.0,0,0)
DispatchTrackball(-1,5560349,2,-3.0,-1.0,0.0,0.0,0,1.0,1.0,0,0)
DispatchTrackball(-1,5560418,2,-2.0,-1.0,0.0,0.0,0,1.0,1.0,0,0)
DispatchTrackball(-1,5560425,2,-2.0,-2.0,0.0,0.0,0,1.0,1.0,0,0)
DispatchTrackball(-1,5560444,2,-2.0,-1.0,0.0,0.0,0,1.0,1.0,0,0)
DispatchTrackball(-1,5560450,2,-2.0,3.0,0.0,0.0,0,1.0,1.0,0,0)
DispatchKey(5560467,5560467,0,175,0,0,-1,0)
DispatchKey(5560537,5560537,1,175,0,0,-1,0)
DispatchKey(5560929,5560929,0,20,0,0,-1,0)
DispatchKey(5561084,5561084,1,20,0,0,-1,0)
DispatchKey(5561271,5561271,0,82,0,0,-1,0)
DispatchKey(5561328,5561328,1,82,0,0,-1,0)
DispatchPointer(5561494,5561498,0,236.0,783.0,0.0,0.0,0,1.0,1.0,0,0)
DispatchPointer(5561494,5561558,2,232.85306,800.0,0.0,0.0,0,1.0,1.0,0,0)
DispatchPointer(5561494,5561607,2,229.95847,800.0,0.0,0.0,0,1.0,1.0,0,0)
DispatchPointer(5561494,5561675,2,222.78209,800.0,0.0,0.0,0,1.0,1.0,0,0)
DispatchPointer(5561494,5561704,2,214.52483,800.0,0.0,0.0,0,1.0,1.0,0,0)
DispatchPointer(5561494,5561754,2,213.55725,800.0,0.0,0.0,0,1.0,1.0,0,0)
DispatchPointer(5561494,5561765,2,208.07458,800.0,0.0,0.0,0,1.0,1.0,0,0)
DispatchPointer(5561494,5561775,2,207.32857,800.0,0.0,0.0,0,1.0,1.0,0,0)
DispatchPointer(5561494,5561793,2,200.25197,800.0,0.0,0.0,0,1.0,1.0,0,0)
DispatchPointer(5561494,5561811,2,193.09802,800.0,0.0,0.0,0,1.0,1.0,0,0)
DispatchPointer(5561494,5561817,1,188.28618,800.0,0.0,0.0,0,1.0,1.0,0,0)
LaunchActivity(com.nloko.android.syncmypix,com.nloko.android.syncmypix.MainActivity)
DispatchTrackball(-1,5562023,2,1.0,2.0,0.0,0.0,0,1.0,1.0,0,0)
DispatchTrackball(-1,5562263,2,0.0,0.0,0.0,0.0,0,1.0,1.0,0,0)
DispatchTrackball(-1,5562273,2,2.0,1.0,0.0,0.0,0,1.0,1.0,0,0)
DispatchTrackball(-1,5562292,2,-3.0,-3.0,0.0,0.0,0,1.0,1.0,0,0)
DispatchTrackball(-1,5562385,2,2.0,1.0,0.0,0.0,0,1.0,1.0,0,0)
DispatchTrackball(-1,5562409,2,3.0,-4.0,0.0,0.0,0,1.0,1.0,0,0)
DispatchTrackball(-1,5562561,2,2.0,2.0,0.0,0.0,0,1.0,1.0,0,0)
DispatchTrackball(-1,5562584,2,-5.0,-2.0,0.0,0.0,0,1.0,1.0,0,0)
DispatchTrackball(-1,5562603,2,-5.0,-4.0,0.0,0.0,0,1.0,1.0,0,0)
DispatchTrackball(-1,5562653,2,-3.0,-5.0,0.0,0.0,0,1.0,1.0,0,0)
DispatchKey(5562675,5562675,0,23,0,0,-1,0)
DispatchKey(5562763,5562763,1,23,0,0,-1,0)
DispatchKey(5563366,5563366,0,22,0,0,-1,0)
DispatchKey(5563429,5563429,1,22,0,0,-1,0)
DispatchPointer(5563489,5563489,0,180.0,253.0,0.0,0.0,0,1.0,1.0,0,0)
DispatchPointer(5563489,5563602,1,172.2062,254.25536,0.0,0.0,0,1.0,1.0,0,0)
DispatchKey(5563625,5563625,0,23,0,0,-1,0)
DispatchKey(5566959,5566959,1,23,0,0,-1,0)
DispatchKey(5567139,5567139,0,82,0,0,-1,0)
DispatchKey(5567563,5567563,1,82,0,0,-1,0)
DispatchKey(5567581,5567581,0,23,0,0,-1,0)
DispatchKey(5567608,5567608,1,23,0,0,-1,0)
DispatchPointer(5567885,5567887,0,477.0,607.0,0.0,0.0,0,1.0,1.0,0,0)
DispatchPointer(5567885,5567960,261,480.0,609.9106,0.0,0.0,0,1.0,1.0,0,0)
DispatchPointer(5567885,5567968,2,480.0,614.0441,0.0,0.0,0,1.0,1.0,0,0)
DispatchPointer(5567885,5567975,2,480.0,615.14294,0.0,0.0,0,1.0,1.0,0,0)
DispatchPointer(5567885,5568014,262,480.0,621.4479,0.0,0.0,0,1.0,1.0,0,0)
DispatchPointer(5567885,5568020,1,480.0,624.2664,0.0,0.0,0,1.0,1.0,0,0)
DispatchKey(5568034,5568034,0,19,0,0,-1,0)
DispatchKey(5568141,5568141,1,19,0,0,-1,0)
DispatchPointer(5568170,5568193,0,299.0,562.0,0.0,0.0,0,1.0,1.0,0,0)
DispatchPointer(5568170,5568225,1,307.9897,551.2552,0.0,0.0,0,1.0,1.0,0,0)
DispatchKey(5568248,5568248,0,82,0,0,-1,0)
DispatchKey(5568679,5568679,1,82,0,0,-1,0)
DispatchPointer(5568791,5568796,0,442.0,440.0,0.0,0.0,0,1.0,1.0,0,0)
DispatchPointer(5568791,5568842,2,442.19772,421.6039,0.0,0.0,0,1.0,1.0,0,0)
DispatchPointer(5568791,5568857,2,445.5468,419.54312,0.0,0.0,0,1.0,1.0,0,0)
DispatchPointer(5568791,5568897,2,447.03183,409.5717,0.0,0.0,0,1.0,1.0,0,0)
DispatchPointer(5568791,5568907,2,448.8186,406.01816,0.0,0.0,0,1.0,1.0,0,0)
DispatchPointer(5568791,5568917,2,450.08362,405.16132,0.0,0.0,0,1.0,1.0,0,0)
DispatchPointer(5568791,5568982,2,453.18433,398.38245,0.0,0.0,0,1.0,1.0,0,0)
DispatchPointer(5568791,5569025,2,454.00674,394.1092,0.0,0.0,0,1.0,1.0,0,0)
DispatchPointer(5568791,5569204,1,454.74667,380.47562,0.0,0.0,0,1.0,1.0,0,0)
DispatchTrackball(-1,5569276,2,-5.0,-1.0,0.0,0.0,0,1.0,1.0,0,0)
DispatchTrackball(-1,5569382,2,1.0,-1.0,0.0,0.0,0,1.0,1.0,0,0)
DispatchTrackball(-1,5569422,2,-5.0,-2.0,0.0,0.0,0,1.0,1.0,0,0)
DispatchTrackball(-1,5569433,2,0.0,-4.0,0.0,0.0,0,1.0,1.0,0,0)
DispatchTrackball(-1,5569484,2,4.0,-4.0,0.0,0.0,0,1.0,1.0,0,0)
DispatchTrackball(-1,5569504,2,4.0,-1.0,0.0,0.0,0,1.0,1.0,0,0)
DispatchTrackball(-1,5569523,2,-3.0,-5.0,0.0,0.0,0,1.0,1.0,0,0)
DispatchTrackball(-1,5569542,2,4.0,-3.0,0.0,0.0,0,1.0,1.0,0,0)
DispatchTrackball(-1,5569592,2,3.0,-2.0,0.0,0.0,0,1.0,1.0,0,0)
DispatchTrackball(-1,5569657,2,-4.0,0.0,0.0,0.0,0,1.0,1.0,0,0)
DispatchPointer(5569793,5569797,0,136.0,257.0,0.0,0.0,0,1.0,1.0,0,0)
DispatchPointer(5569793,5569841,1,135.45872,257.1066,0.0,0.0,0,1.0,1.0,0,0)
DispatchPointer(5569869,5569869,0,40.0,621.0,0.0,0.0,0,1.0,1.0,0,0)
DispatchPointer(5569869,5569900,1,39.13509,613.4483,0.0,0.0,0,1.0,1.0,0,0)
DispatchPointer(5569976,5569977,0,267.0,250.0,0.0,0.0,0,1.0,1.0,0,0)
DispatchPointer(5569976,5570023,1,266.83743,268.50494,0.0,0.0,0,1.0,1.0,0,0)
DispatchKey(5570046,5570046,0,81,0,0,-1,0)
DispatchKey(5570112,5570112,1,81,0,0,-1,0)
DispatchKey(5570215,5570215,0,27,0,0,-1,0)
DispatchKey(5570265,5570265,1,27,0,0,-1,0)
DispatchKey(5570318,5570318,0,9,0,0,-1,0)
DispatchKey(5570401,5570401,1,9,0,0,-1,0)
DispatchPointer(5570434,5570436,0,243.0,283.0,0.0,0.0,0,1.0,1.0,0,0)
DispatchPointer(5570434,5570481,261,238.78654,290.62314,0.0,0.0,0,1.0,1.0,0,0)
DispatchPointer(5570434,5570492,2,237.85594,298.62683,0.0,0.0,0,1.0,1.0,0,0)
DispatchPointer(5570434,5570514,2,235.10121,315.30746,0.0,0.0,0,1.0,1.0,0,0)
DispatchPointer(5570434,5570526,2,234.17351,329.86948,0.0,0.0,0,1.0,1.0,0,0)
DispatchPointer(5570434,5570601,262,229.7472,334.021,0.0,0.0,0,1.0,1.0,0,0)
DispatchPointer(5570434,5570613,1,229.16481,336.0685,0.0,0.0,0,1.0,1.0,0,0)
DispatchKey(5570734,5570734,0,20,0,0,-1,0)
DispatchKey(5570746,5570746,1,20,0,0,-1,0)
DispatchKey(5570806,5570806,0,82,0,0,-1,0)
DispatchKey(5570884,5570884,1,82,0,0,-1,0)
DispatchKey(5570907,5570907,0,19,0,0,-1,0)
DispatchKey(5571294,5571294,1,19,0,0,-1,0)
DispatchKey(5571318,5571318,0,29,0,0,-1,0)
DispatchKey(5571364,5571364,1,29,0,0,-1,0)
DispatchKey(5571464,5571464,0,20,0,0,-1,0)
DispatchKey(5571487,5571487,1,20,0,0,-1,0)
DispatchPointer(5571523,5571523,0,253.0,283.0,0.0,0.0,0,1.0,1.0,0,0)
DispatchPointer(5571523,5571549,1,262.40924,290.4608,0.0,0.0,0,1.0,1.0,0,0)
DispatchPointer(5571758,5571758,0,90.0,620.0,0.0,0.0,0,1.0,1.0,0,0)
DispatchPointer(5571758,5571785,2,89.995285,603.25616,0.0,0.0,0,1.0,1.0,0,0)
DispatchPointer(5571758,5571802,1,89.987686,588.7277,0.0,0.0,0,1.0,1.0,0,0)
DispatchKey(5571825,5571825,0,21,0,0,-1,0)
DispatchKey(5572021,5572021,1,21,0,0,-1,0)
DispatchTrackball(-1,5572076,2,-1.0,2.0,0.0,0.0,0,1.0,1.0,0,0)
DispatchTrackball(-1,5572101,2,0.0,-2.0,0.0,0.0,0,1.0,1.0,0,0)
DispatchTrackball(-1,5572120,2,-5.0,-4.0,0.0,0.0,0,1.0,1.0,0,0)
DispatchTrackball(-1,5572139,2,0.0,1.0,0.0,0.0,0,1.0,1.0,0,0)
DispatchTrackball(-1,5572186,2,-2.0,-5.0,0.0,0.0,0,1.0,1.0,0,0)
DispatchTrackball(-1,5572196,2,-5.0,2.0,0.0,0.0,0,1.0,1.0,0,0)
DispatchTrackball(-1,5572274,2,1.0,-4.0,0.0,0.0,0,1.0,1.0,0,0)
DispatchTrackball(-1,5572293,2,1.0,-1.0,0.0,0.0,0,1.0,1.0,0,0)
DispatchTrackball(-1,5572313,2,-4.0,-5.0,0.0,0.0,0,1.0,1.0,0,0)
DispatchTrackball(-1,5572402,2,-2.0,2.0,0.0,0.0,0,1.0,1.0,0,0)
DispatchTrackball(-1,5572410,2,-4.0,4.0,0.0,0.0,0,1.0,1.0,0,0)
DispatchTrackball(-1,5572471,2,2.0,-1.0,0.0,0.0,0,1.0,1.0,0,0)
DispatchTrackball(-1,5572480,2,-3.0,4.0,0.0,0.0,0,1.0,1.0,0,0)
DispatchTrackball(-1,5572505,2,-1.0,-1.0,0.0,0.0,0,1.0,1.0,0,0)
DispatchTrackball(-1,5572564,2,-2.0,3.0,0.0,0.0,0,1.0,1.0,0,0)
DispatchTrackball(-1,5572635,2,1.0,4.0,0.0,0.0,0,1.0,1.0,0,0)
DispatchTrackball(-1,5572647,2,1.0,-3.0,0.0,0.0,0,1.0,1.0,0,0)
DispatchTrackball(-1,5572658,2,-5.0,-2.0,0.0,0.0,0,1.0,1.0,0,0)
DispatchTrackball(-1,5572668,2,3.0,4.0,0.0,0.0,0,1.0,1.0,0,0)
DispatchTrackball(-1,5572676,2,-4.0,4.0,0.0,0.0,0,1.0,1.0,0,0)
DispatchPointer(5572711,5572711,0,223.0,152.0,0.0,0.0,0,1.0,1.0,0,0)
DispatchPointer(5572711,5572775,1,210.15353,165.02966,0.0,0.0,0,1.0,1.0,0,0)
DispatchKey(5572835,5572835,0,139,0,0,-1,0)
DispatchKey(5573019,5573019,1,139,0,0,-1,0)
DispatchKey(5573122,5573122,0,82,0,0,-1,0)
DispatchKey(5573137,5573137,1,82,0,0,-1,0)
DispatchKey(5573228,5573228,0,23,0,0,-1,0)
DispatchKey(5573309,5573309,1,23,0,0,-1,0)
DispatchKey(5573456,5573456,0,82,0,0,-1,0)
DispatchKey(5573644,5573644,1,82,0,0,-1,0)
DispatchPointer(5573892,5573894,0,34.0,81.0,0.0,0.0,0,1.0,1.0,0,0)
DispatchPointer(5573892,5573927,261,36.35758,77.56928,0.0,0.0,0,1.0,1.0,0,0)
DispatchPointer(5573892,5573939,2,37.797688,67.91793,0.0,0.0,0,1.0,1.0,0,0)
DispatchPointer(5573892,5573965,2,40.918194,58.194298,0.0,0.0,0,1.0,1.0,0,0)
DispatchPointer(5574201,5574202,0,408.0,530.0,0.0,0.0,0,1.0,1.0,0,0)
DispatchPointer(5574201,5574256,2,395.27924,532.72327,0.0,0.0,0,1.0,1.0,0,0)
DispatchPointer(5574201,5574273,2,393.4287,536.43256,0.0,0.0,0,1.0,1.0,0,0)
DispatchPointer(5574201,5574291,1,381.2116,548.9082,0.0,0.0,0,1.0,1.0,0,0)
DispatchPointer(5574376,5574378,0,343.0,725.0,0.0,0.0,0,1.0,1.0,0,0)
DispatchPointer(5574376,5574405,2,351.96725,726.8344,0.0,0.0,0,1.0,1.0,0,0)
DispatchPointer(5574376,5574419,2,367.63058,733.03687,0.0,0.0,0,1.0,1.0,0,0)
DispatchPointer(5574376,5574559,2,377.48047,734.1693,0.0,0.0,0,1.0,1.0,0,0)
DispatchPointer(5574376,5574580,2,394.88785,738.1926,0.0,0.0,0,1.0,1.0,0,0)
DispatchPointer(5574376,5574632,2,397.42688,743.0005,0.0,0.0,0,1.0,1.0,0,0)
DispatchPointer(5574376,5574654,2,409.43958,747.315,0.0,0.0,0,1.0,1.0,0,0)
DispatchPointer(5574376,5574676,1,412.13922,748.6352,0.0,0.0,0,1.0,1.0,0,0)
DispatchKey(5574711,5574711,0,82,0,0,-1,0)
DispatchKey(5574754,5574754,1,82,0,0,-1,0)
LaunchActivity(com.nloko.android.syncmypix,com.nloko.android.syncmypix.MainActivity)
DispatchKey(5575274,5575274,0,21,0,0,-1,0)
DispatchKey(5575289,5575289,1,21,0,0,-1,0)
DispatchKey(5575382,5575382,0,20,0,0,-1,0)
DispatchKey(5575394,5575394,1,20,0,0,-1,0)
