type= raw events
count= -1
speed= 1.0
start data >>
DispatchKey(5283389,5283389,0,218,0,0,-1,0)
DispatchKey(5286065,5286065,1,218,0,0,-1,0)
DispatchKey(5286256,5286256,0,21,0,0,-1,0)
DispatchKey(5286602,5286602,1,21,0,0,-1,0)
DispatchKey(5286629,5286629,0,20,0,0,-1,0)
DispatchKey(5286766,5286766,1,20,0,0,-1,0)
DispatchPointer(5286837,5286837,0,282.0,551.0,0.0,0.0,0,1.0,1.0,0,0)
DispatchPointer(5286837,5286866,1,284.38968,557.3453,0.0,0.0,0,1.0,1.0,0,0)
LaunchActivity(com.nloko.android.syncmypix,com.nloko.android.syncmypix.MainActivity)
DispatchKey(5286975,5286975,0,20,0,0,-1,0)
DispatchKey(5287007,5287007,1,20,0,0,-1,0)
DispatchKey(5287070,5287070,0,19,0,0,-1,0)
DispatchKey(5287397,5287397,1,19,0,0,-1,0)
DispatchKey(5287511,5287511,0,66,0,0,-1,0)
DispatchKey(5287808,5287808,1,66,0,0,-1,0)
DispatchPointer(5287959,5287961,0,105.0,15.0,0.0,0.0,0,1.0,1.0,0,0)
DispatchPointer(5287959,5288037,2,94.93001,13.003449,0.0,0.0,0,1.0,1.0,0,0)
DispatchPointer(5287959,5288049,2,84.09603,0.5382929,0.0,0.0,0,1.0,1.0,0,0)
DispatchPointer(5287959,5288062,2,74.118416,0.0,0.0,0.0,0,1.0,1.0,0,0)
DispatchPointer(5287959,5288082,2,68.41565,0.0,0.0,0.0,0,1.0,1.0,0,0)
DispatchPointer(5287959,5288089,2,54.48435,0.0,0.0,0.0,0,1.0,1.0,0,0)
DispatchPointer(5287959,5288109,2,40.80895,0.0,0.0,0.0,0,1.0,1.0,0,0)
DispatchPointer(5287959,5288143,2,28.409391,0.0,0.0,0.0,0,1.0,1.0,0,0)
DispatchPointer(5287959,5288172,2,12.093645,0.0,0.0,0.0,0,1.0,1.0,0,0)
DispatchPointer(5287959,5288202,2,0.8135357,0.0,0.0,0.0,0,1.0,1.0,0,0)
DispatchPointer(5287959,5288221,1,0.0,0.0,0.0,0.0,0,1.0,1.0,0,0)
DispatchKey(5288262,5288262,0,24,0,0,-1,0)
DispatchKey(5288431,5288431,1,24,0,0,-1,0)
DispatchPointer(5288546,5288546,0,76.0,56.0,0.0,0.0,0,1.0,1.0,0,0)
DispatchPointer(5288546,5288601,1,73.340706,61.77651,0.0,0.0,0,1.0,1.0,0,0)
DispatchPointer(5288720,5288724,0,375.0,149.0,0.0,0.0,0,1.0,1.0,0,0)
DispatchPointer(5288720,5288743,2,396.51624,132.89114,0.0,0.0,0,1.0,1.0,0,0)
DispatchPointer(5288720,5288756,2,403.6032,122.08713,0.0,0.0,0,1.0,1.0,0,0)
DispatchPointer(5288720,5288773,2,416.1983,111.47773,0.0,0.0,0,1.0,1.0,0,0)
DispatchPointer(5288720,5288872,2,436.23337,103.29685,0.0,0.0,0,1.0,1.0,0,0)
DispatchPointer(5288720,5288893,2,436.47562,100.72169,0.0,0.0,0,1.0,1.0,0,0)
DispatchPointer(5288720,5288903,2,458.93317,88.45907,0.0,0.0,0,1.0,1.0,0,0)
DispatchPointer(5288720,5288917,1,480.0,86.93207,0.0,0.0,0,1.0,1.0,0,0)
DispatchKey(5288936,5288936,0,19,0,0,-1,0)
DispatchKey(5289052,5289052,1,19,0,0,-1,0)
DispatchPointer(5289194,5289194,0,434.0,439.0,0.0,0.0,0,1.0,1.0,0,0)
DispatchPointer(5289194,5289220,1,420.28113,448.49942,0.0,0.0,0,1.0,1.0,0,0)
DispatchPointer(5289271,5289272,0,262.0,114.0,0.0,0.0,0,1.0,1.0,0,0)
DispatchPointer(5289271,5289487,2,257.34872,96.86038,0.0,0.0,0,1.0,1.0,0,0)
DispatchPointer(5289271,5289584,2,250.82324,94.13227,0.0,0.0,0,1.0,1.0,0,0)
DispatchPointer(5289271,5289606,2,243.77234,86.77486,0.0,0.0,0,1.0,1.0,0,0)
DispatchPointer(5289271,5289713,2,237.29092,84.68243,0.0,0.0,0,1.0,1.0,0,0)
DispatchPointer(5289271,5290065,2,232.31485,69.72353,0.0,0.0,0,1.0,1.0,0,0)
DispatchPointer(5289271,5290083,1,229.56322,50.71994,0.0,0.0,0,1.0,1.0,0,0)
DispatchKey(5290119,5290119,0,20,0,0,-1,0)
DispatchKey(5290250,5290250,1,20,0,0,-1,0)
DispatchKey(5292962,5292962,0,19,0,0,-1,0)
DispatchKey(5293014,5293014,1,19,0,0,-1,0)
DispatchPointer(5293087,5293089,0,135.0,729.0,0.0,0.0,0,1.0,1.0,0,0)
DispatchPointer(5293087,5293142,2,142.79788,732.2224,0.0,0.0,0,1.0,1.0,0,0)
DispatchPointer(5293087,5293181,2,146.6955,734.5573,0.0,0.0,0,1.0,1.0,0,0)
DispatchPointer(5293087,5293200,2,151.3998,735.8683,0.0,0.0,0,1.0,1.0,0,0)
DispatchPointer(5293087,5293210,2,160.48804,737.93585,0.0,0.0,0,1.0,1.0,0,0)
DispatchPointer(5293087,5293228,2,164.87846,742.65216,0.0,0.0,0,1.0,1.0,0,0)
DispatchPointer(5293087,5293248,2,175.14888,746.84076,0.0,0.0,0,1.0,1.0,0,0)
DispatchPointer(5293087,5293256,2,181.26817,747.96735,0.0,0.0,0,1.0,1.0,0,0)
DispatchPointer(5293087,5293262,2,185.60161,749.3261,0.0,0.0,0,1.0,1.0,0,0)
DispatchPointer(5293087,5293281,2,189.07094,750.69525,0.0,0.0,0,1.0,1.0,0,0)
DispatchPointer(5293087,5293287,1,197.31352,751.2627,0.0,0.0,0,1.0,1.0,0,0)
DispatchPointer(5293328,5293329,0,134.0,184.0,0.0,0.0,0,1.0,1.0,0,0)
DispatchPointer(5293328,5293371,2,130.27005,167.74333,0.0,0.0,0,1.0,1.0,0,0)
DispatchPointer(5293328,5293379,2,118.790665,167.29895,0.0,0.0,0,1.0,1.0,0,0)
DispatchPointer(5293328,5293389,2,111.0143,166.92133,0.0,0.0,0,1.0,1.0,0,0)
DispatchPointer(5293328,5293402,2,110.20324,155.70659,0.0,0.0,0,1.0,1.0,0,0)
DispatchPointer(5293328,5293415,2,105.54031,136.70544,0.0,0.0,0,1.0,1.0,0,0)
DispatchPointer(5293328,5293444,2,97.635796,125.21931,0.0,0.0,0,1.0,1.0,0,0)
DispatchPointer(5293328,5293453,1,83.74375,105.72781,0.0,0.0,0,1.0,1.0,0,0)
DispatchKey(5293466,5293466,0,82,0,0,-1,0)
DispatchKey(5293503,5293503,1,82,0,0,-1,0)
DispatchPointer(5293535,5293536,0,5.0,240.0,0.0,0.0,0,1.0,1.0,0,0)
DispatchPointer(5293535,5293561,2,11.792809,229.91132,0.0,0.0,0,1.0,1.0,0,0)
DispatchPointer(5293535,5293573,2,23.167145,214.06273,0.0,0.0,0,1.0,1.0,0,0)
DispatchPointer(5293535,5293589,2,24.419296,205.42511,0.0,0.0,0,1.0,1.0,0,0)
DispatchPointer(5293535,5293607,2,35.98476,184.62114,0.0,0.0,0,1.0,1.0,0,0)
DispatchPointer(5293535,5293618,2,48.115353,163.56688,0.0,0.0,0,1.0,1.0,0,0)
DispatchPointer(5293535,5293624,2,50.616344,148.46,0.0,0.0,0,1.0,1.0,0,0)
DispatchPointer(5293535,5293632,2,52.273422,143.50186,0.0,0.0,0,1.0,1.0,0,0)
DispatchPointer(5293535,5293638,1,59.00565,137.03879,0.0,0.0,0,1.0,1.0,0,0)
DispatchKey(5293648,5293648,0,82,0,0,-1,0)
DispatchKey(5293682,5293682,1,82,0,0,-1,0)
DispatchKey(5293704,5293704,0,20,0,0,-1,0)
DispatchKey(5293765,5293765,1,20,0,0,-1,0)
DispatchPointer(5293805,5293806,0,29.0,746.0,0.0,0.0,0,1.0,1.0,0,0)
DispatchPointer(5293805,5293871,1,19.215958,767.4542,0.0,0.0,0,1.0,1.0,0,0)
DispatchPointer(5293916,5293916,0,238.0,576.0,0.0,0.0,0,1.0,1.0,0,0)
DispatchPointer(5293916,5293946,2,240.5993,568.5383,0.0,0.0,0,1.0,1.0,0,0)
DispatchPointer(5293916,5293997,2,243.48451,556.5506,0.0,0.0,0,1.0,1.0,0,0)
DispatchPointer(5293916,5294007,2,244.3133,546.47015,0.0,0.0,0,1.0,1.0,0,0)
DispatchPointer(5293916,5294016,2,246.66696,543.53845,0.0,0.0,0,1.0,1.0,0,0)
DispatchPointer(5293916,5294062,2,248.63095,537.6702,0.0,0.0,0,1.0,1.0,0,0)
DispatchPointer(5293916,5294140,2,250.33493,529.1732,0.0,0.0,0,1.0,1.0,0,0)
DispatchPointer(5293916,5294158,1,252.54062,526.5795,0.0,0.0,0,1.0,1.0,0,0)
DispatchPointer(5294230,5294231,0,406.0,58.0,0.0,0.0,0,1.0,1.0,0,0)
DispatchPointer(5294230,5294266,2,410.85904,55.43606,0.0,0.0,0,1.0,1.0,0,0)
DispatchPointer(5294230,5294277,2,416.79556,51.48658,0.0,0.0,0,1.0,1.0,0,0)
DispatchPointer(5294230,5294297,2,419.48145,49.567997,0.0,0.0,0,1.0,1.0,0,0)
DispatchPointer(5294230,5294307,2,429.84546,47.796185,0.0,0.0,0,1.0,1.0,0,0)
DispatchPointer(5294230,5294320,1,438.50406,44.52364,0.0,0.0,0,1.0,1.0,0,0)
DispatchKey(5294359,5294359,0,19,0,0,-1,0)
DispatchKey(5294385,5294385,1,19,0,0,-1,0)
LaunchActivity(com.nloko.android.syncmypix,com.nloko.android.syncmypix.MainActivity)
DispatchKey(5294501,5294501,0,23,0,0,-1,0)
DispatchKey(5294581,5294581,1,23,0,0,-1,0)
DispatchPointer(5294609,5294609,0,46.0,164.0,0.0,0.0,0,1.0,1.0,0,0)
DispatchPointer(5294609,5294637,1,56.01527,172.32413,0.0,0.0,0,1.0,1.0,0,0)
DispatchKey(5294675,5294675,0,82,0,0,-1,0)
DispatchKey(5294769,5294769,1,82,0,0,-1,0)
DispatchKey(5294821,5294821,0,20,0,0,-1,0)
DispatchKey(5294874,5294874,1,20,0,0,-1,0)
DispatchKey(5294942,5294942,0,19,0,0,-1,0)
DispatchKey(5295014,5295014,1,19,0,0,-1,0)
DispatchKey(5295090,5295090,0,21,0,0,-1,0)
DispatchKey(5295251,5295251,1,21,0,0,-1,0)
DispatchKey(5295267,5295267,0,21,0,0,-1,0)
DispatchKey(5295286,5295286,1,21,0,0,-1,0)
DispatchTrackball(-1,5295310,2,4.0,3.0,0.0,0.0,0,1.0,1.0,0,0)
DispatchTrackball(-1,5295335,2,-1.0,-3.0,0.0,0.0,0,1.0,1.0,0,0)
DispatchTrackball(-1,5295363,2,-4.0,-3.0,0.0,0.0,0,1.0,1.0,0,0)
DispatchTrackball(-1,5295441,2,-5.0,-2.0,0.0,0.0,0,1.0,1.0,0,0)
DispatchTrackball(-1,5295450,2,-1.0,-1.0,0.0,0.0,0,1.0,1.0,0,0)
DispatchTrackball(-1,5295469,2,3.0,-5.0,0.0,0.0,0,1.0,1.0,0,0)
DispatchTrackball(-1,5295497,2,-3.0,4.0,0.0,0.0,0,1.0,1.0,0,0)
DispatchTrackball(-1,5295505,2,3.0,-5.0,0.0,0.0,0,1.0,1.0,0,0)
DispatchTrackball(-1,5295523,2,-4.0,-1.0,0.0,0.0,0,1.0,1.0,0,0)
DispatchTrackball(-1,5295534,2,-4.0,2.0,0.0,0.0,0,1.0,1.0,0,0)
DispatchPointer(5295544,5295551,0,97.0,554.0,0.0,0.0,0,1.0,1.0,0,0)
DispatchPointer(5295544,5295573,1,86.33819,551.68616,0.0,0.0,0,1.0,1.0,0,0)
DispatchPointer(5295622,5295622,0,35.0,541.0,0.0,0.0,0,1.0,1.0,0,0)
DispatchPointer(5295622,5295678,1,27.439985,555.5768,0.0,0.0,0,1.0,1.0,0,0)
DispatchKey(5295714,5295714,0,20,0,0,-1,0)
DispatchKey(5295907,5295907,1,20,0,0,-1,0)
DispatchKey(5296016,5296016,0,82,0,0,-1,0)
DispatchKey(5296076,5296076,1,82,0,0,-1,0)
DispatchKey(5296146,5296146,0,82,0,0,-1,0)
DispatchKey(5296175,5296175,1,82,0,0,-1,0)
DispatchKey(5296197,5296197,0,19,0,0,-1,0)
DispatchKey(5296223,5296223,1,19,0,0,-1,0)
DispatchPointer(5296289,5296290,0,346.0,65.0,0.0,0.0,0,1.0,1.0,0,0)
DispatchPointer(5296289,5296318,1,354.48572,63.43245,0.0,0.0,0,1.0,1.0,0,0)
DispatchPointer(5297087,5297092,0,267.0,284.0,0.0,0.0,0,1.0,1.0,0,0)
DispatchPointer(5297087,5297120,2,267.23013,283.69843,0.0,0.0,0,1.0,1.0,0,0)
DispatchPointer(5297087,5297142,2,269.71152,281.951,0.0,0.0,0,1.0,1.0,0,0)
DispatchPointer(5297087,5297156,2,271.61105,276.03238,0.0,0.0,0,1.0,1.0,0,0)
DispatchPointer(5297087,5297164,2,272.42023,269.68704,0.0,0.0,0,1.0,1.0,0,0)
DispatchPointer(5297087,5297173,2,274.69144,263.43823,0.0,0.0,0,1.0,1.0,0,0)
DispatchPointer(5297087,5297180,1,276.04437,257.3462,0.0,0.0,0,1.0,1.0,0,0)
DispatchKey(5297218,5297218,0,147,0,0,-1,0)
DispatchKey(5297243,5297243,1,147,0,0,-1,0)
DispatchPointer(5297277,5297278,0,387.0,337.0,0.0,0.0,0,1.0,1.0,0,0)
DispatchPointer(5297277,5297288,261,386.7352,336.79935,0.0,0.0,0,1.0,1.0,0,0)
DispatchPointer(5297277,5297299,2,386.43317,336.32724,0.0,0.0,0,1.0,1.0,0,0)
DispatchPointer(5297277,5297325,262,384.77826,335.90543,0.0,0.0,0,1.0,1.0,0,0)
DispatchPointer(5297277,5297337,1,384.45248,335.55853,0.0,0.0,0,1.0,1.0,0,0)
DispatchKey(5297365,5297365,0,161,0,0,-1,0)
DispatchKey(5297465,5297465,1,161,0,0,-1,0)
DispatchKey(5297548,5297548,0,19,0,0,-1,0)
DispatchKey(5297615,5297615,1,19,0,0,-1,0)
DispatchTrackball(-1,5297655,2,3.0,-4.0,0.0,0.0,0,1.0,1.0,0,0)
DispatchTrackball(-1,5297678,2,-3.0,4.0,0.0,0.0,0,1.0,1.0,0,0)
DispatchTrackball(-1,5297704,2,2.0,-5.0,0.0,0.0,0,1.0,1.0,0,0)
DispatchTrackball(-1,5297724,2,-4.0,1.0,0.0,0.0,0,1.0,1.0,0,0)
DispatchTrackball(-1,5297744,2,2.0,2.0,0.0,0.0,0,1.0,1.0,0,0)
DispatchTrackball(-1,5297763,2,-5.0,4.0,0.0,0.0,0,1.0,1.0,0,0)
DispatchTrackball(-1,5297782,2,4.0,-2.0,0.0,0.0,0,1.0,1.0,0,0)
DispatchTrackball(-1,5297789,2,-2.0,2.0,0.0,0.0,0,1.0,1.0,0,0)
DispatchTrackball(-1,5297798,2,4.0,-1.0,0.0,0.0,0,1.0,1.0,0,0)
DispatchTrackball(-1,5297810,2,-1.0,4.0,0.0,0.0,0,1.0,1.0,0,0)
DispatchPointer(5297830,5297831,0,72.0,555.0,0.0,0.0,0,1.0,1.0,0,0)
DispatchPointer(5297830,5297857,1,84.757515,553.0483,0.0,0.0,0,1.0,1.0,0,0)
DispatchKey(5297883,5297883,0,23,0,0,-1,0)
DispatchKey(5298070,5298070,1,23,0,0,-1,0)
DispatchKey(5298227,5298227,0,82,0,0,-1,0)
DispatchKey(5298294,5298294,1,82,0,0,-1,0)
DispatchPointer(5298320,5298320,0,444.0,33.0,0.0,0.0,0,1.0,1.0,0,0)
DispatchPointer(5298320,5298374,1,432.06958,29.51534,0.0,0.0,0,1.0,1.0,0,0)
DispatchPointer(5298431,5298431,0,201.0,636.0,0.0,0.0,0,1.0,1.0,0,0)
DispatchPointer(5298431,5298923,1,220.27661,641.65594,0.0,0.0,0,1.0,1.0,0,0)
DispatchKey(5299174,5299174,0,82,0,0,-1,0)
DispatchKey(5302286,5302286,1,82,0,0,-1,0)
DispatchKey(5302360,5302360,0,215,0,0,-1,0)
DispatchKey(5302382,5302382,1,215,0,0,-1,0)
DispatchPointer(5302565,5302566,0,260.0,796.0,0.0,0.0,0,1.0,1.0,0,0)
DispatchPointer(5302565,5302596,2,259.88837,800.0,0.0,0.0,0,1.0,1.0,0,0)
DispatchPointer(5302565,5302619,2,258.34607,800.0,0.0,0.0,0,1.0,1.0,0,0)
DispatchPointer(5302565,5302631,2,256.50937,800.0,0.0,0.0,0,1.0,1.0,0,0)
DispatchPointer(5302565,5302637,2,252.32497,800.0,0.0,0.0,0,1.0,1.0,0,0)
DispatchPointer(5302565,5302653,2,251.16281,800.0,0.0,0.0,0,1.0,1.0,0,0)
DispatchPointer(5302565,5302660,1,250.68105,800.0,0.0,0.0,0,1.0,1.0,0,0)
DispatchPointer(5302834,5302834,0,219.0,771.0,0.0,0.0,0,1.0,1.0,0,0)
DispatchPointer(5302834,5302849,1,217.06534,749.6954,0.0,0.0,0,1.0,1.0,0,0)
DispatchKey(5302866,5302866,0,21,0,0,-1,0)
DispatchKey(5303039,5303039,1,21,0,0,-1,0)
DispatchPointer(5303519,5303531,0,16.0,483.0,0.0,0.0,0,1.0,1.0,0,0)
DispatchPointer(5303519,5303562,2,22.028435,484.0769,0.0,0.0,0,1.0,1.0,0,0)
DispatchPointer(5303519,5303582,2,32.25102,485.15204,0.0,0.0,0,1.0,1.0,0,0)
DispatchPointer(5303519,5303600,2,34.78275,487.98697,0.0,0.0,0,1.0,1.0,0,0)
DispatchPointer(5303519,5303606,2,50.422592,492.75003,0.0,0.0,0,1.0,1.0,0,0)
DispatchPointer(5303519,5303623,2,50.883236,495.00375,0.0,0.0,0,1.0,1.0,0,0)
DispatchPointer(5303519,5303671,2,62.08925,499.18994,0.0,0.0,0,1.0,1.0,0,0)
DispatchPointer(5303519,5303679,1,74.40892,501.34363,0.0,0.0,0,1.0,1.0,0,0)
DispatchKey(5303794,5303794,0,22,0,0,-1,0)
DispatchKey(5303971,5303971,1,22,0,0,-1,0)
DispatchPointer(5304013,5304014,0,453.0,501.0,0.0,0.0,0,1.0,1.0,0,0)
DispatchPointer(5304013,5304054,2,439.80988,505.75967,0.0,0.0,0,1.0,1.0,0,0)
DispatchPointer(5304013,5304065,2,435.1716,510.2669,0.0,0.0,0,1.0,1.0,0,0)
DispatchPointer(5304013,5304079,1,429.75723,519.0587,0.0,0.0,0,1.0,1.0,0,0)
DispatchTrackball(-1,5304121,2,3.0,1.0,0.0,0.0,0,1.0,1.0,0,0)
DispatchTrackball(-1,5304155,2,-3.0,-1.0,0.0,0.0,0,1.0,1.0,0,0)
DispatchTrackball(-1,5304211,2,-2.0,4.0,0.0,0.0,0,1.0,1.0,0,0)
DispatchTrackball(-1,5304220,2,-3.0,-4.0,0.0,0.0,0,1.0,1.0,0,0)
DispatchTrackball(-1,5304237,2,-2.0,0.0,0.0,0.0,0,1.0,1.0,0,0)
DispatchTrackball(-1,5304259,2,-1.0,-1.0,0.0,0.0,0,1.0,1.0,0,0)
DispatchTrackball(-1,5304309,2,1.0,-4.0,0.0,0.0,0,1.0,1.0,0,0)
DispatchTrackball(-1,5304372,2,-2.0,2.0,0.0,0.0,0,1.0,1.0,0,0)
DispatchTrackball(-1,5304391,2,4.0,-2.0,0.0,0.0,0,1.0,1.0,0,0)
DispatchTrackball(-1,5304402,2,-5.0,1.0,0.0,0.0,0,1.0,1.0,0,0)
DispatchKey(5304421,5304421,0,21,0,0,-1,0)
DispatchKey(5304456,5304456,1,21,0,0,-1,0)
DispatchKey(5304508,5304508,0,130,0,0,-1,0)
DispatchKey(5304544,5304544,1,130,0,0,-1,0)
DispatchPointer(5304593,5304593,0,239.0,672.0,0.0,0.0,0,1.0,1.0,0,0)
DispatchPointer(5304593,5304626,1,238.552,670.6686,0.0,0.0,0,1.0,1.0,0,0)
DispatchKey(5304657,5304657,0,23,0,0,-1,0)
DispatchKey(5304722,5304722,1,23,0,0,-1,0)
DispatchKey(5304757,5304757,0,82,0,0,-1,0)
DispatchKey(5304787,5304787,1,82,0,0,-1,0)
DispatchKey(5305072,5305072,0,19,0,0,-1,0)
DispatchKey(5305102,5305102,1,19,0,0,-1,0)
DispatchTrackball(-1,5305117,2,0.0,1.0,0.0,0.0,0,1.0,1.0,0,0)
DispatchTrackball(-1,5305148,2,-1.0,-4.0,0.0,0.0,0,1.0,1.0,0,0)
DispatchTrackball(-1,5305173,2,4.0,-1.0,0.0,0.0,0,1.0,1.0,0,0)
DispatchTrackball(-1,5305180,2,-4.0,-3.0,0.0,0.0,0,1.0,1.0,0,0)
DispatchTrackball(-1,5305197,2,-4.0,3.0,0.0,0.0,0,1.0,1.0,0,0)
DispatchTrackball(-1,5305255,2,4.0,-5.0,0.0,0.0,0,1.0,1.0,0,0)
DispatchTrackball(-1,5305266,2,2.0,0.0,0.0,0.0,0,1.0,1.0,0,0)
DispatchTrackball(-1,5305288,2,-2.0,-3.0,0.0,0.0,0,1.0,1.0,0,0)
DispatchTrackball(-1,5305355,2,4.0,-3.0,0.0,0.0,0,1.0,1.0,0,0)
DispatchTrackball(-1,5305366,2,-2.0,-5.0,0.0,0.0,0,1.0,1.0,0,0)
DispatchKey(5305392,5305392,0,22,0,0,-1,0)
DispatchKey(5305480,5305480,1,22,0,0,-1,0)
DispatchKey(5305550,5305550,0,23,0,0,-1,0)
DispatchKey(5305571,5305571,1,23,0,0,-1,0)
DispatchKey(5305584,5305584,0,39,0,0,-1,0)
DispatchKey(5305609,5305609,1,39,0,0,-1,0)
DispatchKey(5305631,5305631,0,19,0,0,-1,0)
DispatchKey(5305645,5305645,1,19,0,0,-1,0)
DispatchPointer(5305696,5305696,0,224.0,507.0,0.0,0.0,0,1.0,1.0,0,0)
DispatchPointer(5305696,5305721,1,224.15863,514.77313,0.0,0.0,0,1.0,1.0,0,0)
DispatchPointer(5305801,5305802,0,270.0,455.0,0.0,0.0,0,1.0,1.0,0,0)
DispatchPointer(5305801,5305849,2,268.51044,467.31796,0.0,0.0,0,1.0,1.0,0,0)
DispatchPointer(5305801,5305891,2,267.23676,467.68695,0.0,0.0,0,1.0,1.0,0,0)
