type= raw events
count= -1
speed= 1.0
start data >>
DispatchKey(5149118,5149118,0,20,0,0,-1,0)
DispatchKey(5152176,5152176,1,20,0,0,-1,0)
DispatchKey(5152356,5152356,0,82,0,0,-1,0)
DispatchKey(5152368,5152368,1,82,0,0,-1,0)
DispatchKey(5152809,5152809,0,68,0,0,-1,0)
DispatchKey(5152829,5152829,1,68,0,0,-1,0)
DispatchKey(5152901,5152901,0,4,0,0,-1,0)
DispatchKey(5152932,5152932,1,4,0,0,-1,0)
DispatchKey(5152955,5152955,0,19,0,0,-1,0)
DispatchKey(5152967,5152967,1,19,0,0,-1,0)
DispatchKey(5152988,5152988,0,22,0,0,-1,0)
DispatchKey(5153015,5153015,1,22,0,0,-1,0)
DispatchPointer(5153029,5153043,0,245.0,637.0,0.0,0.0,0,1.0,1.0,0,0)
DispatchPointer(5153029,5153077,2,245.08519,627.98145,0.0,0.0,0,1.0,1.0,0,0)
DispatchPointer(5153029,5153098,2,245.30348,611.2482,0.0,0.0,0,1.0,1.0,0,0)
DispatchPointer(5153029,5153110,2,245.35995,600.1477,0.0,0.0,0,1.0,1.0,0,0)
DispatchPointer(5153029,5153146,2,245.37257,596.41534,0.0,0.0,0,1.0,1.0,0,0)
DispatchPointer(5153029,5153155,1,245.37872,592.60565,0.0,0.0,0,1.0,1.0,0,0)
DispatchKey(5153201,5153201,0,108,0,0,-1,0)
DispatchKey(5153237,5153237,1,108,0,0,-1,0)
DispatchKey(5153274,5153274,0,82,0,0,-1,0)
DispatchKey(5153634,5153634,1,82,0,0,-1,0)
DispatchKey(5153650,5153650,0,21,0,0,-1,0)
DispatchKey(5153756,5153756,1,21,0,0,-1,0)
DispatchKey(5154288,5154288,0,23,0,0,-1,0)
DispatchKey(5154410,5154410,1,23,0,0,-1,0)
DispatchKey(5154457,5154457,0,22,0,0,-1,0)
DispatchKey(5154494,5154494,1,22,0,0,-1,0)
DispatchTrackball(-1,5154537,2,3.0,-5.0,0.0,0.0,0,1.0,1.0,0,0)
DispatchTrackball(-1,5154642,2,3.0,-2.0,0.0,0.0,0,1.0,1.0,0,0)
DispatchTrackball(-1,5154672,2,3.0,-2.0,0.0,0.0,0,1.0,1.0,0,0)
DispatchTrackball(-1,5154761,2,3.0,-2.0,0.0,0.0,0,1.0,1.0,0,0)
DispatchTrackball(-1,5154770,2,4.0,3.0,0.0,0.0,0,1.0,1.0,0,0)
DispatchTrackball(-1,5154779,2,2.0,2.0,0.0,0.0,0,1.0,1.0,0,0)
DispatchTrackball(-1,5155134,2,2.0,-4.0,0.0,0.0,0,1.0,1.0,0,0)
DispatchTrackball(-1,5159303,2,-1.0,4.0,0.0,0.0,0,1.0,1.0,0,0)
DispatchTrackball(-1,5159318,2,-4.0,4.0,0.0,0.0,0,1.0,1.0,0,0)
DispatchTrackball(-1,5159529,2,0.0,-3.0,0.0,0.0,0,1.0,1.0,0,0)
DispatchPointer(5159689,5159701,0,440.0,481.0,0.0,0.0,0,1.0,1.0,0,0)
DispatchPointer(5159689,5159751,2,457.855,478.7054,0.0,0.0,0,1.0,1.0,0,0)
DispatchPointer(5159689,5159759,2,466.9317,456.98392,0.0,0.0,0,1.0,1.0,0,0)
DispatchPointer(5159689,5159777,1,480.0,437.26392,0.0,0.0,0,1.0,1.0,0,0)
DispatchPointer(5159810,5159811,0,111.0,609.0,0.0,0.0,0,1.0,1.0,0,0)
DispatchPointer(5159810,5159935,1,99.14724,610.75354,0.0,0.0,0,1.0,1.0,0,0)
DispatchKey(5160904,5160904,0,23,0,0,-1,0)
DispatchKey(5160994,5160994,1,23,0,0,-1,0)
DispatchKey(5161911,5161911,0,21,0,0,-1,0)
DispatchKey(5161950,5161950,1,21,0,0,-1,0)
DispatchTrackball(-1,5161968,2,-4.0,3.0,0.0,0.0,0,1.0,1.0,0,0)
DispatchTrackball(-1,5161992,2,-1.0,-2.0,0.0,0.0,0,1.0,1.0,0,0)
DispatchTrackball(-1,5162004,2,-5.0,-5.0,0.0,0.0,0,1.0,1.0,0,0)
DispatchTrackball(-1,5162068,2,-3.0,4.0,0.0,0.0,0,1.0,1.0,0,0)
DispatchTrackball(-1,5162098,2,-3.0,4.0,0.0,0.0,0,1.0,1.0,0,0)
DispatchTrackball(-1,5162132,2,1.0,-1.0,0.0,0.0,0,1.0,1.0,0,0)
DispatchTrackball(-1,5162162,2,-5.0,0.0,0.0,0.0,0,1.0,1.0,0,0)
DispatchTrackball(-1,5162264,2,2.0,2.0,0.0,0.0,0,1.0,1.0,0,0)
DispatchTrackball(-1,5162335,2,-2.0,-4.0,0.0,0.0,0,1.0,1.0,0,0)
DispatchTrackball(-1,5162344,2,2.0,4.0,0.0,0.0,0,1.0,1.0,0,0)
DispatchKey(5162403,5162403,0,23,0,0,-1,0)
DispatchKey(5162498,5162498,1,23,0,0,-1,0)
DispatchTrackball(-1,5162712,2,-5.0,-2.0,0.0,0.0,0,1.0,1.0,0,0)
DispatchTrackball(-1,5162762,2,-4.0,-2.0,0.0,0.0,0,1.0,1.0,0,0)
DispatchTrackball(-1,5162782,2,-2.0,-4.0,0.0,0.0,0,1.0,1.0,0,0)
DispatchTrackball(-1,5162803,2,-4.0,-5.0,0.0,0.0,0,1.0,1.0,0,0)
DispatchTrackball(-1,5162823,2,-5.0,0.0,0.0,0.0,0,1.0,1.0,0,0)
DispatchTrackball(-1,5162832,2,4.0,-2.0,0.0,0.0,0,1.0,1.0,0,0)
DispatchTrackball(-1,5162846,2,1.0,2.0,0.0,0.0,0,1.0,1.0,0,0)
DispatchTrackball(-1,5162858,2,0.0,-2.0,0.0,0.0,0,1.0,1.0,0,0)
DispatchTrackball(-1,5162879,2,2.0,-1.0,0.0,0.0,0,1.0,1.0,0,0)
DispatchTrackball(-1,5162903,2,-5.0,-1.0,0.0,0.0,0,1.0,1.0,0,0)
DispatchTrackball(5162712,5162917,0,0.0,0.0,0.0,0.0,0,1.0,1.0,0,0)
DispatchTrackball(5162712,5162965,1,0.0,0.0,0.0,0.0,0,1.0,1.0,0,0)
DispatchKey(5163013,5163013,0,23,0,0,-1,0)
DispatchKey(5163420,5163420,1,23,0,0,-1,0)
DispatchKey(5163499,5163499,0,22,0,0,-1,0)
DispatchKey(5163526,5163526,1,22,0,0,-1,0)
DispatchKey(5163551,5163551,0,25,0,0,-1,0)
DispatchKey(5163723,5163723,1,25,0,0,-1,0)
DispatchTrackball(-1,5163826,2,-1.0,1.0,0.0,0.0,0,1.0,1.0,0,0)
DispatchTrackball(-1,5163878,2,-1.0,-2.0,0.0,0.0,0,1.0,1.0,0,0)
DispatchTrackball(-1,5163905,2,-4.0,4.0,0.0,0.0,0,1.0,1.0,0,0)
DispatchTrackball(-1,5164071,2,-5.0,-2.0,0.0,0.0,0,1.0,1.0,0,0)
DispatchTrackball(-1,5164104,2,4.0,2.0,0.0,0.0,0,1.0,1.0,0,0)
DispatchTrackball(-1,5164112,2,-5.0,-2.0,0.0,0.0,0,1.0,1.0,0,0)
DispatchTrackball(-1,5164121,2,1.0,4.0,0.0,0.0,0,1.0,1.0,0,0)
DispatchTrackball(-1,5164141,2,3.0,4.0,0.0,0.0,0,1.0,1.0,0,0)
DispatchTrackball(-1,5164160,2,3.0,2.0,0.0,0.0,0,1.0,1.0,0,0)
DispatchTrackball(-1,5164169,2,1.0,-1.0,0.0,0.0,0,1.0,1.0,0,0)
DispatchPointer(5164227,5164227,0,256.0,360.0,0.0,0.0,0,1.0,1.0,0,0)
DispatchPointer(5164227,5164343,1,260.73187,348.538,0.0,0.0,0,1.0,1.0,0,0)
DispatchTrackball(-1,5164806,2,4.0,-5.0,0.0,0.0,0,1.0,1.0,0,0)
DispatchTrackball(-1,5164890,2,1.0,4.0,0.0,0.0,0,1.0,1.0,0,0)
DispatchTrackball(-1,5164906,2,-1.0,3.0,0.0,0.0,0,1.0,1.0,0,0)
DispatchTrackball(-1,5164925,2,0.0,4.0,0.0,0.0,0,1.0,1.0,0,0)
DispatchTrackball(-1,5164986,2,0.0,-5.0,0.0,0.0,0,1.0,1.0,0,0)
DispatchTrackball(-1,5165032,2,1.0,2.0,0.0,0.0,0,1.0,1.0,0,0)
DispatchTrackball(-1,5165049,2,4.0,1.0,0.0,0.0,0,1.0,1.0,0,0)
DispatchTrackball(-1,5165059,2,1.0,0.0,0.0,0.0,0,1.0,1.0,0,0)
DispatchTrackball(-1,5165084,2,-4.0,-5.0,0.0,0.0,0,1.0,1.0,0,0)
DispatchTrackball(-1,5165093,2,4.0,2.0,0.0,0.0,0,1.0,1.0,0,0)
DispatchKey(5165561,5165561,0,4,0,0,-1,0)
DispatchKey(5165577,5165577,1,4,0,0,-1,0)
DispatchKey(5165669,5165669,0,19,0,0,-1,0)
DispatchKey(5166104,5166104,1,19,0,0,-1,0)
DispatchKey(5166293,5166293,0,143,0,0,-1,0)
DispatchKey(5166667,5166667,1,143,0,0,-1,0)
DispatchFlip(false)
DispatchTrackball(-1,5166793,2,2.0,4.0,0.0,0.0,0,1.0,1.0,0,0)
DispatchTrackball(-1,5166942,2,-5.0,-1.0,0.0,0.0,0,1.0,1.0,0,0)
DispatchTrackball(-1,5166970,2,-4.0,2.0,0.0,0.0,0,1.0,1.0,0,0)
DispatchTrackball(-1,5166978,2,-3.0,0.0,0.0,0.0,0,1.0,1.0,0,0)
DispatchTrackball(-1,5167088,2,-1.0,2.0,0.0,0.0,0,1.0,1.0,0,0)
DispatchTrackball(-1,5167225,2,1.0,-3.0,0.0,0.0,0,1.0,1.0,0,0)
DispatchTrackball(-1,5167244,2,1.0,2.0,0.0,0.0,0,1.0,1.0,0,0)
DispatchTrackball(-1,5167251,2,3.0,-4.0,0.0,0.0,0,1.0,1.0,0,0)
DispatchTrackball(-1,5167260,2,-2.0,-2.0,0.0,0.0,0,1.0,1.0,0,0)
DispatchTrackball(-1,5167279,2,2.0,-2.0,0.0,0.0,0,1.0,1.0,0,0)
DispatchKey(5167287,5167287,0,23,0,0,-1,0)
DispatchKey(5168205,5168205,1,23,0,0,-1,0)
DispatchPointer(5168387,5168389,0,385.0,532.0,0.0,0.0,0,1.0,1.0,0,0)
DispatchPointer(5168387,5168468,261,380.78494,542.2479,0.0,0.0,0,1.0,1.0,0,0)
DispatchPointer(5168387,5168964,2,371.95877,545.11395,0.0,0.0,0,1.0,1.0,0,0)
DispatchPointer(5168387,5168988,262,360.5373,555.35394,0.0,0.0,0,1.0,1.0,0,0)
DispatchPointer(5168387,5168998,1,351.45413,558.7198,0.0,0.0,0,1.0,1.0,0,0)
DispatchKey(5169235,5169235,0,23,0,0,-1,0)
DispatchKey(5170183,5170183,1,23,0,0,-1,0)
DispatchKey(5170243,5170243,0,197,0,0,-1,0)
DispatchKey(5170255,5170255,1,197,0,0,-1,0)
DispatchPointer(5170304,5170306,0,177.0,726.0,0.0,0.0,0,1.0,1.0,0,0)
DispatchPointer(5170304,5170331,2,176.7473,724.0132,0.0,0.0,0,1.0,1.0,0,0)
DispatchPointer(5170304,5170371,2,176.2047,720.37555,0.0,0.0,0,1.0,1.0,0,0)
DispatchPointer(5170304,5170402,2,174.69742,716.11975,0.0,0.0,0,1.0,1.0,0,0)
DispatchPointer(5170304,5170412,2,172.87296,712.208,0.0,0.0,0,1.0,1.0,0,0)
DispatchPointer(5170304,5170420,2,170.94504,702.9456,0.0,0.0,0,1.0,1.0,0,0)
DispatchPointer(5170304,5170455,2,169.41942,695.4255,0.0,0.0,0,1.0,1.0,0,0)
DispatchPointer(5170304,5170465,2,168.99013,685.5894,0.0,0.0,0,1.0,1.0,0,0)
DispatchPointer(5170304,5170489,1,167.06714,683.1015,0.0,0.0,0,1.0,1.0,0,0)
DispatchPointer(5170591,5170591,0,343.0,297.0,0.0,0.0,0,1.0,1.0,0,0)
DispatchPointer(5170591,5170637,1,352.28946,287.87253,0.0,0.0,0,1.0,1.0,0,0)
DispatchKey(5170672,5170672,0,22,0,0,-1,0)
DispatchKey(5170948,5170948,1,22,0,0,-1,0)
DispatchPointer(5171068,5171068,0,375.0,396.0,0.0,0.0,0,1.0,1.0,0,0)
DispatchPointer(5171068,5171102,2,376.13333,399.03543,0.0,0.0,0,1.0,1.0,0,0)
DispatchPointer(5171068,5171116,2,378.04382,402.7095,0.0,0.0,0,1.0,1.0,0,0)
DispatchPointer(5171068,5171122,2,379.97043,412.1273,0.0,0.0,0,1.0,1.0,0,0)
DispatchPointer(5171068,5171144,2,380.07254,414.3953,0.0,0.0,0,1.0,1.0,0,0)
DispatchPointer(5171068,5171163,2,381.1757,424.65884,0.0,0.0,0,1.0,1.0,0,0)
DispatchPointer(5171068,5171178,2,381.3016,434.14966,0.0,0.0,0,1.0,1.0,0,0)
DispatchPointer(5171068,5171186,2,383.13745,448.85995,0.0,0.0,0,1.0,1.0,0,0)
DispatchPointer(5171068,5171272,1,383.45212,465.1865,0.0,0.0,0,1.0,1.0,0,0)
DispatchPointer(5171316,5171316,0,454.0,68.0,0.0,0.0,0,1.0,1.0,0,0)
DispatchPointer(5171316,5171417,1,453.4678,66.69248,0.0,0.0,0,1.0,1.0,0,0)
DispatchKey(5171454,5171454,0,22,0,0,-1,0)
DispatchKey(5173643,5173643,1,22,0,0,-1,0)
DispatchTrackball(-1,5173676,2,4.0,-4.0,0.0,0.0,0,1.0,1.0,0,0)
DispatchTrackball(-1,5173707,2,-5.0,-5.0,0.0,0.0,0,1.0,1.0,0,0)
DispatchTrackball(-1,5173833,2,0.0,-3.0,0.0,0.0,0,1.0,1.0,0,0)
DispatchTrackball(-1,5173853,2,-2.0,3.0,0.0,0.0,0,1.0,1.0,0,0)
DispatchTrackball(-1,5173952,2,-2.0,3.0,0.0,0.0,0,1.0,1.0,0,0)
DispatchTrackball(-1,5173973,2,-3.0,-1.0,0.0,0.0,0,1.0,1.0,0,0)
DispatchTrackball(-1,5173990,2,-5.0,1.0,0.0,0.0,0,1.0,1.0,0,0)
DispatchTrackball(-1,5173998,2,-2.0,4.0,0.0,0.0,0,1.0,1.0,0,0)
DispatchTrackball(-1,5174006,2,4.0,-1.0,0.0,0.0,0,1.0,1.0,0,0)
DispatchTrackball(-1,5174014,2,-2.0,-5.0,0.0,0.0,0,1.0,1.0,0,0)
DispatchPointer(5174034,5174034,0,462.0,399.0,0.0,0.0,0,1.0,1.0,0,0)
DispatchPointer(5174034,5174049,2,458.206,402.38702,0.0,0.0,0,1.0,1.0,0,0)
DispatchPointer(5174034,5174191,2,441.9733,406.0583,0.0,0.0,0,1.0,1.0,0,0)
DispatchPointer(5174034,5174784,1,441.40973,408.5329,0.0,0.0,0,1.0,1.0,0,0)
DispatchTrackball(-1,5174804,2,-2.0,2.0,0.0,0.0,0,1.0,1.0,0,0)
DispatchTrackball(-1,5174864,2,-2.0,-3.0,0.0,0.0,0,1.0,1.0,0,0)
DispatchTrackball(5360683,5361074,0,0.0,0.0,0.0,0.0,0,1.0,1.0,0,0)
DispatchTrackball(5360683,5361118,1,0.0,0.0,0.0,0.0,0,1.0,1.0,0,0)
DispatchPointer(5361195,5361196,0,181.0,749.0,0.0,0.0,0,1.0,1.0,0,0)
DispatchPointer(5361195,5361225,1,178.20862,740.2574,0.0,0.0,0,1.0,1.0,0,0)
DispatchPointer(5361323,5361325,0,205.0,335.0,0.0,0.0,0,1.0,1.0,0,0)
DispatchPointer(5361323,5361454,261,205.48851,336.23334,0.0,0.0,0,1.0,1.0,0,0)
DispatchPointer(5361323,5361473,2,206.86575,338.0863,0.0,0.0,0,1.0,1.0,0,0)
DispatchPointer(5361323,5361490,2,208.2807,339.79056,0.0,0.0,0,1.0,1.0,0,0)
DispatchPointer(5361323,5361513,2,209.44328,342.00027,0.0,0.0,0,1.0,1.0,0,0)
DispatchPointer(5361323,5361534,2,209.46225,344.1423,0.0,0.0,0,1.0,1.0,0,0)
DispatchPointer(5361323,5361545,2,210.56001,345.04443,0.0,0.0,0,1.0,1.0,0,0)
DispatchPointer(5361323,5361566,2,211.10141,346.39987,0.0,0.0,0,1.0,1.0,0,0)
DispatchPointer(5361323,5361574,2,212.49974,346.53122,0.0,0.0,0,1.0,1.0,0,0)
DispatchPointer(5361323,5361593,262,213.10048,347.16745,0.0,0.0,0,1.0,1.0,0,0)
DispatchPointer(5361323,5361613,1,213.78947,347.49704,0.0,0.0,0,1.0,1.0,0,0)
DispatchKey(5361733,5361733,0,82,0,0,-1,0)
DispatchKey(5362630,5362630,1,82,0,0,-1,0)
GUIGen(3)
DispatchPointer(5380048,5380049,0,131.0,567.0,0.0,0.0,0,1.0,1.0,0,0)
DispatchPointer(5380048,5380076,2,143.78044,561.53705,0.0,0.0,0,1.0,1.0,0,0)
DispatchPointer(5380048,5380111,2,149.52673,549.1574,0.0,0.0,0,1.0,1.0,0,0)
DispatchPointer(5380048,5380140,2,153.20035,538.0584,0.0,0.0,0,1.0,1.0,0,0)
DispatchPointer(5380048,5380169,2,158.96123,520.60516,0.0,0.0,0,1.0,1.0,0,0)
DispatchPointer(5380048,5380188,2,164.709,509.99637,0.0,0.0,0,1.0,1.0,0,0)
DispatchPointer(5380048,5380199,1,177.8323,505.58868,0.0,0.0,0,1.0,1.0,0,0)
DispatchKey(5380323,5380323,0,21,0,0,-1,0)
DispatchKey(5380454,5380454,1,21,0,0,-1,0)
DispatchKey(5380467,5380467,0,20,0,0,-1,0)
DispatchKey(5380829,5380829,1,20,0,0,-1,0)
DispatchPointer(5380931,5380932,0,345.0,471.0,0.0,0.0,0,1.0,1.0,0,0)
DispatchPointer(5380931,5381015,2,327.90823,460.0074,0.0,0.0,0,1.0,1.0,0,0)
DispatchPointer(5380931,5381033,2,316.61246,450.2156,0.0,0.0,0,1.0,1.0,0,0)
DispatchPointer(5380931,5381065,1,315.2611,445.22806,0.0,0.0,0,1.0,1.0,0,0)
DispatchKey(5381092,5381092,0,19,0,0,-1,0)
DispatchKey(5381165,5381165,1,19,0,0,-1,0)
DispatchKey(5381191,5381191,0,20,0,0,-1,0)
DispatchKey(5381215,5381215,1,20,0,0,-1,0)
DispatchKey(5381250,5381250,0,20,0,0,-1,0)
DispatchKey(5381271,5381271,1,20,0,0,-1,0)
DispatchTrackball(-1,5381316,2,0.0,1.0,0.0,0.0,0,1.0,1.0,0,0)
DispatchTrackball(-1,5381389,2,-5.0,2.0,0.0,0.0,0,1.0,1.0,0,0)
DispatchTrackball(-1,5381409,2,3.0,2.0,0.0,0.0,0,1.0,1.0,0,0)
DispatchTrackball(-1,5381467,2,0.0,-3.0,0.0,0.0,0,1.0,1.0,0,0)
DispatchTrackball(-1,5381475,2,-5.0,-3.0,0.0,0.0,0,1.0,1.0,0,0)
DispatchTrackball(-1,5381604,2,-3.0,2.0,0.0,0.0,0,1.0,1.0,0,0)
DispatchTrackball(-1,5381623,2,-2.0,-3.0,0.0,0.0,0,1.0,1.0,0,0)
DispatchTrackball(-1,5381712,2,-2.0,-1.0,0.0,0.0,0,1.0,1.0,0,0)
DispatchTrackball(-1,5381720,2,-3.0,-5.0,0.0,0.0,0,1.0,1.0,0,0)
DispatchTrackball(-1,5381740,2,-5.0,-3.0,0.0,0.0,0,1.0,1.0,0,0)
DispatchPointer(5381762,5381764,0,417.0,434.0,0.0,0.0,0,1.0,1.0,0,0)
DispatchPointer(5381762,5381786,261,414.90485,424.21878,0.0,0.0,0,1.0,1.0,0,0)
DispatchPointer(5381762,5381795,2,412.2224,423.16016,0.0,0.0,0,1.0,1.0,0,0)
DispatchPointer(5381762,5381807,2,410.22858,415.85522,0.0,0.0,0,1.0,1.0,0,0)
DispatchPointer(5381762,5381822,2,407.8701,412.34528,0.0,0.0,0,1.0,1.0,0,0)
DispatchPointer(5381762,5381829,2,407.70453,404.9732,0.0,0.0,0,1.0,1.0,0,0)
DispatchPointer(5381762,5381852,2,405.60776,396.84396,0.0,0.0,0,1.0,1.0,0,0)
DispatchPointer(5381762,5381873,2,404.18158,386.59518,0.0,0.0,0,1.0,1.0,0,0)
DispatchPointer(5381762,5381936,2,403.00522,381.27783,0.0,0.0,0,1.0,1.0,0,0)
DispatchPointer(5381762,5381944,262,402.11768,381.18344,0.0,0.0,0,1.0,1.0,0,0)
DispatchPointer(5381762,5381950,1,401.418,374.20322,0.0,0.0,0,1.0,1.0,0,0)
DispatchKey(5382023,5382023,0,19,0,0,-1,0)
DispatchKey(5382049,5382049,1,19,0,0,-1,0)
DispatchPointer(5382189,5382189,0,453.0,343.0,0.0,0.0,0,1.0,1.0,0,0)
DispatchKey(5382313,5382313,0,22,0,0,-1,0)
DispatchKey(5382328,5382328,1,22,0,0,-1,0)
DispatchPointer(5382699,5382700,0,467.0,677.0,0.0,0.0,0,1.0,1.0,0,0)
DispatchPointer(5382699,5382744,2,462.44055,676.2492,0.0,0.0,0,1.0,1.0,0,0)
DispatchPointer(5382699,5382820,2,454.1546,674.2333,0.0,0.0,0,1.0,1.0,0,0)
DispatchPointer(5382699,5382829,2,445.97272,659.7668,0.0,0.0,0,1.0,1.0,0,0)
DispatchPointer(5382699,5382838,2,443.84216,649.96,0.0,0.0,0,1.0,1.0,0,0)
DispatchPointer(5382699,5382860,2,429.25452,636.3447,0.0,0.0,0,1.0,1.0,0,0)
DispatchPointer(5382699,5382887,2,421.7925,622.87115,0.0,0.0,0,1.0,1.0,0,0)
DispatchPointer(5382699,5382895,2,410.28424,612.4449,0.0,0.0,0,1.0,1.0,0,0)
DispatchPointer(5382699,5382912,2,407.58157,602.37225,0.0,0.0,0,1.0,1.0,0,0)
DispatchPointer(5382699,5382925,1,404.9525,590.39996,0.0,0.0,0,1.0,1.0,0,0)
DispatchKey(5383049,5383049,0,112,0,0,-1,0)
DispatchKey(5383094,5383094,1,112,0,0,-1,0)
DispatchKey(5383361,5383361,0,20,0,0,-1,0)
DispatchKey(5383434,5383434,1,20,0,0,-1,0)
DispatchPointer(5383584,5383584,0,259.0,484.0,0.0,0.0,0,1.0,1.0,0,0)
DispatchPointer(5383584,5383599,1,253.31674,489.85388,0.0,0.0,0,1.0,1.0,0,0)
DispatchPointer(5383662,5383663,0,388.0,440.0,0.0,0.0,0,1.0,1.0,0,0)
DispatchPointer(5383662,5383702,2,400.3543,448.11923,0.0,0.0,0,1.0,1.0,0,0)
DispatchPointer(5383662,5383709,2,410.50323,453.3287,0.0,0.0,0,1.0,1.0,0,0)
DispatchPointer(5383662,5383727,2,411.85962,462.49976,0.0,0.0,0,1.0,1.0,0,0)
DispatchPointer(5383662,5383734,2,414.1469,469.12064,0.0,0.0,0,1.0,1.0,0,0)
DispatchPointer(5383662,5383751,2,417.7618,477.74252,0.0,0.0,0,1.0,1.0,0,0)
DispatchPointer(5383662,5383760,2,427.19666,485.1189,0.0,0.0,0,1.0,1.0,0,0)
DispatchPointer(5383662,5383847,1,440.68866,490.11136,0.0,0.0,0,1.0,1.0,0,0)
DispatchKey(5383890,5383890,0,23,0,0,-1,0)
DispatchKey(5383927,5383927,1,23,0,0,-1,0)
DispatchKey(5384002,5384002,0,19,0,0,-1,0)
DispatchKey(5384026,5384026,1,19,0,0,-1,0)
DispatchTrackball(-1,5384251,2,2.0,-5.0,0.0,0.0,0,1.0,1.0,0,0)
DispatchTrackball(-1,5384353,2,1.0,-3.0,0.0,0.0,0,1.0,1.0,0,0)
DispatchTrackball(-1,5384388,2,-4.0,-5.0,0.0,0.0,0,1.0,1.0,0,0)
DispatchTrackball(-1,5384399,2,0.0,-2.0,0.0,0.0,0,1.0,1.0,0,0)
DispatchTrackball(-1,5384405,2,-3.0,-1.0,0.0,0.0,0,1.0,1.0,0,0)
DispatchTrackball(-1,5384415,2,1.0,0.0,0.0,0.0,0,1.0,1.0,0,0)
DispatchTrackball(-1,5384426,2,3.0,-4.0,0.0,0.0,0,1.0,1.0,0,0)
DispatchTrackball(-1,5384444,2,-1.0,2.0,0.0,0.0,0,1.0,1.0,0,0)
DispatchTrackball(-1,5384473,2,0.0,-3.0,0.0,0.0,0,1.0,1.0,0,0)
DispatchTrackball(-1,5384490,2,-4.0,-2.0,0.0,0.0,0,1.0,1.0,0,0)
DispatchKey(5384499,5384499,0,20,0,0,-1,0)
DispatchKey(5385116,5385116,1,20,0,0,-1,0)
DispatchPointer(5385400,5385401,0,5.0,216.0,0.0,0.0,0,1.0,1.0,0,0)
DispatchPointer(5385400,5385534,1,6.6379085,218.39415,0.0,0.0,0,1.0,1.0,0,0)
DispatchTrackball(-1,5388674,2,1.0,0.0,0.0,0.0,0,1.0,1.0,0,0)
DispatchTrackball(-1,5388695,2,-5.0,-3.0,0.0,0.0,0,1.0,1.0,0,0)
DispatchTrackball(-1,5388717,2,0.0,2.0,0.0,0.0,0,1.0,1.0,0,0)
DispatchTrackball(-1,5388729,2,-4.0,-1.0,0.0,0.0,0,1.0,1.0,0,0)
DispatchTrackball(-1,5388825,2,1.0,2.0,0.0,0.0,0,1.0,1.0,0,0)
DispatchTrackball(-1,5388842,2,1.0,-2.0,0.0,0.0,0,1.0,1.0,0,0)
DispatchTrackball(-1,5388852,2,2.0,0.0,0.0,0.0,0,1.0,1.0,0,0)
DispatchTrackball(-1,5388859,2,3.0,-2.0,0.0,0.0,0,1.0,1.0,0,0)
DispatchTrackball(-1,5388882,2,-1.0,0.0,0.0,0.0,0,1.0,1.0,0,0)
DispatchTrackball(-1,5388967,2,0.0,2.0,0.0,0.0,0,1.0,1.0,0,0)
DispatchKey(5388986,5388986,0,19,0,0,-1,0)
DispatchKey(5389010,5389010,1,19,0,0,-1,0)
DispatchKey(5389070,5389070,0,188,0,0,-1,0)
DispatchKey(5389101,5389101,1,188,0,0,-1,0)
DispatchPointer(5389313,5389314,0,231.0,159.0,0.0,0.0,0,1.0,1.0,0,0)
DispatchPointer(5389313,5389326,2,219.55768,152.57826,0.0,0.0,0,1.0,1.0,0,0)
DispatchPointer(5389313,5389401,2,202.66971,132.72499,0.0,0.0,0,1.0,1.0,0,0)
DispatchPointer(5389313,5389456,2,198.09703,123.87267,0.0,0.0,0,1.0,1.0,0,0)
DispatchPointer(5389313,5389463,2,191.25546,113.51603,0.0,0.0,0,1.0,1.0,0,0)
DispatchPointer(5389313,5389522,2,187.51587,95.76854,0.0,0.0,0,1.0,1.0,0,0)
DispatchPointer(5389313,5389529,2,174.6163,93.0712,0.0,0.0,0,1.0,1.0,0,0)
DispatchPointer(5389313,5389564,2,171.3405,76.96642,0.0,0.0,0,1.0,1.0,0,0)
DispatchPointer(5389313,5389582,1,158.54494,72.74624,0.0,0.0,0,1.0,1.0,0,0)
DispatchKey(5389633,5389633,0,28,0,0,-1,0)
DispatchKey(5389806,5389806,1,28,0,0,-1,0)
DispatchPointer(5389830,5389830,0,136.0,358.0,0.0,0.0,0,1.0,1.0,0,0)
DispatchPointer(5389830,5389856,1,139.13026,359.21628,0.0,0.0,0,1.0,1.0,0,0)
DispatchTrackball(-1,5389901,2,-5.0,4.0,0.0,0.0,0,1.0,1.0,0,0)
DispatchTrackball(-1,5389919,2,-4.0,-3.0,0.0,0.0,0,1.0,1.0,0,0)
DispatchTrackball(-1,5389940,2,1.0,2.0,0.0,0.0,0,1.0,1.0,0,0)
DispatchTrackball(-1,5389956,2,0.0,-2.0,0.0,0.0,0,1.0,1.0,0,0)
DispatchTrackball(-1,5389983,2,1.0,-5.0,0.0,0.0,0,1.0,1.0,0,0)
DispatchTrackball(-1,5390012,2,-2.0,-2.0,0.0,0.0,0,1.0,1.0,0,0)
DispatchTrackball(-1,5390019,2,3.0,3.0,0.0,0.0,0,1.0,1.0,0,0)
DispatchTrackball(-1,5390040,2,0.0,-1.0,0.0,0.0,0,1.0,1.0,0,0)
DispatchTrackball(-1,5390056,2,0.0,-2.0,0.0,0.0,0,1.0,1.0,0,0)
DispatchTrackball(-1,5390086,2,-3.0,4.0,0.0,0.0,0,1.0,1.0,0,0)
DispatchKey(5390105,5390105,0,22,0,0,-1,0)
DispatchKey(5390274,5390274,1,22,0,0,-1,0)
LaunchActivity(com.nloko.android.syncmypix,com.nloko.android.syncmypix.MainActivity)
DispatchPointer(5390954,5390955,0,378.0,10.0,0.0,0.0,0,1.0,1.0,0,0)
DispatchPointer(5390954,5391008,1,367.47037,2.4156775,0.0,0.0,0,1.0,1.0,0,0)
DispatchTrackball(-1,5391036,2,-5.0,-4.0,0.0,0.0,0,1.0,1.0,0,0)
DispatchTrackball(-1,5391266,2,4.0,-4.0,0.0,0.0,0,1.0,1.0,0,0)
DispatchTrackball(-1,5391285,2,2.0,-5.0,0.0,0.0,0,1.0,1.0,0,0)
DispatchTrackball(-1,5391294,2,-3.0,-5.0,0.0,0.0,0,1.0,1.0,0,0)
DispatchTrackball(-1,5391345,2,-4.0,4.0,0.0,0.0,0,1.0,1.0,0,0)
DispatchTrackball(-1,5391365,2,-4.0,2.0,0.0,0.0,0,1.0,1.0,0,0)
DispatchTrackball(-1,5391387,2,-1.0,3.0,0.0,0.0,0,1.0,1.0,0,0)
DispatchTrackball(-1,5391395,2,1.0,3.0,0.0,0.0,0,1.0,1.0,0,0)
DispatchTrackball(-1,5391432,2,-3.0,4.0,0.0,0.0,0,1.0,1.0,0,0)
DispatchTrackball(-1,5391438,2,0.0,-2.0,0.0,0.0,0,1.0,1.0,0,0)
DispatchKey(5391493,5391493,0,22,0,0,-1,0)
DispatchKey(5391580,5391580,1,22,0,0,-1,0)
DispatchKey(5391721,5391721,0,19,0,0,-1,0)
DispatchKey(5392229,5392229,1,19,0,0,-1,0)
DispatchPointer(5393257,5393259,0,97.0,81.0,0.0,0.0,0,1.0,1.0,0,0)
DispatchPointer(5393257,5393295,2,85.691284,82.34409,0.0,0.0,0,1.0,1.0,0,0)
DispatchPointer(5393257,5393303,2,81.83339,82.50202,0.0,0.0,0,1.0,1.0,0,0)
DispatchPointer(5393257,5393309,2,74.96409,85.239815,0.0,0.0,0,1.0,1.0,0,0)
DispatchPointer(5393257,5393316,2,62.239258,85.71836,0.0,0.0,0,1.0,1.0,0,0)
DispatchPointer(5393257,5393330,2,57.84529,89.76958,0.0,0.0,0,1.0,1.0,0,0)
DispatchPointer(5393257,5393336,2,50.898026,91.560036,0.0,0.0,0,1.0,1.0,0,0)
DispatchPointer(5393257,5393392,2,44.38813,92.83763,0.0,0.0,0,1.0,1.0,0,0)
DispatchPointer(5393257,5393400,2,43.495575,93.26145,0.0,0.0,0,1.0,1.0,0,0)
DispatchPointer(5393257,5393453,2,42.84729,95.01588,0.0,0.0,0,1.0,1.0,0,0)
DispatchPointer(5393257,5393460,1,30.013096,97.015816,0.0,0.0,0,1.0,1.0,0,0)
DispatchKey(5393596,5393596,0,21,0,0,-1,0)
DispatchKey(5393677,5393677,1,21,0,0,-1,0)
DispatchPointer(5393805,5393806,0,97.0,760.0,0.0,0.0,0,1.0,1.0,0,0)
DispatchPointer(5393805,5393847,1,108.00151,750.06067,0.0,0.0,0,1.0,1.0,0,0)
DispatchPointer(5393889,5393901,0,339.0,509.0,0.0,0.0,0,1.0,1.0,0,0)
DispatchPointer(5393889,5393953,1,335.3417,504.4488,0.0,0.0,0,1.0,1.0,0,0)
DispatchKey(5393999,5393999,0,19,0,0,-1,0)
DispatchKey(5394018,5394018,1,19,0,0,-1,0)
DispatchTrackball(-1,5394094,2,4.0,3.0,0.0,0.0,0,1.0,1.0,0,0)
DispatchTrackball(-1,5394118,2,-5.0,-1.0,0.0,0.0,0,1.0,1.0,0,0)
DispatchTrackball(-1,5394128,2,-2.0,-5.0,0.0,0.0,0,1.0,1.0,0,0)
DispatchTrackball(-1,5394259,2,-5.0,-1.0,0.0,0.0,0,1.0,1.0,0,0)
DispatchTrackball(-1,5394297,2,-2.0,-4.0,0.0,0.0,0,1.0,1.0,0,0)
DispatchTrackball(-1,5394308,2,-1.0,-1.0,0.0,0.0,0,1.0,1.0,0,0)
DispatchTrackball(-1,5394316,2,-1.0,-5.0,0.0,0.0,0,1.0,1.0,0,0)
DispatchTrackball(-1,5394333,2,-5.0,1.0,0.0,0.0,0,1.0,1.0,0,0)
DispatchTrackball(-1,5394353,2,-5.0,-3.0,0.0,0.0,0,1.0,1.0,0,0)
DispatchTrackball(-1,5394375,2,1.0,2.0,0.0,0.0,0,1.0,1.0,0,0)
DispatchPointer(5394531,5394537,0,310.0,449.0,0.0,0.0,0,1.0,1.0,0,0)
DispatchPointer(5394531,5394695,261,305.03015,458.48334,0.0,0.0,0,1.0,1.0,0,0)
DispatchPointer(5394531,5394714,2,301.83133,462.98083,0.0,0.0,0,1.0,1.0,0,0)
DispatchPointer(5394531,5394757,2,299.7995,465.70886,0.0,0.0,0,1.0,1.0,0,0)
DispatchPointer(5394531,5394862,2,296.9828,472.38278,0.0,0.0,0,1.0,1.0,0,0)
DispatchPointer(5394531,5394869,2,295.72385,485.79474,0.0,0.0,0,1.0,1.0,0,0)
