type= raw events
count= -1
speed= 1.0
start data >>
DispatchKey(5293648,5293648,0,82,0,0,-1,0)
DispatchPointer(5382699,5382700,0,467.0,677.0,0.0,0.0,0,1.0,1.0,0,0)
DispatchPointer(5393257,5393309,2,74.96409,85.239815,0.0,0.0,0,1.0,1.0,0,0)
DispatchKey(5286602,5286602,1,21,0,0,-1,0)
DispatchKey(5286629,5286629,0,20,0,0,-1,0)
DispatchKey(5390105,5390105,0,22,0,0,-1,0)
DispatchTrackball(-1,5381409,2,3.0,2.0,0.0,0.0,0,1.0,1.0,0,0)
DispatchTrackball(-1,5394118,2,-5.0,-1.0,0.0,0.0,0,1.0,1.0,0,0)
LaunchActivity(com.nloko.android.syncmypix,com.nloko.android.syncmypix.MainActivity)
DispatchKey(5286975,5286975,0,20,0,0,-1,0)
DispatchKey(5287007,5287007,1,20,0,0,-1,0)
DispatchPointer(5359849,5360024,2,206.99866,633.1436,0.0,0.0,0,1.0,1.0,0,0)
DispatchTrackball(-1,5390086,2,-3.0,4.0,0.0,0.0,0,1.0,1.0,0,0)
DispatchPointer(5288720,5288903,2,458.93317,88.45907,0.0,0.0,0,1.0,1.0,0,0)
DispatchPointer(5293535,5293589,2,24.419296,205.42511,0.0,0.0,0,1.0,1.0,0,0)
DispatchPointer(5393257,5393303,2,81.83339,82.50202,0.0,0.0,0,1.0,1.0,0,0)
DispatchPointer(5383584,5383599,1,253.31674,489.85388,0.0,0.0,0,1.0,1.0,0,0)
DispatchPointer(5293916,5293997,2,243.48451,556.5506,0.0,0.0,0,1.0,1.0,0,0)
DispatchPointer(5289271,5289606,2,243.77234,86.77486,0.0,0.0,0,1.0,1.0,0,0)
DispatchPointer(5385400,5385534,1,6.6379085,218.39415,0.0,0.0,0,1.0,1.0,0,0)
DispatchTrackball(-1,5388967,2,0.0,2.0,0.0,0.0,0,1.0,1.0,0,0)
DispatchPointer(5293087,5293281,2,189.07094,750.69525,0.0,0.0,0,1.0,1.0,0,0)
DispatchPointer(5287959,5288143,2,28.409391,0.0,0.0,0.0,0,1.0,1.0,0,0)
DispatchPointer(5287959,5288172,2,12.093645,0.0,0.0,0.0,0,1.0,1.0,0,0)
DispatchPointer(5288720,5288872,2,436.23337,103.29685,0.0,0.0,0,1.0,1.0,0,0)
LaunchActivity(com.nloko.android.syncmypix,com.nloko.android.syncmypix.MainActivity)
DispatchPointer(5287959,5288037,2,94.93001,13.003449,0.0,0.0,0,1.0,1.0,0,0)
DispatchKey(5288431,5288431,1,24,0,0,-1,0)
DispatchTrackball(-1,5390040,2,0.0,-1.0,0.0,0.0,0,1.0,1.0,0,0)
DispatchPointer(5389313,5389463,2,191.25546,113.51603,0.0,0.0,0,1.0,1.0,0,0)
DispatchPointer(5394531,5394869,2,295.72385,485.79474,0.0,0.0,0,1.0,1.0,0,0)
DispatchPointer(5389313,5389522,2,187.51587,95.76854,0.0,0.0,0,1.0,1.0,0,0)
DispatchTrackball(-1,5355912,2,-5.0,-1.0,0.0,0.0,0,1.0,1.0,0,0)
DispatchTrackball(-1,5361055,2,-1.0,0.0,0.0,0.0,0,1.0,1.0,0,0)
DispatchTrackball(-1,5384399,2,0.0,-2.0,0.0,0.0,0,1.0,1.0,0,0)
DispatchPointer(5288720,5288893,2,436.47562,100.72169,0.0,0.0,0,1.0,1.0,0,0)
DispatchKey(5287511,5287511,0,66,0,0,-1,0)
DispatchTrackball(-1,5295450,2,-1.0,-1.0,0.0,0.0,0,1.0,1.0,0,0)
DispatchPointer(5293535,5293638,1,59.00565,137.03879,0.0,0.0,0,1.0,1.0,0,0)
DispatchPointer(5380048,5380049,0,131.0,567.0,0.0,0.0,0,1.0,1.0,0,0)
DispatchKey(5286065,5286065,1,218,0,0,-1,0)
DispatchPointer(5289194,5289220,1,420.28113,448.49942,0.0,0.0,0,1.0,1.0,0,0)
DispatchKey(5289052,5289052,1,19,0,0,-1,0)
DispatchPointer(5287959,5287961,0,105.0,15.0,0.0,0.0,0,1.0,1.0,0,0)
DispatchKey(5380454,5380454,1,21,0,0,-1,0)
DispatchPointer(5382699,5382838,2,443.84216,649.96,0.0,0.0,0,1.0,1.0,0,0)
DispatchPointer(5293087,5293181,2,146.6955,734.5573,0.0,0.0,0,1.0,1.0,0,0)
DispatchPointer(5381762,5381786,261,414.90485,424.21878,0.0,0.0,0,1.0,1.0,0,0)
DispatchPointer(5361323,5361566,2,211.10141,346.39987,0.0,0.0,0,1.0,1.0,0,0)
DispatchKey(5290119,5290119,0,20,0,0,-1,0)
DispatchKey(5393596,5393596,0,21,0,0,-1,0)
DispatchKey(5293682,5293682,1,82,0,0,-1,0)
DispatchKey(5293014,5293014,1,19,0,0,-1,0)
DispatchTrackball(-1,5394353,2,-5.0,-3.0,0.0,0.0,0,1.0,1.0,0,0)
DispatchTrackball(-1,5381740,2,-5.0,-3.0,0.0,0.0,0,1.0,1.0,0,0)
DispatchTrackball(-1,5391432,2,-3.0,4.0,0.0,0.0,0,1.0,1.0,0,0)
DispatchPointer(5293087,5293200,2,151.3998,735.8683,0.0,0.0,0,1.0,1.0,0,0)
DispatchTrackball(-1,5388859,2,3.0,-2.0,0.0,0.0,0,1.0,1.0,0,0)
DispatchPointer(5288546,5288546,0,76.0,56.0,0.0,0.0,0,1.0,1.0,0,0)
DispatchTrackball(-1,5388825,2,1.0,2.0,0.0,0.0,0,1.0,1.0,0,0)
DispatchKey(5360129,5360129,0,5,0,0,-1,0)
DispatchPointer(5293087,5293262,2,185.60161,749.3261,0.0,0.0,0,1.0,1.0,0,0)
DispatchPointer(5289194,5289194,0,434.0,439.0,0.0,0.0,0,1.0,1.0,0,0)
DispatchPointer(5293087,5293287,1,197.31352,751.2627,0.0,0.0,0,1.0,1.0,0,0)
DispatchTrackball(-1,5359401,2,-2.0,-4.0,0.0,0.0,0,1.0,1.0,0,0)
DispatchPointer(5293328,5293371,2,130.27005,167.74333,0.0,0.0,0,1.0,1.0,0,0)
DispatchTrackball(-1,5381389,2,-5.0,2.0,0.0,0.0,0,1.0,1.0,0,0)
DispatchTrackball(-1,5394316,2,-1.0,-5.0,0.0,0.0,0,1.0,1.0,0,0)
DispatchTrackball(-1,5359299,2,0.0,-3.0,0.0,0.0,0,1.0,1.0,0,0)
DispatchTrackball(5360683,5361074,0,0.0,0.0,0.0,0.0,0,1.0,1.0,0,0)
DispatchPointer(5293328,5293444,2,97.635796,125.21931,0.0,0.0,0,1.0,1.0,0,0)
DispatchPointer(5293328,5293453,1,83.74375,105.72781,0.0,0.0,0,1.0,1.0,0,0)
DispatchKey(5293466,5293466,0,82,0,0,-1,0)
DispatchKey(5293503,5293503,1,82,0,0,-1,0)
DispatchPointer(5293535,5293536,0,5.0,240.0,0.0,0.0,0,1.0,1.0,0,0)
DispatchPointer(5383662,5383727,2,411.85962,462.49976,0.0,0.0,0,1.0,1.0,0,0)
DispatchPointer(5293535,5293573,2,23.167145,214.06273,0.0,0.0,0,1.0,1.0,0,0)
DispatchPointer(5287959,5288202,2,0.8135357,0.0,0.0,0.0,0,1.0,1.0,0,0)
DispatchPointer(5293535,5293607,2,35.98476,184.62114,0.0,0.0,0,1.0,1.0,0,0)
LaunchActivity(com.nloko.android.syncmypix,com.nloko.android.syncmypix.MainActivity)
DispatchPointer(5394531,5394714,2,301.83133,462.98083,0.0,0.0,0,1.0,1.0,0,0)
DispatchPointer(5355174,5355199,1,136.92776,686.68353,0.0,0.0,0,1.0,1.0,0,0)
DispatchPointer(5288546,5288601,1,73.340706,61.77651,0.0,0.0,0,1.0,1.0,0,0)
DispatchPointer(5294230,5294231,0,406.0,58.0,0.0,0.0,0,1.0,1.0,0,0)
DispatchKey(5292962,5292962,0,19,0,0,-1,0)
DispatchKey(5293704,5293704,0,20,0,0,-1,0)
DispatchPointer(5380931,5381065,1,315.2611,445.22806,0.0,0.0,0,1.0,1.0,0,0)
DispatchPointer(5381762,5381795,2,412.2224,423.16016,0.0,0.0,0,1.0,1.0,0,0)
DispatchKey(5384002,5384002,0,19,0,0,-1,0)
DispatchPointer(5293916,5293916,0,238.0,576.0,0.0,0.0,0,1.0,1.0,0,0)
DispatchPointer(5361195,5361225,1,178.20862,740.2574,0.0,0.0,0,1.0,1.0,0,0)
DispatchTrackball(-1,5388717,2,0.0,2.0,0.0,0.0,0,1.0,1.0,0,0)
DispatchPointer(5293916,5294016,2,246.66696,543.53845,0.0,0.0,0,1.0,1.0,0,0)
DispatchTrackball(-1,5355570,2,-1.0,3.0,0.0,0.0,0,1.0,1.0,0,0)
DispatchKey(5383049,5383049,0,112,0,0,-1,0)
DispatchPointer(5361323,5361613,1,213.78947,347.49704,0.0,0.0,0,1.0,1.0,0,0)
DispatchPointer(5293916,5294158,1,252.54062,526.5795,0.0,0.0,0,1.0,1.0,0,0)
DispatchPointer(5293535,5293561,2,11.792809,229.91132,0.0,0.0,0,1.0,1.0,0,0)
DispatchPointer(5393257,5393295,2,85.691284,82.34409,0.0,0.0,0,1.0,1.0,0,0)
DispatchPointer(5294230,5294277,2,416.79556,51.48658,0.0,0.0,0,1.0,1.0,0,0)
DispatchPointer(5294230,5294297,2,419.48145,49.567997,0.0,0.0,0,1.0,1.0,0,0)
DispatchPointer(5294230,5294307,2,429.84546,47.796185,0.0,0.0,0,1.0,1.0,0,0)
DispatchPointer(5287959,5288221,1,0.0,0.0,0.0,0.0,0,1.0,1.0,0,0)
DispatchKey(5380467,5380467,0,20,0,0,-1,0)
DispatchKey(5294385,5294385,1,19,0,0,-1,0)
DispatchPointer(5293916,5294140,2,250.33493,529.1732,0.0,0.0,0,1.0,1.0,0,0)
DispatchKey(5294501,5294501,0,23,0,0,-1,0)
DispatchKey(5294581,5294581,1,23,0,0,-1,0)
DispatchPointer(5359849,5360081,1,174.24759,609.4169,0.0,0.0,0,1.0,1.0,0,0)
DispatchPointer(5294609,5294637,1,56.01527,172.32413,0.0,0.0,0,1.0,1.0,0,0)
DispatchKey(5294675,5294675,0,82,0,0,-1,0)
DispatchKey(5295090,5295090,0,21,0,0,-1,0)
DispatchPointer(5381762,5381764,0,417.0,434.0,0.0,0.0,0,1.0,1.0,0,0)
DispatchTrackball(-1,5360449,2,2.0,-4.0,0.0,0.0,0,1.0,1.0,0,0)
DispatchPointer(5289271,5290065,2,232.31485,69.72353,0.0,0.0,0,1.0,1.0,0,0)
DispatchKey(5295014,5295014,1,19,0,0,-1,0)
DispatchPointer(5293328,5293379,2,118.790665,167.29895,0.0,0.0,0,1.0,1.0,0,0)
DispatchPointer(5380931,5380932,0,345.0,471.0,0.0,0.0,0,1.0,1.0,0,0)
DispatchKey(5362630,5362630,1,82,0,0,-1,0)
DispatchKey(5394018,5394018,1,19,0,0,-1,0)
DispatchKey(5286766,5286766,1,20,0,0,-1,0)
DispatchPointer(5293328,5293389,2,111.0143,166.92133,0.0,0.0,0,1.0,1.0,0,0)
DispatchTrackball(-1,5295363,2,-4.0,-3.0,0.0,0.0,0,1.0,1.0,0,0)
DispatchTrackball(-1,5295441,2,-5.0,-2.0,0.0,0.0,0,1.0,1.0,0,0)
DispatchTrackball(-1,5384415,2,1.0,0.0,0.0,0.0,0,1.0,1.0,0,0)
DispatchTrackball(-1,5295469,2,3.0,-5.0,0.0,0.0,0,1.0,1.0,0,0)
DispatchPointer(5393889,5393953,1,335.3417,504.4488,0.0,0.0,0,1.0,1.0,0,0)
DispatchPointer(5293805,5293806,0,29.0,746.0,0.0,0.0,0,1.0,1.0,0,0)
DispatchPointer(5394531,5394695,261,305.03015,458.48334,0.0,0.0,0,1.0,1.0,0,0)
DispatchPointer(5381762,5381944,262,402.11768,381.18344,0.0,0.0,0,1.0,1.0,0,0)
DispatchKey(5290250,5290250,1,20,0,0,-1,0)
DispatchTrackball(-1,5355605,2,-4.0,1.0,0.0,0.0,0,1.0,1.0,0,0)
DispatchTrackball(-1,5355614,2,-4.0,-2.0,0.0,0.0,0,1.0,1.0,0,0)
DispatchTrackball(-1,5360505,2,3.0,-5.0,0.0,0.0,0,1.0,1.0,0,0)
DispatchKey(5381271,5381271,1,20,0,0,-1,0)
DispatchPointer(5380048,5380188,2,164.709,509.99637,0.0,0.0,0,1.0,1.0,0,0)
DispatchPointer(5293535,5293618,2,48.115353,163.56688,0.0,0.0,0,1.0,1.0,0,0)
DispatchPointer(5381762,5381936,2,403.00522,381.27783,0.0,0.0,0,1.0,1.0,0,0)
DispatchPointer(5361323,5361534,2,209.46225,344.1423,0.0,0.0,0,1.0,1.0,0,0)
DispatchPointer(5294230,5294320,1,438.50406,44.52364,0.0,0.0,0,1.0,1.0,0,0)
DispatchPointer(5359849,5359860,0,220.0,657.0,0.0,0.0,0,1.0,1.0,0,0)
DispatchTrackball(-1,5389940,2,1.0,2.0,0.0,0.0,0,1.0,1.0,0,0)
DispatchKey(5383927,5383927,1,23,0,0,-1,0)
DispatchPointer(5382699,5382744,2,462.44055,676.2492,0.0,0.0,0,1.0,1.0,0,0)
DispatchPointer(5389830,5389856,1,139.13026,359.21628,0.0,0.0,0,1.0,1.0,0,0)
DispatchPointer(5359849,5360045,2,201.11627,620.67676,0.0,0.0,0,1.0,1.0,0,0)
DispatchPointer(5359849,5360062,2,184.7777,614.4727,0.0,0.0,0,1.0,1.0,0,0)
DispatchPointer(5294609,5294609,0,46.0,164.0,0.0,0.0,0,1.0,1.0,0,0)
DispatchPointer(5389313,5389456,2,198.09703,123.87267,0.0,0.0,0,1.0,1.0,0,0)
DispatchKey(5360199,5360199,1,5,0,0,-1,0)
DispatchTrackball(-1,5360292,2,1.0,3.0,0.0,0.0,0,1.0,1.0,0,0)
DispatchPointer(5380931,5381033,2,316.61246,450.2156,0.0,0.0,0,1.0,1.0,0,0)
DispatchPointer(5361323,5361574,2,212.49974,346.53122,0.0,0.0,0,1.0,1.0,0,0)
DispatchPointer(5383662,5383702,2,400.3543,448.11923,0.0,0.0,0,1.0,1.0,0,0)
DispatchPointer(5380048,5380111,2,149.52673,549.1574,0.0,0.0,0,1.0,1.0,0,0)
DispatchPointer(5359849,5359996,2,213.42412,650.4733,0.0,0.0,0,1.0,1.0,0,0)
DispatchTrackball(-1,5360883,2,-5.0,-4.0,0.0,0.0,0,1.0,1.0,0,0)
DispatchTrackball(-1,5388852,2,2.0,0.0,0.0,0.0,0,1.0,1.0,0,0)
DispatchKey(5389633,5389633,0,28,0,0,-1,0)
DispatchTrackball(-1,5360639,2,1.0,-5.0,0.0,0.0,0,1.0,1.0,0,0)
DispatchTrackball(-1,5360683,2,-5.0,3.0,0.0,0.0,0,1.0,1.0,0,0)
DispatchTrackball(-1,5360749,2,3.0,4.0,0.0,0.0,0,1.0,1.0,0,0)
DispatchTrackball(-1,5360780,2,1.0,3.0,0.0,0.0,0,1.0,1.0,0,0)
DispatchTrackball(-1,5360827,2,4.0,-3.0,0.0,0.0,0,1.0,1.0,0,0)
DispatchTrackball(-1,5361062,2,1.0,4.0,0.0,0.0,0,1.0,1.0,0,0)
DispatchPointer(5394531,5394862,2,296.9828,472.38278,0.0,0.0,0,1.0,1.0,0,0)
DispatchTrackball(-1,5361035,2,2.0,3.0,0.0,0.0,0,1.0,1.0,0,0)
DispatchTrackball(-1,5361045,2,-1.0,3.0,0.0,0.0,0,1.0,1.0,0,0)
DispatchKey(5381165,5381165,1,19,0,0,-1,0)
DispatchTrackball(-1,5360526,2,4.0,2.0,0.0,0.0,0,1.0,1.0,0,0)
DispatchPointer(5293328,5293415,2,105.54031,136.70544,0.0,0.0,0,1.0,1.0,0,0)
DispatchTrackball(5360683,5361118,1,0.0,0.0,0.0,0.0,0,1.0,1.0,0,0)
DispatchPointer(5382699,5382925,1,404.9525,590.39996,0.0,0.0,0,1.0,1.0,0,0)
DispatchPointer(5293916,5293946,2,240.5993,568.5383,0.0,0.0,0,1.0,1.0,0,0)
DispatchPointer(5361323,5361325,0,205.0,335.0,0.0,0.0,0,1.0,1.0,0,0)
DispatchTrackball(-1,5394333,2,-5.0,1.0,0.0,0.0,0,1.0,1.0,0,0)
DispatchPointer(5361323,5361473,2,206.86575,338.0863,0.0,0.0,0,1.0,1.0,0,0)
DispatchPointer(5383662,5383734,2,414.1469,469.12064,0.0,0.0,0,1.0,1.0,0,0)
DispatchPointer(5293916,5294062,2,248.63095,537.6702,0.0,0.0,0,1.0,1.0,0,0)
DispatchPointer(5383584,5383584,0,259.0,484.0,0.0,0.0,0,1.0,1.0,0,0)
DispatchPointer(5361323,5361545,2,210.56001,345.04443,0.0,0.0,0,1.0,1.0,0,0)
DispatchPointer(5383662,5383847,1,440.68866,490.11136,0.0,0.0,0,1.0,1.0,0,0)
DispatchPointer(5288720,5288756,2,403.6032,122.08713,0.0,0.0,0,1.0,1.0,0,0)
DispatchPointer(5361323,5361593,262,213.10048,347.16745,0.0,0.0,0,1.0,1.0,0,0)
DispatchKey(5293765,5293765,1,20,0,0,-1,0)
DispatchPointer(5287959,5288089,2,54.48435,0.0,0.0,0.0,0,1.0,1.0,0,0)
DispatchKey(5295267,5295267,0,21,0,0,-1,0)
GUIGen(3)
DispatchPointer(5289271,5289272,0,262.0,114.0,0.0,0.0,0,1.0,1.0,0,0)
DispatchPointer(5380048,5380076,2,143.78044,561.53705,0.0,0.0,0,1.0,1.0,0,0)
DispatchTrackball(-1,5360459,2,4.0,1.0,0.0,0.0,0,1.0,1.0,0,0)
DispatchPointer(5293087,5293228,2,164.87846,742.65216,0.0,0.0,0,1.0,1.0,0,0)
DispatchTrackball(-1,5391345,2,-4.0,4.0,0.0,0.0,0,1.0,1.0,0,0)
DispatchTrackball(-1,5384426,2,3.0,-4.0,0.0,0.0,0,1.0,1.0,0,0)
DispatchPointer(5380048,5380199,1,177.8323,505.58868,0.0,0.0,0,1.0,1.0,0,0)
DispatchKey(5380829,5380829,1,20,0,0,-1,0)
DispatchKey(5294769,5294769,1,82,0,0,-1,0)
DispatchKey(5294359,5294359,0,19,0,0,-1,0)
DispatchKey(5380323,5380323,0,21,0,0,-1,0)
DispatchKey(5295251,5295251,1,21,0,0,-1,0)
DispatchPointer(5287959,5288062,2,74.118416,0.0,0.0,0.0,0,1.0,1.0,0,0)
DispatchKey(5391721,5391721,0,19,0,0,-1,0)
DispatchPointer(5287959,5288109,2,40.80895,0.0,0.0,0.0,0,1.0,1.0,0,0)
DispatchKey(5381092,5381092,0,19,0,0,-1,0)
DispatchPointer(5381762,5381873,2,404.18158,386.59518,0.0,0.0,0,1.0,1.0,0,0)
DispatchPointer(5382699,5382912,2,407.58157,602.37225,0.0,0.0,0,1.0,1.0,0,0)
DispatchKey(5381215,5381215,1,20,0,0,-1,0)
DispatchKey(5381250,5381250,0,20,0,0,-1,0)
DispatchKey(5382023,5382023,0,19,0,0,-1,0)
DispatchPointer(5383662,5383709,2,410.50323,453.3287,0.0,0.0,0,1.0,1.0,0,0)
DispatchTrackball(-1,5381316,2,0.0,1.0,0.0,0.0,0,1.0,1.0,0,0)
DispatchPointer(5393889,5393901,0,339.0,509.0,0.0,0.0,0,1.0,1.0,0,0)
DispatchTrackball(-1,5381467,2,0.0,-3.0,0.0,0.0,0,1.0,1.0,0,0)
DispatchTrackball(-1,5381475,2,-5.0,-3.0,0.0,0.0,0,1.0,1.0,0,0)
DispatchTrackball(-1,5381604,2,-3.0,2.0,0.0,0.0,0,1.0,1.0,0,0)
DispatchKey(5382049,5382049,1,19,0,0,-1,0)
DispatchTrackball(-1,5381712,2,-2.0,-1.0,0.0,0.0,0,1.0,1.0,0,0)
DispatchKey(5391493,5391493,0,22,0,0,-1,0)
DispatchPointer(5293087,5293142,2,142.79788,732.2224,0.0,0.0,0,1.0,1.0,0,0)
DispatchKey(5392229,5392229,1,19,0,0,-1,0)
DispatchKey(5294942,5294942,0,19,0,0,-1,0)
DispatchPointer(5382189,5382189,0,453.0,343.0,0.0,0.0,0,1.0,1.0,0,0)
DispatchTrackball(-1,5394375,2,1.0,2.0,0.0,0.0,0,1.0,1.0,0,0)
DispatchPointer(5381762,5381822,2,407.8701,412.34528,0.0,0.0,0,1.0,1.0,0,0)
DispatchPointer(5381762,5381829,2,407.70453,404.9732,0.0,0.0,0,1.0,1.0,0,0)
DispatchPointer(5381762,5381852,2,405.60776,396.84396,0.0,0.0,0,1.0,1.0,0,0)
DispatchPointer(5288720,5288773,2,416.1983,111.47773,0.0,0.0,0,1.0,1.0,0,0)
DispatchPointer(5293328,5293329,0,134.0,184.0,0.0,0.0,0,1.0,1.0,0,0)
DispatchPointer(5381762,5381807,2,410.22858,415.85522,0.0,0.0,0,1.0,1.0,0,0)
DispatchPointer(5381762,5381950,1,401.418,374.20322,0.0,0.0,0,1.0,1.0,0,0)
DispatchTrackball(-1,5360369,2,-2.0,-5.0,0.0,0.0,0,1.0,1.0,0,0)
LaunchActivity(com.nloko.android.syncmypix,com.nloko.android.syncmypix.MainActivity)
DispatchKey(5355231,5355231,0,20,0,0,-1,0)
DispatchKey(5382313,5382313,0,22,0,0,-1,0)
DispatchPointer(5390954,5390955,0,378.0,10.0,0.0,0.0,0,1.0,1.0,0,0)
DispatchTrackball(-1,5381623,2,-2.0,-3.0,0.0,0.0,0,1.0,1.0,0,0)
DispatchPointer(5359849,5360016,2,210.33038,639.01996,0.0,0.0,0,1.0,1.0,0,0)
DispatchKey(5294874,5294874,1,20,0,0,-1,0)
DispatchPointer(5382699,5382829,2,445.97272,659.7668,0.0,0.0,0,1.0,1.0,0,0)
DispatchTrackball(-1,5391395,2,1.0,3.0,0.0,0.0,0,1.0,1.0,0,0)
DispatchPointer(5382699,5382860,2,429.25452,636.3447,0.0,0.0,0,1.0,1.0,0,0)
DispatchPointer(5382699,5382887,2,421.7925,622.87115,0.0,0.0,0,1.0,1.0,0,0)
DispatchPointer(5382699,5382895,2,410.28424,612.4449,0.0,0.0,0,1.0,1.0,0,0)
DispatchPointer(5389313,5389326,2,219.55768,152.57826,0.0,0.0,0,1.0,1.0,0,0)
DispatchTrackball(-1,5394094,2,4.0,3.0,0.0,0.0,0,1.0,1.0,0,0)
DispatchPointer(5361323,5361513,2,209.44328,342.00027,0.0,0.0,0,1.0,1.0,0,0)
DispatchPointer(5359849,5359986,2,219.93352,655.4131,0.0,0.0,0,1.0,1.0,0,0)
DispatchTrackball(-1,5391266,2,4.0,-4.0,0.0,0.0,0,1.0,1.0,0,0)
DispatchKey(5383434,5383434,1,20,0,0,-1,0)
DispatchTrackball(-1,5359410,2,-5.0,-4.0,0.0,0.0,0,1.0,1.0,0,0)
DispatchKey(5288262,5288262,0,24,0,0,-1,0)
DispatchPointer(5383662,5383663,0,388.0,440.0,0.0,0.0,0,1.0,1.0,0,0)
DispatchTrackball(-1,5360960,2,-4.0,-3.0,0.0,0.0,0,1.0,1.0,0,0)
DispatchPointer(5289271,5289584,2,250.82324,94.13227,0.0,0.0,0,1.0,1.0,0,0)
DispatchKey(5294821,5294821,0,20,0,0,-1,0)
DispatchPointer(5361323,5361490,2,208.2807,339.79056,0.0,0.0,0,1.0,1.0,0,0)
DispatchPointer(5293535,5293632,2,52.273422,143.50186,0.0,0.0,0,1.0,1.0,0,0)
DispatchPointer(5389313,5389401,2,202.66971,132.72499,0.0,0.0,0,1.0,1.0,0,0)
DispatchPointer(5393257,5393400,2,43.495575,93.26145,0.0,0.0,0,1.0,1.0,0,0)
DispatchKey(5383890,5383890,0,23,0,0,-1,0)
DispatchKey(5361733,5361733,0,82,0,0,-1,0)
DispatchPointer(5293805,5293871,1,19.215958,767.4542,0.0,0.0,0,1.0,1.0,0,0)
DispatchKey(5384026,5384026,1,19,0,0,-1,0)
DispatchKey(5389070,5389070,0,188,0,0,-1,0)
DispatchKey(5389806,5389806,1,28,0,0,-1,0)
DispatchTrackball(-1,5384388,2,-4.0,-5.0,0.0,0.0,0,1.0,1.0,0,0)
DispatchKey(5287808,5287808,1,66,0,0,-1,0)
DispatchTrackball(-1,5384405,2,-3.0,-1.0,0.0,0.0,0,1.0,1.0,0,0)
DispatchTrackball(-1,5355687,2,-2.0,-4.0,0.0,0.0,0,1.0,1.0,0,0)
DispatchPointer(5389313,5389582,1,158.54494,72.74624,0.0,0.0,0,1.0,1.0,0,0)
DispatchTrackball(-1,5384444,2,-1.0,2.0,0.0,0.0,0,1.0,1.0,0,0)
DispatchPointer(5380931,5381015,2,327.90823,460.0074,0.0,0.0,0,1.0,1.0,0,0)
DispatchTrackball(-1,5384353,2,1.0,-3.0,0.0,0.0,0,1.0,1.0,0,0)
DispatchKey(5384499,5384499,0,20,0,0,-1,0)
DispatchPointer(5393257,5393460,1,30.013096,97.015816,0.0,0.0,0,1.0,1.0,0,0)
DispatchKey(5286256,5286256,0,21,0,0,-1,0)
DispatchKey(5391580,5391580,1,22,0,0,-1,0)
DispatchTrackball(-1,5388674,2,1.0,0.0,0.0,0.0,0,1.0,1.0,0,0)
DispatchTrackball(-1,5388695,2,-5.0,-3.0,0.0,0.0,0,1.0,1.0,0,0)
DispatchPointer(5287959,5288049,2,84.09603,0.5382929,0.0,0.0,0,1.0,1.0,0,0)
DispatchKey(5381191,5381191,0,20,0,0,-1,0)
DispatchPointer(5383662,5383751,2,417.7618,477.74252,0.0,0.0,0,1.0,1.0,0,0)
DispatchTrackball(-1,5388842,2,1.0,-2.0,0.0,0.0,0,1.0,1.0,0,0)
DispatchTrackball(-1,5360538,2,-2.0,-2.0,0.0,0.0,0,1.0,1.0,0,0)
DispatchPointer(5293087,5293210,2,160.48804,737.93585,0.0,0.0,0,1.0,1.0,0,0)
DispatchPointer(5389313,5389564,2,171.3405,76.96642,0.0,0.0,0,1.0,1.0,0,0)
DispatchPointer(5288720,5288917,1,480.0,86.93207,0.0,0.0,0,1.0,1.0,0,0)
DispatchPointer(5389830,5389830,0,136.0,358.0,0.0,0.0,0,1.0,1.0,0,0)
DispatchKey(5389010,5389010,1,19,0,0,-1,0)
DispatchTrackball(-1,5384251,2,2.0,-5.0,0.0,0.0,0,1.0,1.0,0,0)
DispatchKey(5389101,5389101,1,188,0,0,-1,0)
DispatchPointer(5389313,5389314,0,231.0,159.0,0.0,0.0,0,1.0,1.0,0,0)
DispatchTrackball(-1,5388729,2,-4.0,-1.0,0.0,0.0,0,1.0,1.0,0,0)
DispatchPointer(5383662,5383760,2,427.19666,485.1189,0.0,0.0,0,1.0,1.0,0,0)
DispatchPointer(5393805,5393806,0,97.0,760.0,0.0,0.0,0,1.0,1.0,0,0)
DispatchKey(5288936,5288936,0,19,0,0,-1,0)
DispatchPointer(5288720,5288743,2,396.51624,132.89114,0.0,0.0,0,1.0,1.0,0,0)
DispatchPointer(5389313,5389529,2,174.6163,93.0712,0.0,0.0,0,1.0,1.0,0,0)
DispatchPointer(5393257,5393316,2,62.239258,85.71836,0.0,0.0,0,1.0,1.0,0,0)
DispatchTrackball(-1,5359291,2,-2.0,-4.0,0.0,0.0,0,1.0,1.0,0,0)
DispatchTrackball(-1,5360602,2,-5.0,3.0,0.0,0.0,0,1.0,1.0,0,0)
DispatchPointer(5380048,5380140,2,153.20035,538.0584,0.0,0.0,0,1.0,1.0,0,0)
DispatchKey(5393677,5393677,1,21,0,0,-1,0)
DispatchKey(5287070,5287070,0,19,0,0,-1,0)
DispatchTrackball(-1,5389901,2,-5.0,4.0,0.0,0.0,0,1.0,1.0,0,0)
DispatchTrackball(-1,5390019,2,3.0,3.0,0.0,0.0,0,1.0,1.0,0,0)
DispatchKey(5383094,5383094,1,112,0,0,-1,0)
DispatchTrackball(-1,5389956,2,0.0,-2.0,0.0,0.0,0,1.0,1.0,0,0)
DispatchTrackball(-1,5389983,2,1.0,-5.0,0.0,0.0,0,1.0,1.0,0,0)
DispatchKey(5393999,5393999,0,19,0,0,-1,0)
DispatchTrackball(-1,5389919,2,-4.0,-3.0,0.0,0.0,0,1.0,1.0,0,0)
DispatchTrackball(-1,5384490,2,-4.0,-2.0,0.0,0.0,0,1.0,1.0,0,0)
DispatchTrackball(-1,5390056,2,0.0,-2.0,0.0,0.0,0,1.0,1.0,0,0)
DispatchKey(5287397,5287397,1,19,0,0,-1,0)
DispatchTrackball(-1,5295310,2,4.0,3.0,0.0,0.0,0,1.0,1.0,0,0)
DispatchKey(5390274,5390274,1,22,0,0,-1,0)
DispatchPointer(5293328,5293402,2,110.20324,155.70659,0.0,0.0,0,1.0,1.0,0,0)
DispatchKey(5382328,5382328,1,22,0,0,-1,0)
DispatchPointer(5390954,5391008,1,367.47037,2.4156775,0.0,0.0,0,1.0,1.0,0,0)
DispatchTrackball(-1,5391036,2,-5.0,-4.0,0.0,0.0,0,1.0,1.0,0,0)
DispatchTrackball(-1,5360340,2,-4.0,1.0,0.0,0.0,0,1.0,1.0,0,0)
DispatchTrackball(-1,5391285,2,2.0,-5.0,0.0,0.0,0,1.0,1.0,0,0)
DispatchTrackball(-1,5391294,2,-3.0,-5.0,0.0,0.0,0,1.0,1.0,0,0)
DispatchPointer(5380048,5380169,2,158.96123,520.60516,0.0,0.0,0,1.0,1.0,0,0)
DispatchTrackball(-1,5391365,2,-4.0,2.0,0.0,0.0,0,1.0,1.0,0,0)
DispatchTrackball(-1,5391387,2,-1.0,3.0,0.0,0.0,0,1.0,1.0,0,0)
DispatchTrackball(-1,5384473,2,0.0,-3.0,0.0,0.0,0,1.0,1.0,0,0)
DispatchPointer(5289271,5289713,2,237.29092,84.68243,0.0,0.0,0,1.0,1.0,0,0)
DispatchPointer(5293087,5293248,2,175.14888,746.84076,0.0,0.0,0,1.0,1.0,0,0)
DispatchTrackball(-1,5381720,2,-3.0,-5.0,0.0,0.0,0,1.0,1.0,0,0)
DispatchPointer(5287959,5288082,2,68.41565,0.0,0.0,0.0,0,1.0,1.0,0,0)
DispatchKey(5383361,5383361,0,20,0,0,-1,0)
DispatchTrackball(-1,5355587,2,-1.0,-3.0,0.0,0.0,0,1.0,1.0,0,0)
DispatchPointer(5393257,5393259,0,97.0,81.0,0.0,0.0,0,1.0,1.0,0,0)
DispatchPointer(5294230,5294266,2,410.85904,55.43606,0.0,0.0,0,1.0,1.0,0,0)
DispatchPointer(5289271,5289487,2,257.34872,96.86038,0.0,0.0,0,1.0,1.0,0,0)
DispatchKey(5283389,5283389,0,218,0,0,-1,0)
DispatchTrackball(-1,5391438,2,0.0,-2.0,0.0,0.0,0,1.0,1.0,0,0)
DispatchPointer(5393257,5393330,2,57.84529,89.76958,0.0,0.0,0,1.0,1.0,0,0)
DispatchPointer(5393257,5393336,2,50.898026,91.560036,0.0,0.0,0,1.0,1.0,0,0)
DispatchPointer(5393257,5393392,2,44.38813,92.83763,0.0,0.0,0,1.0,1.0,0,0)
DispatchPointer(5289271,5290083,1,229.56322,50.71994,0.0,0.0,0,1.0,1.0,0,0)
DispatchPointer(5393257,5393453,2,42.84729,95.01588,0.0,0.0,0,1.0,1.0,0,0)
DispatchKey(5385116,5385116,1,20,0,0,-1,0)
DispatchPointer(5385400,5385401,0,5.0,216.0,0.0,0.0,0,1.0,1.0,0,0)
DispatchKey(5388986,5388986,0,19,0,0,-1,0)
DispatchPointer(5293087,5293256,2,181.26817,747.96735,0.0,0.0,0,1.0,1.0,0,0)
DispatchPointer(5393805,5393847,1,108.00151,750.06067,0.0,0.0,0,1.0,1.0,0,0)
DispatchPointer(5361195,5361196,0,181.0,749.0,0.0,0.0,0,1.0,1.0,0,0)
DispatchTrackball(-1,5388882,2,-1.0,0.0,0.0,0.0,0,1.0,1.0,0,0)
DispatchPointer(5394531,5394757,2,299.7995,465.70886,0.0,0.0,0,1.0,1.0,0,0)
DispatchKey(5295286,5295286,1,21,0,0,-1,0)
DispatchPointer(5286837,5286837,0,282.0,551.0,0.0,0.0,0,1.0,1.0,0,0)
DispatchPointer(5286837,5286866,1,284.38968,557.3453,0.0,0.0,0,1.0,1.0,0,0)
DispatchTrackball(-1,5394128,2,-2.0,-5.0,0.0,0.0,0,1.0,1.0,0,0)
DispatchTrackball(-1,5394259,2,-5.0,-1.0,0.0,0.0,0,1.0,1.0,0,0)
DispatchTrackball(-1,5394297,2,-2.0,-4.0,0.0,0.0,0,1.0,1.0,0,0)
DispatchTrackball(-1,5394308,2,-1.0,-1.0,0.0,0.0,0,1.0,1.0,0,0)
DispatchTrackball(-1,5295335,2,-1.0,-3.0,0.0,0.0,0,1.0,1.0,0,0)
DispatchPointer(5361323,5361454,261,205.48851,336.23334,0.0,0.0,0,1.0,1.0,0,0)
DispatchPointer(5293087,5293089,0,135.0,729.0,0.0,0.0,0,1.0,1.0,0,0)
DispatchPointer(5293916,5294007,2,244.3133,546.47015,0.0,0.0,0,1.0,1.0,0,0)
DispatchPointer(5394531,5394537,0,310.0,449.0,0.0,0.0,0,1.0,1.0,0,0)
DispatchKey(5355433,5355433,1,20,0,0,-1,0)
DispatchPointer(5293535,5293624,2,50.616344,148.46,0.0,0.0,0,1.0,1.0,0,0)
DispatchTrackball(-1,5390012,2,-2.0,-2.0,0.0,0.0,0,1.0,1.0,0,0)
DispatchPointer(5382699,5382820,2,454.1546,674.2333,0.0,0.0,0,1.0,1.0,0,0)
DispatchPointer(5288720,5288724,0,375.0,149.0,0.0,0.0,0,1.0,1.0,0,0)
