type= raw events
count= -1
speed= 1.0
start data >>
DispatchTrackball(-1,5668756,2,-4.0,-4.0,0.0,0.0,0,1.0,1.0,0,0)
DispatchTrackball(-1,5671507,2,-3.0,-3.0,0.0,0.0,0,1.0,1.0,0,0)
DispatchTrackball(-1,5671532,2,1.0,3.0,0.0,0.0,0,1.0,1.0,0,0)
DispatchTrackball(-1,5671556,2,2.0,-3.0,0.0,0.0,0,1.0,1.0,0,0)
DispatchTrackball(-1,5671573,2,0.0,-4.0,0.0,0.0,0,1.0,1.0,0,0)
DispatchTrackball(-1,5671592,2,2.0,1.0,0.0,0.0,0,1.0,1.0,0,0)
DispatchTrackball(-1,5671605,2,-3.0,2.0,0.0,0.0,0,1.0,1.0,0,0)
DispatchTrackball(-1,5671622,2,-5.0,-1.0,0.0,0.0,0,1.0,1.0,0,0)
DispatchTrackball(-1,5671643,2,-3.0,1.0,0.0,0.0,0,1.0,1.0,0,0)
DispatchTrackball(-1,5671662,2,-2.0,1.0,0.0,0.0,0,1.0,1.0,0,0)
DispatchTrackball(-1,5671681,2,-4.0,3.0,0.0,0.0,0,1.0,1.0,0,0)
DispatchTrackball(-1,5671704,2,-2.0,-2.0,0.0,0.0,0,1.0,1.0,0,0)
DispatchTrackball(-1,5671724,2,4.0,-2.0,0.0,0.0,0,1.0,1.0,0,0)
DispatchTrackball(-1,5671733,2,2.0,-1.0,0.0,0.0,0,1.0,1.0,0,0)
DispatchTrackball(-1,5671757,2,0.0,-1.0,0.0,0.0,0,1.0,1.0,0,0)
DispatchTrackball(-1,5671764,2,1.0,-2.0,0.0,0.0,0,1.0,1.0,0,0)
DispatchTrackball(-1,5671785,2,-2.0,-1.0,0.0,0.0,0,1.0,1.0,0,0)
DispatchTrackball(-1,5671795,2,0.0,4.0,0.0,0.0,0,1.0,1.0,0,0)
DispatchTrackball(-1,5671814,2,-5.0,-2.0,0.0,0.0,0,1.0,1.0,0,0)
DispatchTrackball(-1,5671833,2,-5.0,3.0,0.0,0.0,0,1.0,1.0,0,0)
DispatchKey(5671842,5671842,0,20,0,0,-1,0)
DispatchKey(5672367,5672367,1,20,0,0,-1,0)
DispatchKey(5672710,5672710,0,22,0,0,-1,0)
DispatchKey(5672723,5672723,1,22,0,0,-1,0)
DispatchKey(5672779,5672779,0,24,0,0,-1,0)
DispatchKey(5672880,5672880,1,24,0,0,-1,0)
DispatchKey(5672933,5672933,0,20,0,0,-1,0)
DispatchKey(5673116,5673116,1,20,0,0,-1,0)
DispatchPointer(5673518,5673519,0,279.0,556.0,0.0,0.0,0,1.0,1.0,0,0)
DispatchPointer(5673518,5673563,1,280.44974,554.5649,0.0,0.0,0,1.0,1.0,0,0)
DispatchKey(5673602,5673602,0,22,0,0,-1,0)
DispatchKey(5673780,5673780,1,22,0,0,-1,0)
DispatchKey(5673968,5673968,0,20,0,0,-1,0)
DispatchKey(5674153,5674153,1,20,0,0,-1,0)
DispatchKey(5674361,5674361,0,19,0,0,-1,0)
DispatchKey(5674494,5674494,1,19,0,0,-1,0)
DispatchKey(5674558,5674558,0,21,0,0,-1,0)
DispatchKey(5674631,5674631,1,21,0,0,-1,0)
DispatchFlip(false)
DispatchPointer(5674783,5674784,0,198.0,533.0,0.0,0.0,0,1.0,1.0,0,0)
DispatchPointer(5674783,5674815,2,197.99837,524.7926,0.0,0.0,0,1.0,1.0,0,0)
DispatchPointer(5674783,5674842,2,197.05632,516.9769,0.0,0.0,0,1.0,1.0,0,0)
DispatchPointer(5674783,5674853,2,195.9089,499.15646,0.0,0.0,0,1.0,1.0,0,0)
DispatchPointer(5674783,5674876,2,195.87454,485.19034,0.0,0.0,0,1.0,1.0,0,0)
DispatchPointer(5674783,5674886,2,195.76762,477.29324,0.0,0.0,0,1.0,1.0,0,0)
DispatchPointer(5674783,5674908,2,195.5961,459.8138,0.0,0.0,0,1.0,1.0,0,0)
DispatchPointer(5674783,5674995,1,194.59175,455.3623,0.0,0.0,0,1.0,1.0,0,0)
DispatchKey(5675025,5675025,0,19,0,0,-1,0)
DispatchKey(5675067,5675067,1,19,0,0,-1,0)
DispatchPointer(5675162,5675163,0,12.0,411.0,0.0,0.0,0,1.0,1.0,0,0)
DispatchPointer(5675162,5675184,1,0.0,405.91895,0.0,0.0,0,1.0,1.0,0,0)
DispatchKey(5675231,5675231,0,19,0,0,-1,0)
DispatchKey(5675315,5675315,1,19,0,0,-1,0)
DispatchKey(5675407,5675407,0,23,0,0,-1,0)
DispatchKey(5675425,5675425,1,23,0,0,-1,0)
DispatchPointer(5675536,5675538,0,371.0,262.0,0.0,0.0,0,1.0,1.0,0,0)
DispatchPointer(5675536,5675565,2,370.81638,261.1757,0.0,0.0,0,1.0,1.0,0,0)
DispatchPointer(5675536,5675585,2,370.62073,259.07724,0.0,0.0,0,1.0,1.0,0,0)
DispatchPointer(5675536,5675606,2,370.265,257.59494,0.0,0.0,0,1.0,1.0,0,0)
DispatchPointer(5675536,5675619,2,370.2455,256.69507,0.0,0.0,0,1.0,1.0,0,0)
DispatchPointer(5675536,5675638,2,369.98547,256.2614,0.0,0.0,0,1.0,1.0,0,0)
DispatchPointer(5675536,5675656,2,369.66846,255.09068,0.0,0.0,0,1.0,1.0,0,0)
DispatchPointer(5675536,5675708,2,369.38852,253.51094,0.0,0.0,0,1.0,1.0,0,0)
DispatchPointer(5675536,5675730,2,369.35153,251.28314,0.0,0.0,0,1.0,1.0,0,0)
DispatchPointer(5675536,5675750,1,369.14658,248.16652,0.0,0.0,0,1.0,1.0,0,0)
DispatchPointer(5675788,5675794,0,427.0,764.0,0.0,0.0,0,1.0,1.0,0,0)
DispatchPointer(5675788,5675814,261,417.65277,752.8457,0.0,0.0,0,1.0,1.0,0,0)
DispatchPointer(5675788,5675828,2,407.38507,740.99854,0.0,0.0,0,1.0,1.0,0,0)
DispatchPointer(5675788,5675847,2,404.35956,737.3215,0.0,0.0,0,1.0,1.0,0,0)
DispatchPointer(5675788,5675867,2,389.83383,733.3566,0.0,0.0,0,1.0,1.0,0,0)
DispatchPointer(5675788,5675879,262,376.77936,729.605,0.0,0.0,0,1.0,1.0,0,0)
DispatchPointer(5675788,5675901,1,362.53235,722.33905,0.0,0.0,0,1.0,1.0,0,0)
DispatchTrackball(-1,5675926,2,-2.0,4.0,0.0,0.0,0,1.0,1.0,0,0)
DispatchTrackball(-1,5675962,2,-5.0,3.0,0.0,0.0,0,1.0,1.0,0,0)
DispatchTrackball(-1,5675980,2,2.0,-4.0,0.0,0.0,0,1.0,1.0,0,0)
DispatchTrackball(-1,5675992,2,0.0,-5.0,0.0,0.0,0,1.0,1.0,0,0)
DispatchTrackball(-1,5676010,2,2.0,-2.0,0.0,0.0,0,1.0,1.0,0,0)
DispatchTrackball(-1,5676019,2,1.0,1.0,0.0,0.0,0,1.0,1.0,0,0)
DispatchTrackball(-1,5676028,2,-5.0,-5.0,0.0,0.0,0,1.0,1.0,0,0)
DispatchTrackball(-1,5676046,2,-3.0,-2.0,0.0,0.0,0,1.0,1.0,0,0)
DispatchTrackball(-1,5676064,2,-4.0,0.0,0.0,0.0,0,1.0,1.0,0,0)
DispatchTrackball(-1,5676086,2,-3.0,1.0,0.0,0.0,0,1.0,1.0,0,0)
DispatchTrackball(5675926,5676099,0,0.0,0.0,0.0,0.0,0,1.0,1.0,0,0)
DispatchTrackball(5675926,5676117,1,0.0,0.0,0.0,0.0,0,1.0,1.0,0,0)
DispatchKey(5676146,5676146,0,82,0,0,-1,0)
DispatchKey(5676313,5676313,1,82,0,0,-1,0)
DispatchTrackball(-1,5676428,2,-5.0,2.0,0.0,0.0,0,1.0,1.0,0,0)
DispatchTrackball(-1,5676439,2,-3.0,-5.0,0.0,0.0,0,1.0,1.0,0,0)
DispatchTrackball(-1,5676477,2,-5.0,-5.0,0.0,0.0,0,1.0,1.0,0,0)
DispatchTrackball(-1,5676500,2,2.0,1.0,0.0,0.0,0,1.0,1.0,0,0)
DispatchTrackball(-1,5676526,2,2.0,0.0,0.0,0.0,0,1.0,1.0,0,0)
DispatchTrackball(-1,5676534,2,1.0,1.0,0.0,0.0,0,1.0,1.0,0,0)
DispatchTrackball(-1,5676542,2,-5.0,-2.0,0.0,0.0,0,1.0,1.0,0,0)
DispatchTrackball(-1,5676549,2,-2.0,0.0,0.0,0.0,0,1.0,1.0,0,0)
DispatchTrackball(-1,5676573,2,2.0,4.0,0.0,0.0,0,1.0,1.0,0,0)
DispatchTrackball(-1,5676916,2,1.0,-4.0,0.0,0.0,0,1.0,1.0,0,0)
DispatchPointer(5679780,5679780,0,196.0,421.0,0.0,0.0,0,1.0,1.0,0,0)
DispatchPointer(5679780,5679895,1,183.8451,432.782,0.0,0.0,0,1.0,1.0,0,0)
DispatchPointer(5679978,5679979,0,51.0,133.0,0.0,0.0,0,1.0,1.0,0,0)
DispatchPointer(5679978,5680066,1,30.367561,136.97195,0.0,0.0,0,1.0,1.0,0,0)
DispatchKey(5680145,5680145,0,23,0,0,-1,0)
DispatchKey(5680263,5680263,1,23,0,0,-1,0)
DispatchKey(5680277,5680277,0,19,0,0,-1,0)
DispatchKey(5680715,5680715,1,19,0,0,-1,0)
DispatchPointer(5680779,5680791,0,203.0,82.0,0.0,0.0,0,1.0,1.0,0,0)
DispatchPointer(5680779,5680852,1,205.28362,63.699715,0.0,0.0,0,1.0,1.0,0,0)
DispatchKey(5680876,5680876,0,19,0,0,-1,0)
DispatchKey(5680945,5680945,1,19,0,0,-1,0)
DispatchKey(5680995,5680995,0,82,0,0,-1,0)
DispatchKey(5681063,5681063,1,82,0,0,-1,0)
DispatchKey(5681473,5681473,0,19,0,0,-1,0)
DispatchKey(5681574,5681574,1,19,0,0,-1,0)
DispatchKey(5681654,5681654,0,19,0,0,-1,0)
DispatchKey(5681728,5681728,1,19,0,0,-1,0)
DispatchKey(5681969,5681969,0,21,0,0,-1,0)
DispatchKey(5682185,5682185,1,21,0,0,-1,0)
DispatchPointer(5682343,5682343,0,477.0,271.0,0.0,0.0,0,1.0,1.0,0,0)
DispatchPointer(5682343,5682456,2,473.07278,273.40106,0.0,0.0,0,1.0,1.0,0,0)
DispatchPointer(5682343,5682466,1,472.8383,273.6182,0.0,0.0,0,1.0,1.0,0,0)
DispatchKey(5682493,5682493,0,25,0,0,-1,0)
DispatchKey(5682665,5682665,1,25,0,0,-1,0)
DispatchPointer(5682848,5682849,0,10.0,552.0,0.0,0.0,0,1.0,1.0,0,0)
DispatchPointer(5682848,5682946,1,6.423225,566.1575,0.0,0.0,0,1.0,1.0,0,0)
DispatchKey(5683403,5683403,0,22,0,0,-1,0)
DispatchKey(5683429,5683429,1,22,0,0,-1,0)
DispatchPointer(5683497,5683497,0,76.0,716.0,0.0,0.0,0,1.0,1.0,0,0)
DispatchPointer(5683497,5683519,1,84.006805,711.4524,0.0,0.0,0,1.0,1.0,0,0)
DispatchFlip(true)
DispatchTrackball(-1,5683605,2,-2.0,4.0,0.0,0.0,0,1.0,1.0,0,0)
DispatchTrackball(-1,5683674,2,2.0,-1.0,0.0,0.0,0,1.0,1.0,0,0)
DispatchTrackball(-1,5683683,2,-1.0,4.0,0.0,0.0,0,1.0,1.0,0,0)
DispatchTrackball(-1,5683821,2,-5.0,-3.0,0.0,0.0,0,1.0,1.0,0,0)
DispatchTrackball(-1,5683882,2,3.0,2.0,0.0,0.0,0,1.0,1.0,0,0)
DispatchTrackball(-1,5683890,2,-4.0,1.0,0.0,0.0,0,1.0,1.0,0,0)
DispatchTrackball(-1,5683905,2,-4.0,4.0,0.0,0.0,0,1.0,1.0,0,0)
DispatchTrackball(-1,5683924,2,-1.0,4.0,0.0,0.0,0,1.0,1.0,0,0)
DispatchTrackball(-1,5683938,2,0.0,-4.0,0.0,0.0,0,1.0,1.0,0,0)
DispatchTrackball(-1,5683981,2,0.0,0.0,0.0,0.0,0,1.0,1.0,0,0)
DispatchTrackball(5683605,5683989,0,0.0,0.0,0.0,0.0,0,1.0,1.0,0,0)
DispatchTrackball(5683605,5684038,1,0.0,0.0,0.0,0.0,0,1.0,1.0,0,0)
DispatchKey(5684103,5684103,0,19,0,0,-1,0)
DispatchKey(5684306,5684306,1,19,0,0,-1,0)
DispatchTrackball(-1,5684415,2,-5.0,2.0,0.0,0.0,0,1.0,1.0,0,0)
DispatchTrackball(-1,5684451,2,1.0,3.0,0.0,0.0,0,1.0,1.0,0,0)
DispatchTrackball(-1,5684502,2,2.0,1.0,0.0,0.0,0,1.0,1.0,0,0)
DispatchTrackball(-1,5684513,2,3.0,-4.0,0.0,0.0,0,1.0,1.0,0,0)
DispatchTrackball(-1,5684562,2,0.0,-2.0,0.0,0.0,0,1.0,1.0,0,0)
DispatchTrackball(-1,5684569,2,0.0,4.0,0.0,0.0,0,1.0,1.0,0,0)
DispatchTrackball(-1,5684653,2,-5.0,2.0,0.0,0.0,0,1.0,1.0,0,0)
DispatchTrackball(-1,5684674,2,-1.0,-3.0,0.0,0.0,0,1.0,1.0,0,0)
DispatchTrackball(-1,5684696,2,2.0,-5.0,0.0,0.0,0,1.0,1.0,0,0)
DispatchTrackball(-1,5684748,2,-5.0,1.0,0.0,0.0,0,1.0,1.0,0,0)
DispatchTrackball(5684415,5684778,0,0.0,0.0,0.0,0.0,0,1.0,1.0,0,0)
DispatchTrackball(5684415,5684817,1,0.0,0.0,0.0,0.0,0,1.0,1.0,0,0)
DispatchKey(5684830,5684830,0,36,0,0,-1,0)
DispatchKey(5684889,5684889,1,36,0,0,-1,0)
LaunchActivity(com.nloko.android.syncmypix,com.nloko.android.syncmypix.MainActivity)
DispatchKey(5685180,5685180,0,20,0,0,-1,0)
DispatchKey(5685272,5685272,1,20,0,0,-1,0)
DispatchPointer(5685555,5685556,0,270.0,120.0,0.0,0.0,0,1.0,1.0,0,0)
DispatchPointer(5685555,5685746,2,273.34592,98.25328,0.0,0.0,0,1.0,1.0,0,0)
DispatchPointer(5685555,5685856,2,286.26382,97.817726,0.0,0.0,0,1.0,1.0,0,0)
DispatchPointer(5685555,5685885,2,298.15726,93.87227,0.0,0.0,0,1.0,1.0,0,0)
DispatchPointer(5685555,5685895,2,314.5859,73.663765,0.0,0.0,0,1.0,1.0,0,0)
DispatchPointer(5685555,5685912,2,334.49728,65.619675,0.0,0.0,0,1.0,1.0,0,0)
DispatchPointer(5685555,5685919,2,354.37637,62.256626,0.0,0.0,0,1.0,1.0,0,0)
DispatchPointer(5685555,5685941,2,359.6277,47.150105,0.0,0.0,0,1.0,1.0,0,0)
DispatchPointer(5685555,5685949,2,369.90494,45.212147,0.0,0.0,0,1.0,1.0,0,0)
DispatchPointer(5685555,5686016,2,369.91125,44.684044,0.0,0.0,0,1.0,1.0,0,0)
DispatchPointer(5685555,5686025,1,374.4503,35.626663,0.0,0.0,0,1.0,1.0,0,0)
DispatchKey(5686039,5686039,0,37,0,0,-1,0)
DispatchKey(5686294,5686294,1,37,0,0,-1,0)
DispatchKey(5686995,5686995,0,2,0,0,-1,0)
DispatchKey(5687010,5687010,1,2,0,0,-1,0)
DispatchKey(5687095,5687095,0,23,0,0,-1,0)
DispatchKey(5687110,5687110,1,23,0,0,-1,0)
DispatchTrackball(-1,5687142,2,0.0,-4.0,0.0,0.0,0,1.0,1.0,0,0)
DispatchTrackball(-1,5687169,2,1.0,-3.0,0.0,0.0,0,1.0,1.0,0,0)
DispatchTrackball(-1,5687199,2,-2.0,1.0,0.0,0.0,0,1.0,1.0,0,0)
DispatchTrackball(-1,5687223,2,1.0,2.0,0.0,0.0,0,1.0,1.0,0,0)
DispatchTrackball(-1,5687237,2,2.0,1.0,0.0,0.0,0,1.0,1.0,0,0)
DispatchTrackball(-1,5687341,2,-4.0,3.0,0.0,0.0,0,1.0,1.0,0,0)
DispatchTrackball(-1,5687350,2,0.0,-3.0,0.0,0.0,0,1.0,1.0,0,0)
DispatchTrackball(-1,5687370,2,2.0,2.0,0.0,0.0,0,1.0,1.0,0,0)
DispatchTrackball(-1,5687392,2,-5.0,-5.0,0.0,0.0,0,1.0,1.0,0,0)
DispatchTrackball(-1,5687410,2,3.0,-4.0,0.0,0.0,0,1.0,1.0,0,0)
DispatchTrackball(-1,5687419,2,2.0,2.0,0.0,0.0,0,1.0,1.0,0,0)
DispatchTrackball(-1,5687520,2,1.0,-3.0,0.0,0.0,0,1.0,1.0,0,0)
DispatchTrackball(-1,5687541,2,-3.0,-3.0,0.0,0.0,0,1.0,1.0,0,0)
DispatchTrackball(-1,5687560,2,-4.0,1.0,0.0,0.0,0,1.0,1.0,0,0)
DispatchTrackball(-1,5687567,2,-3.0,-5.0,0.0,0.0,0,1.0,1.0,0,0)
DispatchTrackball(-1,5687577,2,-5.0,1.0,0.0,0.0,0,1.0,1.0,0,0)
DispatchTrackball(-1,5687586,2,-1.0,0.0,0.0,0.0,0,1.0,1.0,0,0)
DispatchTrackball(-1,5687600,2,-5.0,4.0,0.0,0.0,0,1.0,1.0,0,0)
DispatchTrackball(-1,5687607,2,0.0,-5.0,0.0,0.0,0,1.0,1.0,0,0)
DispatchTrackball(-1,5687773,2,-1.0,-3.0,0.0,0.0,0,1.0,1.0,0,0)
DispatchKey(5688630,5688630,0,21,0,0,-1,0)
DispatchKey(5689424,5689424,1,21,0,0,-1,0)
DispatchPointer(5690039,5690051,0,8.0,10.0,0.0,0.0,0,1.0,1.0,0,0)
DispatchPointer(5690039,5690095,261,13.143345,11.499146,0.0,0.0,0,1.0,1.0,0,0)
DispatchPointer(5690039,5690108,2,23.302002,18.615717,0.0,0.0,0,1.0,1.0,0,0)
DispatchPointer(5690039,5690115,2,31.17223,27.925766,0.0,0.0,0,1.0,1.0,0,0)
DispatchPointer(5690039,5690128,262,44.04364,31.354992,0.0,0.0,0,1.0,1.0,0,0)
DispatchPointer(5690039,5690284,1,59.127605,39.59723,0.0,0.0,0,1.0,1.0,0,0)
DispatchKey(5690349,5690349,0,19,0,0,-1,0)
DispatchKey(5690517,5690517,1,19,0,0,-1,0)
DispatchKey(5690947,5690947,0,19,0,0,-1,0)
DispatchKey(5691147,5691147,1,19,0,0,-1,0)
DispatchPointer(5691284,5691285,0,265.0,555.0,0.0,0.0,0,1.0,1.0,0,0)
DispatchPointer(5691284,5691495,2,265.29575,545.5805,0.0,0.0,0,1.0,1.0,0,0)
DispatchPointer(5691284,5691527,2,266.85883,536.228,0.0,0.0,0,1.0,1.0,0,0)
DispatchPointer(5691284,5691536,2,267.03836,528.8556,0.0,0.0,0,1.0,1.0,0,0)
DispatchPointer(5691284,5691568,2,267.06702,526.02405,0.0,0.0,0,1.0,1.0,0,0)
DispatchPointer(5691284,5691574,1,268.13757,522.3139,0.0,0.0,0,1.0,1.0,0,0)
DispatchTrackball(-1,5691599,2,-1.0,-4.0,0.0,0.0,0,1.0,1.0,0,0)
DispatchTrackball(-1,5691636,2,-5.0,3.0,0.0,0.0,0,1.0,1.0,0,0)
DispatchTrackball(-1,5691718,2,-3.0,1.0,0.0,0.0,0,1.0,1.0,0,0)
DispatchTrackball(-1,5691838,2,-4.0,2.0,0.0,0.0,0,1.0,1.0,0,0)
DispatchTrackball(-1,5691869,2,0.0,4.0,0.0,0.0,0,1.0,1.0,0,0)
DispatchTrackball(-1,5691877,2,2.0,0.0,0.0,0.0,0,1.0,1.0,0,0)
DispatchTrackball(-1,5691884,2,0.0,2.0,0.0,0.0,0,1.0,1.0,0,0)
DispatchTrackball(-1,5691903,2,0.0,-5.0,0.0,0.0,0,1.0,1.0,0,0)
DispatchTrackball(-1,5691921,2,1.0,-2.0,0.0,0.0,0,1.0,1.0,0,0)
DispatchTrackball(-1,5691933,2,2.0,1.0,0.0,0.0,0,1.0,1.0,0,0)
DispatchPointer(5691948,5691949,0,389.0,731.0,0.0,0.0,0,1.0,1.0,0,0)
DispatchPointer(5691948,5692044,1,391.4967,727.42053,0.0,0.0,0,1.0,1.0,0,0)
DispatchKey(5692067,5692067,0,22,0,0,-1,0)
DispatchKey(5692230,5692230,1,22,0,0,-1,0)
DispatchTrackball(-1,5692332,2,3.0,0.0,0.0,0.0,0,1.0,1.0,0,0)
DispatchTrackball(-1,5692408,2,-3.0,-5.0,0.0,0.0,0,1.0,1.0,0,0)
DispatchTrackball(-1,5692419,2,3.0,2.0,0.0,0.0,0,1.0,1.0,0,0)
DispatchTrackball(-1,5692470,2,-5.0,-1.0,0.0,0.0,0,1.0,1.0,0,0)
DispatchTrackball(-1,5692479,2,2.0,-2.0,0.0,0.0,0,1.0,1.0,0,0)
DispatchTrackball(-1,5692507,2,-5.0,-3.0,0.0,0.0,0,1.0,1.0,0,0)
DispatchTrackball(-1,5692557,2,-4.0,4.0,0.0,0.0,0,1.0,1.0,0,0)
DispatchTrackball(-1,5692563,2,4.0,3.0,0.0,0.0,0,1.0,1.0,0,0)
DispatchTrackball(-1,5692568,2,0.0,0.0,0.0,0.0,0,1.0,1.0,0,0)
DispatchTrackball(-1,5692584,2,3.0,0.0,0.0,0.0,0,1.0,1.0,0,0)
DispatchPointer(5692606,5692606,0,204.0,357.0,0.0,0.0,0,1.0,1.0,0,0)
DispatchPointer(5692606,5692645,1,201.79468,348.95062,0.0,0.0,0,1.0,1.0,0,0)
DispatchPointer(5692737,5692737,0,421.0,333.0,0.0,0.0,0,1.0,1.0,0,0)
DispatchPointer(5692737,5692795,1,411.6786,332.73914,0.0,0.0,0,1.0,1.0,0,0)
DispatchPointer(5692894,5692896,0,175.0,544.0,0.0,0.0,0,1.0,1.0,0,0)
DispatchPointer(5692894,5692953,261,172.33203,542.64056,0.0,0.0,0,1.0,1.0,0,0)
DispatchPointer(5692894,5692969,2,170.23785,542.07135,0.0,0.0,0,1.0,1.0,0,0)
DispatchPointer(5692894,5693000,2,165.6852,540.07806,0.0,0.0,0,1.0,1.0,0,0)
DispatchPointer(5692894,5693019,2,164.12077,537.54266,0.0,0.0,0,1.0,1.0,0,0)
DispatchPointer(5692894,5693068,2,161.94188,534.0944,0.0,0.0,0,1.0,1.0,0,0)
DispatchPointer(5692894,5693078,2,152.53636,533.38556,0.0,0.0,0,1.0,1.0,0,0)
DispatchPointer(5692894,5693087,2,151.03995,531.9329,0.0,0.0,0,1.0,1.0,0,0)
DispatchPointer(5692894,5693096,2,142.77312,531.7024,0.0,0.0,0,1.0,1.0,0,0)
DispatchPointer(5692894,5693116,262,131.89478,530.4983,0.0,0.0,0,1.0,1.0,0,0)
DispatchPointer(5692894,5693123,1,131.87866,529.52576,0.0,0.0,0,1.0,1.0,0,0)
DispatchKey(5693173,5693173,0,23,0,0,-1,0)
DispatchKey(5693190,5693190,1,23,0,0,-1,0)
DispatchPointer(5693242,5693243,0,377.0,507.0,0.0,0.0,0,1.0,1.0,0,0)
DispatchPointer(5693242,5693274,1,372.01114,504.54083,0.0,0.0,0,1.0,1.0,0,0)
DispatchPointer(5693307,5693307,0,317.0,360.0,0.0,0.0,0,1.0,1.0,0,0)
DispatchPointer(5693307,5693335,1,315.30377,362.48383,0.0,0.0,0,1.0,1.0,0,0)
DispatchTrackball(-1,5693385,2,-1.0,2.0,0.0,0.0,0,1.0,1.0,0,0)
DispatchTrackball(-1,5693398,2,4.0,2.0,0.0,0.0,0,1.0,1.0,0,0)
DispatchTrackball(-1,5693433,2,4.0,-5.0,0.0,0.0,0,1.0,1.0,0,0)
DispatchTrackball(-1,5693454,2,-1.0,4.0,0.0,0.0,0,1.0,1.0,0,0)
DispatchTrackball(-1,5693463,2,-1.0,0.0,0.0,0.0,0,1.0,1.0,0,0)
DispatchTrackball(-1,5693483,2,2.0,3.0,0.0,0.0,0,1.0,1.0,0,0)
DispatchTrackball(-1,5693490,2,0.0,-3.0,0.0,0.0,0,1.0,1.0,0,0)
DispatchTrackball(-1,5693507,2,3.0,4.0,0.0,0.0,0,1.0,1.0,0,0)
DispatchTrackball(-1,5693557,2,1.0,3.0,0.0,0.0,0,1.0,1.0,0,0)
DispatchTrackball(-1,5693568,2,3.0,0.0,0.0,0.0,0,1.0,1.0,0,0)
DispatchPointer(5693610,5693611,0,233.0,367.0,0.0,0.0,0,1.0,1.0,0,0)
DispatchPointer(5693610,5693682,1,214.47896,353.25113,0.0,0.0,0,1.0,1.0,0,0)
DispatchPointer(5693717,5693718,0,264.0,507.0,0.0,0.0,0,1.0,1.0,0,0)
DispatchPointer(5693717,5693737,1,278.16833,507.07993,0.0,0.0,0,1.0,1.0,0,0)
DispatchTrackball(-1,5693869,2,-3.0,-3.0,0.0,0.0,0,1.0,1.0,0,0)
DispatchTrackball(-1,5693898,2,-3.0,4.0,0.0,0.0,0,1.0,1.0,0,0)
DispatchTrackball(-1,5693905,2,0.0,-1.0,0.0,0.0,0,1.0,1.0,0,0)
DispatchTrackball(-1,5693918,2,-1.0,4.0,0.0,0.0,0,1.0,1.0,0,0)
DispatchTrackball(-1,5694042,2,0.0,4.0,0.0,0.0,0,1.0,1.0,0,0)
DispatchTrackball(-1,5694061,2,4.0,-1.0,0.0,0.0,0,1.0,1.0,0,0)
DispatchTrackball(-1,5694069,2,-2.0,-3.0,0.0,0.0,0,1.0,1.0,0,0)
DispatchTrackball(-1,5694156,2,0.0,-1.0,0.0,0.0,0,1.0,1.0,0,0)
DispatchTrackball(-1,5694163,2,0.0,3.0,0.0,0.0,0,1.0,1.0,0,0)
DispatchTrackball(-1,5694181,2,1.0,-3.0,0.0,0.0,0,1.0,1.0,0,0)
DispatchKey(5694187,5694187,0,23,0,0,-1,0)
DispatchKey(5694285,5694285,1,23,0,0,-1,0)
DispatchKey(5694331,5694331,0,22,0,0,-1,0)
DispatchKey(5694356,5694356,1,22,0,0,-1,0)
DispatchKey(5694434,5694434,0,33,0,0,-1,0)
DispatchKey(5694455,5694455,1,33,0,0,-1,0)
DispatchKey(5694490,5694490,0,22,0,0,-1,0)
DispatchKey(5694539,5694539,1,22,0,0,-1,0)
DispatchKey(5694614,5694614,0,151,0,0,-1,0)
DispatchKey(5694643,5694643,1,151,0,0,-1,0)
DispatchKey(5694664,5694664,0,19,0,0,-1,0)
DispatchKey(5694709,5694709,1,19,0,0,-1,0)
DispatchKey(5697989,5697989,0,23,0,0,-1,0)
DispatchKey(5698903,5698903,1,23,0,0,-1,0)
DispatchKey(5699027,5699027,0,149,0,0,-1,0)
DispatchKey(5699133,5699133,1,149,0,0,-1,0)
DispatchKey(5699700,5699700,0,23,0,0,-1,0)
DispatchKey(5699968,5699968,1,23,0,0,-1,0)
DispatchPointer(5700124,5700125,0,27.0,205.0,0.0,0.0,0,1.0,1.0,0,0)
DispatchPointer(5700124,5700214,2,28.86855,187.77191,0.0,0.0,0,1.0,1.0,0,0)
DispatchPointer(5700124,5700234,2,40.785637,185.08014,0.0,0.0,0,1.0,1.0,0,0)
DispatchPointer(5700124,5700294,1,53.62563,178.85283,0.0,0.0,0,1.0,1.0,0,0)
DispatchKey(5700309,5700309,0,23,0,0,-1,0)
DispatchKey(5702118,5702118,1,23,0,0,-1,0)
DispatchKey(5702170,5702170,0,22,0,0,-1,0)
DispatchKey(5702269,5702269,1,22,0,0,-1,0)
DispatchKey(5702283,5702283,0,128,0,0,-1,0)
DispatchKey(5702310,5702310,1,128,0,0,-1,0)
LaunchActivity(com.nloko.android.syncmypix,com.nloko.android.syncmypix.MainActivity)
DispatchKey(5702642,5702642,0,23,0,0,-1,0)
DispatchKey(5702657,5702657,1,23,0,0,-1,0)
DispatchTrackball(-1,5702735,2,-3.0,-5.0,0.0,0.0,0,1.0,1.0,0,0)
DispatchTrackball(-1,5702746,2,1.0,1.0,0.0,0.0,0,1.0,1.0,0,0)
DispatchTrackball(-1,5702802,2,-3.0,-2.0,0.0,0.0,0,1.0,1.0,0,0)
DispatchTrackball(-1,5702902,2,-1.0,-4.0,0.0,0.0,0,1.0,1.0,0,0)
DispatchTrackball(-1,5702910,2,4.0,-1.0,0.0,0.0,0,1.0,1.0,0,0)
DispatchTrackball(-1,5703005,2,2.0,4.0,0.0,0.0,0,1.0,1.0,0,0)
DispatchTrackball(-1,5703023,2,-1.0,3.0,0.0,0.0,0,1.0,1.0,0,0)
DispatchTrackball(-1,5703032,2,-4.0,4.0,0.0,0.0,0,1.0,1.0,0,0)
DispatchTrackball(-1,5703039,2,0.0,3.0,0.0,0.0,0,1.0,1.0,0,0)
DispatchTrackball(-1,5703069,2,-5.0,-3.0,0.0,0.0,0,1.0,1.0,0,0)
DispatchTrackball(5702734,5703089,0,0.0,0.0,0.0,0.0,0,1.0,1.0,0,0)
DispatchTrackball(5702734,5703147,1,0.0,0.0,0.0,0.0,0,1.0,1.0,0,0)
DispatchKey(5703173,5703173,0,23,0,0,-1,0)
DispatchKey(5703456,5703456,1,23,0,0,-1,0)
DispatchPointer(5703596,5703599,0,200.0,209.0,0.0,0.0,0,1.0,1.0,0,0)
DispatchPointer(5703596,5703665,261,202.64299,214.05989,0.0,0.0,0,1.0,1.0,0,0)
DispatchPointer(5703596,5703683,2,206.8791,224.7069,0.0,0.0,0,1.0,1.0,0,0)
DispatchPointer(5703596,5703700,2,210.50258,231.94742,0.0,0.0,0,1.0,1.0,0,0)
DispatchPointer(5703596,5703707,2,214.80823,237.90562,0.0,0.0,0,1.0,1.0,0,0)
DispatchPointer(5703596,5703714,2,218.52393,247.5828,0.0,0.0,0,1.0,1.0,0,0)
DispatchPointer(5703596,5703731,2,220.82135,250.64043,0.0,0.0,0,1.0,1.0,0,0)
DispatchPointer(5703596,5703737,262,222.95934,255.60248,0.0,0.0,0,1.0,1.0,0,0)
DispatchPointer(5703596,5703747,1,223.02847,261.35623,0.0,0.0,0,1.0,1.0,0,0)
DispatchKey(5703837,5703837,0,19,0,0,-1,0)
DispatchKey(5703936,5703936,1,19,0,0,-1,0)
DispatchKey(5703956,5703956,0,84,0,0,-1,0)
DispatchKey(5704070,5704070,1,84,0,0,-1,0)
DispatchKey(5705441,5705441,0,23,0,0,-1,0)
DispatchKey(5705555,5705555,1,23,0,0,-1,0)
DispatchKey(5705635,5705635,0,56,0,0,-1,0)
DispatchKey(5705661,5705661,1,56,0,0,-1,0)
DispatchKey(5706145,5706145,0,82,0,0,-1,0)
DispatchKey(5706196,5706196,1,82,0,0,-1,0)
DispatchKey(5706254,5706254,0,23,0,0,-1,0)
DispatchKey(5706535,5706535,1,23,0,0,-1,0)
DispatchKey(5706569,5706569,0,21,0,0,-1,0)
DispatchKey(5707041,5707041,1,21,0,0,-1,0)
DispatchPointer(5707116,5707117,0,217.0,416.0,0.0,0.0,0,1.0,1.0,0,0)
DispatchPointer(5707116,5707149,1,210.43187,416.68875,0.0,0.0,0,1.0,1.0,0,0)
DispatchPointer(5707254,5707255,0,35.0,308.0,0.0,0.0,0,1.0,1.0,0,0)
DispatchPointer(5707254,5707343,2,41.070126,311.76837,0.0,0.0,0,1.0,1.0,0,0)
DispatchPointer(5707254,5707364,2,48.418182,316.40344,0.0,0.0,0,1.0,1.0,0,0)
DispatchPointer(5707254,5707385,2,61.277275,320.40613,0.0,0.0,0,1.0,1.0,0,0)
DispatchPointer(5707254,5707393,2,62.77532,324.6319,0.0,0.0,0,1.0,1.0,0,0)
DispatchPointer(5707254,5707429,1,71.41725,326.18228,0.0,0.0,0,1.0,1.0,0,0)
DispatchKey(5707457,5707457,0,23,0,0,-1,0)
DispatchKey(5707505,5707505,1,23,0,0,-1,0)
DispatchPointer(5707542,5707542,0,250.0,133.0,0.0,0.0,0,1.0,1.0,0,0)
DispatchPointer(5707542,5707557,1,245.86655,147.19179,0.0,0.0,0,1.0,1.0,0,0)
DispatchPointer(5707604,5707605,0,374.0,754.0,0.0,0.0,0,1.0,1.0,0,0)
DispatchPointer(5707604,5707633,2,379.16818,768.8628,0.0,0.0,0,1.0,1.0,0,0)
DispatchPointer(5707604,5707662,2,381.35712,773.75275,0.0,0.0,0,1.0,1.0,0,0)
DispatchPointer(5707604,5707677,2,388.3251,774.32306,0.0,0.0,0,1.0,1.0,0,0)
DispatchPointer(5707604,5707706,2,394.97,781.78973,0.0,0.0,0,1.0,1.0,0,0)
DispatchPointer(5707604,5707722,2,401.08447,782.5231,0.0,0.0,0,1.0,1.0,0,0)
DispatchPointer(5707604,5707730,2,408.17737,800.0,0.0,0.0,0,1.0,1.0,0,0)
DispatchPointer(5707604,5707754,2,414.23068,800.0,0.0,0.0,0,1.0,1.0,0,0)
DispatchPointer(5707604,5707785,1,416.38907,800.0,0.0,0.0,0,1.0,1.0,0,0)
DispatchKey(5707831,5707831,0,19,0,0,-1,0)
DispatchKey(5707860,5707860,1,19,0,0,-1,0)
DispatchPointer(5707904,5707905,0,218.0,262.0,0.0,0.0,0,1.0,1.0,0,0)
DispatchPointer(5707904,5707941,2,231.16632,254.81883,0.0,0.0,0,1.0,1.0,0,0)
DispatchPointer(5707904,5707960,2,236.38608,251.18184,0.0,0.0,0,1.0,1.0,0,0)
DispatchPointer(5707904,5707979,2,238.85684,241.31937,0.0,0.0,0,1.0,1.0,0,0)
DispatchPointer(5707904,5708022,2,251.56638,231.87416,0.0,0.0,0,1.0,1.0,0,0)
DispatchPointer(5707904,5708052,2,253.06981,230.83339,0.0,0.0,0,1.0,1.0,0,0)
DispatchPointer(5707904,5708078,2,263.81277,224.12064,0.0,0.0,0,1.0,1.0,0,0)
DispatchPointer(5707904,5708089,2,268.1954,216.63669,0.0,0.0,0,1.0,1.0,0,0)
DispatchPointer(5707904,5708105,2,283.2855,208.44078,0.0,0.0,0,1.0,1.0,0,0)
DispatchPointer(5707904,5708125,1,285.84326,201.70316,0.0,0.0,0,1.0,1.0,0,0)
DispatchKey(5708153,5708153,0,19,0,0,-1,0)
DispatchKey(5708184,5708184,1,19,0,0,-1,0)
DispatchKey(5708352,5708352,0,20,0,0,-1,0)
DispatchKey(5708378,5708378,1,20,0,0,-1,0)
DispatchKey(5708429,5708429,0,25,0,0,-1,0)
DispatchKey(5708783,5708783,1,25,0,0,-1,0)
