type= raw events
count= -1
speed= 1.0
start data >>
DispatchKey(5149118,5149118,0,20,0,0,-1,0)
DispatchKey(5152176,5152176,1,20,0,0,-1,0)
DispatchKey(5152356,5152356,0,82,0,0,-1,0)
DispatchKey(5152368,5152368,1,82,0,0,-1,0)
DispatchKey(5152809,5152809,0,68,0,0,-1,0)
DispatchKey(5152829,5152829,1,68,0,0,-1,0)
DispatchKey(5152901,5152901,0,4,0,0,-1,0)
DispatchKey(5152932,5152932,1,4,0,0,-1,0)
DispatchKey(5152955,5152955,0,19,0,0,-1,0)
DispatchKey(5152967,5152967,1,19,0,0,-1,0)
DispatchKey(5152988,5152988,0,22,0,0,-1,0)
DispatchKey(5153015,5153015,1,22,0,0,-1,0)
DispatchPointer(5153029,5153043,0,245.0,637.0,0.0,0.0,0,1.0,1.0,0,0)
DispatchPointer(5153029,5153077,2,245.08519,627.98145,0.0,0.0,0,1.0,1.0,0,0)
DispatchPointer(5153029,5153098,2,245.30348,611.2482,0.0,0.0,0,1.0,1.0,0,0)
DispatchPointer(5153029,5153110,2,245.35995,600.1477,0.0,0.0,0,1.0,1.0,0,0)
DispatchPointer(5153029,5153146,2,245.37257,596.41534,0.0,0.0,0,1.0,1.0,0,0)
DispatchPointer(5153029,5153155,1,245.37872,592.60565,0.0,0.0,0,1.0,1.0,0,0)
DispatchKey(5153201,5153201,0,108,0,0,-1,0)
DispatchKey(5153237,5153237,1,108,0,0,-1,0)
DispatchKey(5153274,5153274,0,82,0,0,-1,0)
DispatchKey(5153634,5153634,1,82,0,0,-1,0)
DispatchKey(5153650,5153650,0,21,0,0,-1,0)
DispatchKey(5153756,5153756,1,21,0,0,-1,0)
DispatchKey(5154288,5154288,0,23,0,0,-1,0)
DispatchKey(5154410,5154410,1,23,0,0,-1,0)
DispatchKey(5154457,5154457,0,22,0,0,-1,0)
DispatchKey(5154494,5154494,1,22,0,0,-1,0)
DispatchTrackball(-1,5154537,2,3.0,-5.0,0.0,0.0,0,1.0,1.0,0,0)
DispatchTrackball(-1,5154642,2,3.0,-2.0,0.0,0.0,0,1.0,1.0,0,0)
DispatchTrackball(-1,5154672,2,3.0,-2.0,0.0,0.0,0,1.0,1.0,0,0)
DispatchTrackball(-1,5154761,2,3.0,-2.0,0.0,0.0,0,1.0,1.0,0,0)
DispatchTrackball(-1,5154770,2,4.0,3.0,0.0,0.0,0,1.0,1.0,0,0)
DispatchTrackball(-1,5154779,2,2.0,2.0,0.0,0.0,0,1.0,1.0,0,0)
DispatchTrackball(-1,5155134,2,2.0,-4.0,0.0,0.0,0,1.0,1.0,0,0)
DispatchTrackball(-1,5159303,2,-1.0,4.0,0.0,0.0,0,1.0,1.0,0,0)
DispatchTrackball(-1,5159318,2,-4.0,4.0,0.0,0.0,0,1.0,1.0,0,0)
DispatchTrackball(-1,5159529,2,0.0,-3.0,0.0,0.0,0,1.0,1.0,0,0)
DispatchPointer(5159689,5159701,0,440.0,481.0,0.0,0.0,0,1.0,1.0,0,0)
DispatchPointer(5159689,5159751,2,457.855,478.7054,0.0,0.0,0,1.0,1.0,0,0)
DispatchPointer(5159689,5159759,2,466.9317,456.98392,0.0,0.0,0,1.0,1.0,0,0)
DispatchPointer(5159689,5159777,1,480.0,437.26392,0.0,0.0,0,1.0,1.0,0,0)
DispatchPointer(5159810,5159811,0,111.0,609.0,0.0,0.0,0,1.0,1.0,0,0)
DispatchPointer(5159810,5159935,1,99.14724,610.75354,0.0,0.0,0,1.0,1.0,0,0)
DispatchKey(5160904,5160904,0,23,0,0,-1,0)
DispatchKey(5160994,5160994,1,23,0,0,-1,0)
DispatchKey(5161911,5161911,0,21,0,0,-1,0)
DispatchKey(5161950,5161950,1,21,0,0,-1,0)
DispatchTrackball(-1,5161968,2,-4.0,3.0,0.0,0.0,0,1.0,1.0,0,0)
DispatchTrackball(-1,5161992,2,-1.0,-2.0,0.0,0.0,0,1.0,1.0,0,0)
DispatchTrackball(-1,5162004,2,-5.0,-5.0,0.0,0.0,0,1.0,1.0,0,0)
DispatchTrackball(-1,5162068,2,-3.0,4.0,0.0,0.0,0,1.0,1.0,0,0)
DispatchTrackball(-1,5162098,2,-3.0,4.0,0.0,0.0,0,1.0,1.0,0,0)
DispatchTrackball(-1,5162132,2,1.0,-1.0,0.0,0.0,0,1.0,1.0,0,0)
DispatchTrackball(-1,5162162,2,-5.0,0.0,0.0,0.0,0,1.0,1.0,0,0)
DispatchTrackball(-1,5162264,2,2.0,2.0,0.0,0.0,0,1.0,1.0,0,0)
DispatchTrackball(-1,5162335,2,-2.0,-4.0,0.0,0.0,0,1.0,1.0,0,0)
DispatchTrackball(-1,5162344,2,2.0,4.0,0.0,0.0,0,1.0,1.0,0,0)
DispatchKey(5162403,5162403,0,23,0,0,-1,0)
DispatchKey(5162498,5162498,1,23,0,0,-1,0)
DispatchTrackball(-1,5162712,2,-5.0,-2.0,0.0,0.0,0,1.0,1.0,0,0)
DispatchTrackball(-1,5162762,2,-4.0,-2.0,0.0,0.0,0,1.0,1.0,0,0)
DispatchTrackball(-1,5162782,2,-2.0,-4.0,0.0,0.0,0,1.0,1.0,0,0)
DispatchTrackball(-1,5162803,2,-4.0,-5.0,0.0,0.0,0,1.0,1.0,0,0)
DispatchTrackball(-1,5162823,2,-5.0,0.0,0.0,0.0,0,1.0,1.0,0,0)
DispatchTrackball(-1,5162832,2,4.0,-2.0,0.0,0.0,0,1.0,1.0,0,0)
DispatchTrackball(-1,5162846,2,1.0,2.0,0.0,0.0,0,1.0,1.0,0,0)
DispatchTrackball(-1,5162858,2,0.0,-2.0,0.0,0.0,0,1.0,1.0,0,0)
DispatchTrackball(-1,5162879,2,2.0,-1.0,0.0,0.0,0,1.0,1.0,0,0)
DispatchTrackball(-1,5162903,2,-5.0,-1.0,0.0,0.0,0,1.0,1.0,0,0)
DispatchTrackball(5162712,5162917,0,0.0,0.0,0.0,0.0,0,1.0,1.0,0,0)
DispatchTrackball(5162712,5162965,1,0.0,0.0,0.0,0.0,0,1.0,1.0,0,0)
DispatchKey(5163013,5163013,0,23,0,0,-1,0)
DispatchKey(5163420,5163420,1,23,0,0,-1,0)
DispatchKey(5163499,5163499,0,22,0,0,-1,0)
DispatchKey(5163526,5163526,1,22,0,0,-1,0)
DispatchKey(5163551,5163551,0,25,0,0,-1,0)
DispatchKey(5163723,5163723,1,25,0,0,-1,0)
DispatchTrackball(-1,5163826,2,-1.0,1.0,0.0,0.0,0,1.0,1.0,0,0)
DispatchTrackball(-1,5163878,2,-1.0,-2.0,0.0,0.0,0,1.0,1.0,0,0)
DispatchTrackball(-1,5163905,2,-4.0,4.0,0.0,0.0,0,1.0,1.0,0,0)
DispatchTrackball(-1,5164071,2,-5.0,-2.0,0.0,0.0,0,1.0,1.0,0,0)
DispatchTrackball(-1,5164104,2,4.0,2.0,0.0,0.0,0,1.0,1.0,0,0)
DispatchTrackball(-1,5164112,2,-5.0,-2.0,0.0,0.0,0,1.0,1.0,0,0)
DispatchTrackball(-1,5164121,2,1.0,4.0,0.0,0.0,0,1.0,1.0,0,0)
DispatchTrackball(-1,5164141,2,3.0,4.0,0.0,0.0,0,1.0,1.0,0,0)
DispatchTrackball(-1,5164160,2,3.0,2.0,0.0,0.0,0,1.0,1.0,0,0)
DispatchTrackball(-1,5164169,2,1.0,-1.0,0.0,0.0,0,1.0,1.0,0,0)
DispatchPointer(5164227,5164227,0,256.0,360.0,0.0,0.0,0,1.0,1.0,0,0)
DispatchPointer(5164227,5164343,1,260.73187,348.538,0.0,0.0,0,1.0,1.0,0,0)
DispatchTrackball(-1,5164806,2,4.0,-5.0,0.0,0.0,0,1.0,1.0,0,0)
DispatchTrackball(-1,5164890,2,1.0,4.0,0.0,0.0,0,1.0,1.0,0,0)
DispatchTrackball(-1,5164906,2,-1.0,3.0,0.0,0.0,0,1.0,1.0,0,0)
DispatchTrackball(-1,5164925,2,0.0,4.0,0.0,0.0,0,1.0,1.0,0,0)
DispatchTrackball(-1,5164986,2,0.0,-5.0,0.0,0.0,0,1.0,1.0,0,0)
DispatchTrackball(-1,5165032,2,1.0,2.0,0.0,0.0,0,1.0,1.0,0,0)
DispatchTrackball(-1,5165049,2,4.0,1.0,0.0,0.0,0,1.0,1.0,0,0)
DispatchTrackball(-1,5165059,2,1.0,0.0,0.0,0.0,0,1.0,1.0,0,0)
DispatchTrackball(-1,5165084,2,-4.0,-5.0,0.0,0.0,0,1.0,1.0,0,0)
DispatchTrackball(-1,5165093,2,4.0,2.0,0.0,0.0,0,1.0,1.0,0,0)
DispatchKey(5165561,5165561,0,4,0,0,-1,0)
DispatchKey(5165577,5165577,1,4,0,0,-1,0)
DispatchKey(5165669,5165669,0,19,0,0,-1,0)
DispatchKey(5166104,5166104,1,19,0,0,-1,0)
DispatchKey(5166293,5166293,0,143,0,0,-1,0)
DispatchKey(5166667,5166667,1,143,0,0,-1,0)
DispatchFlip(false)
DispatchTrackball(-1,5166793,2,2.0,4.0,0.0,0.0,0,1.0,1.0,0,0)
DispatchTrackball(-1,5166942,2,-5.0,-1.0,0.0,0.0,0,1.0,1.0,0,0)
DispatchTrackball(-1,5166970,2,-4.0,2.0,0.0,0.0,0,1.0,1.0,0,0)
DispatchTrackball(-1,5166978,2,-3.0,0.0,0.0,0.0,0,1.0,1.0,0,0)
DispatchTrackball(-1,5167088,2,-1.0,2.0,0.0,0.0,0,1.0,1.0,0,0)
DispatchTrackball(-1,5167225,2,1.0,-3.0,0.0,0.0,0,1.0,1.0,0,0)
DispatchTrackball(-1,5167244,2,1.0,2.0,0.0,0.0,0,1.0,1.0,0,0)
DispatchTrackball(-1,5167251,2,3.0,-4.0,0.0,0.0,0,1.0,1.0,0,0)
DispatchTrackball(-1,5167260,2,-2.0,-2.0,0.0,0.0,0,1.0,1.0,0,0)
DispatchTrackball(-1,5167279,2,2.0,-2.0,0.0,0.0,0,1.0,1.0,0,0)
DispatchKey(5167287,5167287,0,23,0,0,-1,0)
DispatchKey(5168205,5168205,1,23,0,0,-1,0)
DispatchPointer(5168387,5168389,0,385.0,532.0,0.0,0.0,0,1.0,1.0,0,0)
DispatchPointer(5168387,5168468,261,380.78494,542.2479,0.0,0.0,0,1.0,1.0,0,0)
DispatchPointer(5168387,5168964,2,371.95877,545.11395,0.0,0.0,0,1.0,1.0,0,0)
DispatchPointer(5168387,5168988,262,360.5373,555.35394,0.0,0.0,0,1.0,1.0,0,0)
DispatchPointer(5168387,5168998,1,351.45413,558.7198,0.0,0.0,0,1.0,1.0,0,0)
DispatchKey(5169235,5169235,0,23,0,0,-1,0)
DispatchKey(5170183,5170183,1,23,0,0,-1,0)
DispatchKey(5170243,5170243,0,197,0,0,-1,0)
DispatchKey(5170255,5170255,1,197,0,0,-1,0)
DispatchPointer(5170304,5170306,0,177.0,726.0,0.0,0.0,0,1.0,1.0,0,0)
DispatchPointer(5170304,5170331,2,176.7473,724.0132,0.0,0.0,0,1.0,1.0,0,0)
DispatchPointer(5170304,5170371,2,176.2047,720.37555,0.0,0.0,0,1.0,1.0,0,0)
DispatchPointer(5170304,5170402,2,174.69742,716.11975,0.0,0.0,0,1.0,1.0,0,0)
DispatchPointer(5170304,5170412,2,172.87296,712.208,0.0,0.0,0,1.0,1.0,0,0)
DispatchPointer(5170304,5170420,2,170.94504,702.9456,0.0,0.0,0,1.0,1.0,0,0)
DispatchPointer(5170304,5170455,2,169.41942,695.4255,0.0,0.0,0,1.0,1.0,0,0)
DispatchPointer(5170304,5170465,2,168.99013,685.5894,0.0,0.0,0,1.0,1.0,0,0)
DispatchPointer(5170304,5170489,1,167.06714,683.1015,0.0,0.0,0,1.0,1.0,0,0)
DispatchPointer(5170591,5170591,0,343.0,297.0,0.0,0.0,0,1.0,1.0,0,0)
DispatchPointer(5170591,5170637,1,352.28946,287.87253,0.0,0.0,0,1.0,1.0,0,0)
DispatchKey(5170672,5170672,0,22,0,0,-1,0)
DispatchKey(5170948,5170948,1,22,0,0,-1,0)
DispatchPointer(5171068,5171068,0,375.0,396.0,0.0,0.0,0,1.0,1.0,0,0)
DispatchPointer(5171068,5171102,2,376.13333,399.03543,0.0,0.0,0,1.0,1.0,0,0)
DispatchPointer(5171068,5171116,2,378.04382,402.7095,0.0,0.0,0,1.0,1.0,0,0)
DispatchPointer(5171068,5171122,2,379.97043,412.1273,0.0,0.0,0,1.0,1.0,0,0)
DispatchPointer(5171068,5171144,2,380.07254,414.3953,0.0,0.0,0,1.0,1.0,0,0)
DispatchPointer(5171068,5171163,2,381.1757,424.65884,0.0,0.0,0,1.0,1.0,0,0)
DispatchPointer(5171068,5171178,2,381.3016,434.14966,0.0,0.0,0,1.0,1.0,0,0)
DispatchPointer(5171068,5171186,2,383.13745,448.85995,0.0,0.0,0,1.0,1.0,0,0)
DispatchPointer(5171068,5171272,1,383.45212,465.1865,0.0,0.0,0,1.0,1.0,0,0)
DispatchPointer(5171316,5171316,0,454.0,68.0,0.0,0.0,0,1.0,1.0,0,0)
DispatchPointer(5171316,5171417,1,453.4678,66.69248,0.0,0.0,0,1.0,1.0,0,0)
DispatchKey(5171454,5171454,0,22,0,0,-1,0)
DispatchKey(5173643,5173643,1,22,0,0,-1,0)
DispatchTrackball(-1,5173676,2,4.0,-4.0,0.0,0.0,0,1.0,1.0,0,0)
DispatchTrackball(-1,5173707,2,-5.0,-5.0,0.0,0.0,0,1.0,1.0,0,0)
DispatchTrackball(-1,5173833,2,0.0,-3.0,0.0,0.0,0,1.0,1.0,0,0)
DispatchTrackball(-1,5173853,2,-2.0,3.0,0.0,0.0,0,1.0,1.0,0,0)
DispatchTrackball(-1,5173952,2,-2.0,3.0,0.0,0.0,0,1.0,1.0,0,0)
DispatchTrackball(-1,5173973,2,-3.0,-1.0,0.0,0.0,0,1.0,1.0,0,0)
DispatchTrackball(-1,5173990,2,-5.0,1.0,0.0,0.0,0,1.0,1.0,0,0)
DispatchTrackball(-1,5173998,2,-2.0,4.0,0.0,0.0,0,1.0,1.0,0,0)
DispatchTrackball(-1,5174006,2,4.0,-1.0,0.0,0.0,0,1.0,1.0,0,0)
DispatchTrackball(-1,5174014,2,-2.0,-5.0,0.0,0.0,0,1.0,1.0,0,0)
DispatchPointer(5174034,5174034,0,462.0,399.0,0.0,0.0,0,1.0,1.0,0,0)
DispatchPointer(5174034,5174049,2,458.206,402.38702,0.0,0.0,0,1.0,1.0,0,0)
DispatchPointer(5174034,5174191,2,441.9733,406.0583,0.0,0.0,0,1.0,1.0,0,0)
DispatchPointer(5174034,5174784,1,441.40973,408.5329,0.0,0.0,0,1.0,1.0,0,0)
DispatchTrackball(-1,5174804,2,-2.0,2.0,0.0,0.0,0,1.0,1.0,0,0)
DispatchTrackball(-1,5174864,2,-2.0,-3.0,0.0,0.0,0,1.0,1.0,0,0)
DispatchTrackball(-1,5174901,2,2.0,-2.0,0.0,0.0,0,1.0,1.0,0,0)
DispatchTrackball(-1,5174909,2,-4.0,2.0,0.0,0.0,0,1.0,1.0,0,0)
DispatchTrackball(-1,5175008,2,1.0,-3.0,0.0,0.0,0,1.0,1.0,0,0)
DispatchTrackball(-1,5175018,2,2.0,-1.0,0.0,0.0,0,1.0,1.0,0,0)
DispatchTrackball(-1,5175025,2,4.0,3.0,0.0,0.0,0,1.0,1.0,0,0)
DispatchTrackball(-1,5175041,2,4.0,2.0,0.0,0.0,0,1.0,1.0,0,0)
DispatchTrackball(-1,5175055,2,-4.0,-4.0,0.0,0.0,0,1.0,1.0,0,0)
DispatchTrackball(-1,5175077,2,0.0,-2.0,0.0,0.0,0,1.0,1.0,0,0)
DispatchTrackball(5174803,5175097,0,0.0,0.0,0.0,0.0,0,1.0,1.0,0,0)
DispatchTrackball(5174803,5175104,1,0.0,0.0,0.0,0.0,0,1.0,1.0,0,0)
DispatchPointer(5175146,5175146,0,178.0,229.0,0.0,0.0,0,1.0,1.0,0,0)
DispatchPointer(5175146,5175170,1,188.03902,234.83978,0.0,0.0,0,1.0,1.0,0,0)
DispatchPointer(5175222,5175224,0,204.0,92.0,0.0,0.0,0,1.0,1.0,0,0)
DispatchPointer(5175222,5175254,2,194.10387,95.72764,0.0,0.0,0,1.0,1.0,0,0)
DispatchPointer(5175222,5175452,2,175.73297,99.20847,0.0,0.0,0,1.0,1.0,0,0)
DispatchPointer(5175222,5175473,2,154.71097,107.92232,0.0,0.0,0,1.0,1.0,0,0)
DispatchPointer(5175222,5175514,2,149.5563,116.394455,0.0,0.0,0,1.0,1.0,0,0)
DispatchPointer(5175222,5175526,2,128.89116,127.12217,0.0,0.0,0,1.0,1.0,0,0)
DispatchPointer(5175222,5175537,2,126.135765,132.33621,0.0,0.0,0,1.0,1.0,0,0)
DispatchPointer(5175222,5175555,2,112.08399,134.87389,0.0,0.0,0,1.0,1.0,0,0)
DispatchPointer(5175222,5175567,2,105.04171,142.53308,0.0,0.0,0,1.0,1.0,0,0)
