type= raw events
count= -1
speed= 2.0
start data >>
DispatchKey(266315,266315,0,23,0,0,-1,0)
DispatchKey(269045,269045,1,23,0,0,-1,0)
DispatchPointer(269185,269188,0,371.0,622.0,0.0,0.0,0,1.0,1.0,0,0)
DispatchPointer(269185,269238,2,370.58124,623.7989,0.0,0.0,0,1.0,1.0,0,0)
DispatchPointer(269185,269258,2,370.05133,628.8641,0.0,0.0,0,1.0,1.0,0,0)
DispatchPointer(269185,269271,2,369.52667,633.4314,0.0,0.0,0,1.0,1.0,0,0)
DispatchPointer(269185,269288,2,369.50702,635.7544,0.0,0.0,0,1.0,1.0,0,0)
DispatchPointer(269185,269299,2,368.9304,635.9662,0.0,0.0,0,1.0,1.0,0,0)
DispatchPointer(269185,269324,2,368.7288,637.25037,0.0,0.0,0,1.0,1.0,0,0)
DispatchPointer(269185,269332,2,368.5117,638.1004,0.0,0.0,0,1.0,1.0,0,0)






































DispatchPointer(274529,274556,0,454.0,370.0,0.0,0.0,0,1.0,1.0,0,0)
DispatchPointer(274529,274583,2,448.9039,389.02658,0.0,0.0,0,1.0,1.0,0,0)
DispatchPointer(274529,274603,2,448.07422,409.23584,0.0,0.0,0,1.0,1.0,0,0)
DispatchPointer(274529,274623,2,446.73685,423.79938,0.0,0.0,0,1.0,1.0,0,0)
DispatchPointer(274529,274632,2,446.60074,442.1253,0.0,0.0,0,1.0,1.0,0,0)
DispatchPointer(274529,274651,2,438.95026,442.52515,0.0,0.0,0,1.0,1.0,0,0)
DispatchPointer(274529,274672,2,429.9352,453.6296,0.0,0.0,0,1.0,1.0,0,0)
DispatchPointer(274529,274684,2,428.86844,460.69815,0.0,0.0,0,1.0,1.0,0,0)
DispatchPointer(274529,274704,2,419.52133,470.21127,0.0,0.0,0,1.0,1.0,0,0)
DispatchPointer(274529,274725,1,413.29382,489.63895,0.0,0.0,0,1.0,1.0,0,0)
DispatchKey(274757,274757,0,22,0,0,-1,0)
DispatchKey(275112,275112,1,22,0,0,-1,0)
DispatchKey(275187,275187,0,3,0,0,-1,0)
DispatchKey(275203,275203,1,3,0,0,-1,0)
DispatchPointer(275265,275266,0,435.0,416.0,0.0,0.0,0,1.0,1.0,0,0)
DispatchPointer(275265,275305,1,435.5442,427.18365,0.0,0.0,0,1.0,1.0,0,0)
DispatchTrackball(-1,275329,2,2.0,1.0,0.0,0.0,0,1.0,1.0,0,0)
DispatchTrackball(-1,275354,2,0.0,3.0,0.0,0.0,0,1.0,1.0,0,0)
DispatchTrackball(-1,275367,2,-1.0,-1.0,0.0,0.0,0,1.0,1.0,0,0)
DispatchTrackball(-1,275375,2,4.0,2.0,0.0,0.0,0,1.0,1.0,0,0)
DispatchTrackball(-1,275383,2,-5.0,-2.0,0.0,0.0,0,1.0,1.0,0,0)
DispatchTrackball(-1,275391,2,4.0,-5.0,0.0,0.0,0,1.0,1.0,0,0)
DispatchTrackball(-1,275407,2,2.0,-5.0,0.0,0.0,0,1.0,1.0,0,0)
DispatchTrackball(-1,275425,2,-4.0,0.0,0.0,0.0,0,1.0,1.0,0,0)
DispatchTrackball(-1,275431,2,3.0,-5.0,0.0,0.0,0,1.0,1.0,0,0)
DispatchTrackball(-1,275437,2,-5.0,3.0,0.0,0.0,0,1.0,1.0,0,0)
DispatchKey(275707,275707,1,82,0,0,-1,0)
LaunchActivity(com.smorgasbork.hotdeath,com.smorgasbork.hotdeath.Main)
DispatchKey(276231,276231,0,39,0,0,-1,0)
DispatchKey(278574,278574,1,39,0,0,-1,0)
DispatchKey(278623,278623,0,5,0,0,-1,0)
DispatchKey(278640,278640,1,5,0,0,-1,0)
DispatchKey(278755,278755,0,20,0,0,-1,0)
DispatchKey(278993,278993,1,20,0,0,-1,0)
DispatchKey(279137,279137,0,21,0,0,-1,0)
DispatchKey(279249,279249,1,21,0,0,-1,0)
DispatchKey(279437,279437,0,22,0,0,-1,0)
DispatchKey(279468,279468,1,22,0,0,-1,0)
DispatchKey(279509,279509,0,23,0,0,-1,0)
DispatchKey(279529,279529,1,23,0,0,-1,0)
DispatchPointer(279568,279568,0,260.0,490.0,0.0,0.0,0,1.0,1.0,0,0)
DispatchPointer(279568,279595,1,259.06897,482.08014,0.0,0.0,0,1.0,1.0,0,0)
DispatchPointer(279629,279629,0,160.0,139.0,0.0,0.0,0,1.0,1.0,0,0)
DispatchPointer(279629,279653,2,166.61093,145.88925,0.0,0.0,0,1.0,1.0,0,0)
DispatchPointer(279629,279678,1,169.1042,150.82428,0.0,0.0,0,1.0,1.0,0,0)
DispatchPointer(279771,279772,0,54.0,251.0,0.0,0.0,0,1.0,1.0,0,0)
DispatchPointer(279771,279788,1,49.6076,254.30789,0.0,0.0,0,1.0,1.0,0,0)
DispatchKey(279827,279827,0,49,0,0,-1,0)
DispatchKey(279874,279874,1,49,0,0,-1,0)
DispatchKey(279986,279986,0,23,0,0,-1,0)
DispatchKey(280042,280042,1,23,0,0,-1,0)
DispatchKey(280064,280064,0,22,0,0,-1,0)
DispatchKey(280554,280554,1,22,0,0,-1,0)
LaunchActivity(com.smorgasbork.hotdeath,com.smorgasbork.hotdeath.Main)
DispatchPointer(280656,280657,0,231.0,166.0,0.0,0.0,0,1.0,1.0,0,0)
DispatchPointer(280656,280697,261,246.11143,176.75378,0.0,0.0,0,1.0,1.0,0,0)
DispatchPointer(280656,280706,2,248.39166,192.61539,0.0,0.0,0,1.0,1.0,0,0)
DispatchPointer(280656,280725,2,261.07788,207.74173,0.0,0.0,0,1.0,1.0,0,0)
DispatchPointer(280656,280743,2,270.1455,210.52362,0.0,0.0,0,1.0,1.0,0,0)
DispatchPointer(280656,280752,262,278.60168,220.30397,0.0,0.0,0,1.0,1.0,0,0)
DispatchPointer(280656,280763,1,285.95267,235.35666,0.0,0.0,0,1.0,1.0,0,0)
DispatchPointer(280800,280811,0,127.0,395.0,0.0,0.0,0,1.0,1.0,0,0)
DispatchPointer(280800,280828,1,131.73946,398.97293,0.0,0.0,0,1.0,1.0,0,0)
LaunchActivity(com.smorgasbork.hotdeath,com.smorgasbork.hotdeath.Main)
DispatchPointer(280904,280905,0,35.0,158.0,0.0,0.0,0,1.0,1.0,0,0)
DispatchPointer(280904,280936,2,33.63508,158.75282,0.0,0.0,0,1.0,1.0,0,0)
DispatchPointer(280904,280971,2,29.668907,161.64859,0.0,0.0,0,1.0,1.0,0,0)
DispatchPointer(280904,281014,2,25.169155,164.60814,0.0,0.0,0,1.0,1.0,0,0)
DispatchPointer(280904,281041,2,18.394266,165.33438,0.0,0.0,0,1.0,1.0,0,0)
DispatchPointer(280904,281061,2,17.997374,168.59927,0.0,0.0,0,1.0,1.0,0,0)
DispatchPointer(280904,281081,2,10.625778,171.98666,0.0,0.0,0,1.0,1.0,0,0)
DispatchPointer(280904,281095,2,4.324195,174.54225,0.0,0.0,0,1.0,1.0,0,0)
DispatchPointer(280904,281116,2,0.0,177.39258,0.0,0.0,0,1.0,1.0,0,0)
DispatchPointer(280904,281128,2,0.0,179.9207,0.0,0.0,0,1.0,1.0,0,0)
DispatchPointer(280904,281155,1,0.0,180.5732,0.0,0.0,0,1.0,1.0,0,0)
DispatchPointer(281185,281186,0,224.0,445.0,0.0,0.0,0,1.0,1.0,0,0)
DispatchPointer(281185,281324,2,228.4856,447.53702,0.0,0.0,0,1.0,1.0,0,0)
DispatchPointer(281185,281438,2,232.51294,451.8388,0.0,0.0,0,1.0,1.0,0,0)
DispatchPointer(281185,281446,2,232.83458,453.7901,0.0,0.0,0,1.0,1.0,0,0)
DispatchPointer(281185,281455,2,235.64496,456.32867,0.0,0.0,0,1.0,1.0,0,0)
DispatchPointer(281185,281508,2,239.0863,460.7213,0.0,0.0,0,1.0,1.0,0,0)
DispatchPointer(281185,281516,2,240.111,463.12756,0.0,0.0,0,1.0,1.0,0,0)
DispatchPointer(281185,281524,2,240.4963,463.68826,0.0,0.0,0,1.0,1.0,0,0)
DispatchPointer(281185,281540,1,243.8207,467.25888,0.0,0.0,0,1.0,1.0,0,0)
DispatchKey(281569,281569,0,19,0,0,-1,0)
DispatchKey(281993,281993,1,19,0,0,-1,0)
DispatchPointer(282103,282103,0,27.0,484.0,0.0,0.0,0,1.0,1.0,0,0)
DispatchPointer(282103,282136,2,35.266014,485.13074,0.0,0.0,0,1.0,1.0,0,0)
DispatchPointer(282103,282148,1,45.3462,485.82788,0.0,0.0,0,1.0,1.0,0,0)
DispatchKey(282202,282202,0,22,0,0,-1,0)
DispatchKey(282229,282229,1,22,0,0,-1,0)
DispatchKey(282267,282267,0,19,0,0,-1,0)
DispatchKey(282379,282379,1,19,0,0,-1,0)
LaunchActivity(com.smorgasbork.hotdeath,com.smorgasbork.hotdeath.Main)
DispatchKey(282464,282464,0,4,0,0,-1,0)
DispatchKey(282508,282508,1,4,0,0,-1,0)
DispatchTrackball(-1,282544,2,-1.0,-2.0,0.0,0.0,0,1.0,1.0,0,0)
DispatchTrackball(-1,282571,2,1.0,-3.0,0.0,0.0,0,1.0,1.0,0,0)
DispatchTrackball(-1,282620,2,-1.0,2.0,0.0,0.0,0,1.0,1.0,0,0)
DispatchTrackball(-1,282651,2,0.0,1.0,0.0,0.0,0,1.0,1.0,0,0)
DispatchTrackball(-1,282670,2,1.0,0.0,0.0,0.0,0,1.0,1.0,0,0)
DispatchTrackball(-1,282758,2,4.0,-3.0,0.0,0.0,0,1.0,1.0,0,0)
DispatchTrackball(-1,282766,2,2.0,-5.0,0.0,0.0,0,1.0,1.0,0,0)
DispatchTrackball(-1,282782,2,-4.0,-3.0,0.0,0.0,0,1.0,1.0,0,0)
DispatchTrackball(-1,282852,2,0.0,-3.0,0.0,0.0,0,1.0,1.0,0,0)
DispatchTrackball(-1,282901,2,-3.0,2.0,0.0,0.0,0,1.0,1.0,0,0)
DispatchKey(282912,282912,0,21,0,0,-1,0)
DispatchKey(283309,283309,1,21,0,0,-1,0)
LaunchActivity(com.smorgasbork.hotdeath,com.smorgasbork.hotdeath.Main)
DispatchKey(283431,283431,0,23,0,0,-1,0)
DispatchKey(283462,283462,1,23,0,0,-1,0)
DispatchTrackball(-1,283490,2,-3.0,-3.0,0.0,0.0,0,1.0,1.0,0,0)
DispatchTrackball(-1,283516,2,-5.0,1.0,0.0,0.0,0,1.0,1.0,0,0)
DispatchTrackball(-1,283546,2,2.0,-3.0,0.0,0.0,0,1.0,1.0,0,0)
DispatchTrackball(-1,283560,2,0.0,-5.0,0.0,0.0,0,1.0,1.0,0,0)
DispatchTrackball(-1,283568,2,-3.0,-4.0,0.0,0.0,0,1.0,1.0,0,0)
DispatchTrackball(-1,283578,2,1.0,-2.0,0.0,0.0,0,1.0,1.0,0,0)
DispatchTrackball(-1,283585,2,1.0,-1.0,0.0,0.0,0,1.0,1.0,0,0)
DispatchTrackball(-1,283626,2,-4.0,0.0,0.0,0.0,0,1.0,1.0,0,0)
DispatchTrackball(-1,288203,2,-4.0,2.0,0.0,0.0,0,1.0,1.0,0,0)
DispatchTrackball(-1,288223,2,2.0,2.0,0.0,0.0,0,1.0,1.0,0,0)
DispatchKey(288232,288232,0,22,0,0,-1,0)
DispatchKey(289165,289165,1,22,0,0,-1,0)
DispatchTrackball(-1,289287,2,-5.0,1.0,0.0,0.0,0,1.0,1.0,0,0)
DispatchTrackball(-1,289307,2,-1.0,-3.0,0.0,0.0,0,1.0,1.0,0,0)
DispatchTrackball(-1,289333,2,-5.0,4.0,0.0,0.0,0,1.0,1.0,0,0)
DispatchTrackball(-1,289342,2,4.0,-3.0,0.0,0.0,0,1.0,1.0,0,0)
DispatchTrackball(-1,289350,2,0.0,-1.0,0.0,0.0,0,1.0,1.0,0,0)
DispatchTrackball(-1,289368,2,0.0,-2.0,0.0,0.0,0,1.0,1.0,0,0)
DispatchTrackball(-1,289378,2,-3.0,0.0,0.0,0.0,0,1.0,1.0,0,0)
DispatchTrackball(-1,289384,2,4.0,-1.0,0.0,0.0,0,1.0,1.0,0,0)
DispatchTrackball(-1,289392,2,-4.0,4.0,0.0,0.0,0,1.0,1.0,0,0)
DispatchTrackball(-1,289406,2,-3.0,0.0,0.0,0.0,0,1.0,1.0,0,0)
DispatchKey(289418,289418,0,82,0,0,-1,0)
DispatchKey(289637,289637,1,82,0,0,-1,0)
DispatchTrackball(-1,289775,2,4.0,4.0,0.0,0.0,0,1.0,1.0,0,0)
DispatchTrackball(-1,289806,2,2.0,0.0,0.0,0.0,0,1.0,1.0,0,0)
DispatchTrackball(-1,289831,2,2.0,3.0,0.0,0.0,0,1.0,1.0,0,0)
DispatchTrackball(-1,289839,2,2.0,-5.0,0.0,0.0,0,1.0,1.0,0,0)
DispatchTrackball(-1,289886,2,1.0,-4.0,0.0,0.0,0,1.0,1.0,0,0)
DispatchTrackball(-1,289939,2,3.0,4.0,0.0,0.0,0,1.0,1.0,0,0)
DispatchTrackball(-1,289955,2,-5.0,1.0,0.0,0.0,0,1.0,1.0,0,0)
DispatchTrackball(-1,290032,2,4.0,-4.0,0.0,0.0,0,1.0,1.0,0,0)
DispatchTrackball(-1,290101,2,2.0,-1.0,0.0,0.0,0,1.0,1.0,0,0)
DispatchTrackball(-1,290108,2,2.0,4.0,0.0,0.0,0,1.0,1.0,0,0)
DispatchTrackball(289775,290144,0,0.0,0.0,0.0,0.0,0,1.0,1.0,0,0)
DispatchTrackball(289775,290158,1,0.0,0.0,0.0,0.0,0,1.0,1.0,0,0)
DispatchPointer(290189,290200,0,63.0,462.0,0.0,0.0,0,1.0,1.0,0,0)
DispatchPointer(290189,290216,1,57.57312,470.00012,0.0,0.0,0,1.0,1.0,0,0)
DispatchKey(290258,290258,0,21,0,0,-1,0)
DispatchKey(290552,290552,1,21,0,0,-1,0)
DispatchTrackball(-1,290671,2,-4.0,-1.0,0.0,0.0,0,1.0,1.0,0,0)
DispatchTrackball(-1,290709,2,-2.0,-4.0,0.0,0.0,0,1.0,1.0,0,0)
DispatchTrackball(-1,290760,2,-1.0,-5.0,0.0,0.0,0,1.0,1.0,0,0)
DispatchTrackball(-1,290778,2,-5.0,3.0,0.0,0.0,0,1.0,1.0,0,0)
DispatchTrackball(-1,290786,2,4.0,3.0,0.0,0.0,0,1.0,1.0,0,0)
DispatchTrackball(-1,290804,2,-2.0,-3.0,0.0,0.0,0,1.0,1.0,0,0)
DispatchTrackball(-1,290818,2,-3.0,1.0,0.0,0.0,0,1.0,1.0,0,0)
DispatchTrackball(-1,290827,2,-3.0,4.0,0.0,0.0,0,1.0,1.0,0,0)
DispatchTrackball(-1,290843,2,0.0,1.0,0.0,0.0,0,1.0,1.0,0,0)
DispatchTrackball(-1,290864,2,1.0,0.0,0.0,0.0,0,1.0,1.0,0,0)
DispatchTrackball(-1,290884,2,-1.0,2.0,0.0,0.0,0,1.0,1.0,0,0)
DispatchTrackball(-1,290898,2,-5.0,-1.0,0.0,0.0,0,1.0,1.0,0,0)
DispatchTrackball(-1,290949,2,3.0,-2.0,0.0,0.0,0,1.0,1.0,0,0)
DispatchTrackball(-1,290967,2,3.0,-3.0,0.0,0.0,0,1.0,1.0,0,0)
DispatchTrackball(-1,290974,2,0.0,3.0,0.0,0.0,0,1.0,1.0,0,0)
DispatchTrackball(-1,290979,2,3.0,1.0,0.0,0.0,0,1.0,1.0,0,0)
DispatchTrackball(-1,290986,2,3.0,-1.0,0.0,0.0,0,1.0,1.0,0,0)
DispatchTrackball(-1,290991,2,1.0,-3.0,0.0,0.0,0,1.0,1.0,0,0)
DispatchTrackball(-1,290997,2,-5.0,-1.0,0.0,0.0,0,1.0,1.0,0,0)
DispatchTrackball(-1,291013,2,-3.0,1.0,0.0,0.0,0,1.0,1.0,0,0)
DispatchKey(291020,291020,0,210,0,0,-1,0)
DispatchKey(291057,291057,1,210,0,0,-1,0)








LaunchActivity(com.smorgasbork.hotdeath,com.smorgasbork.hotdeath.Main)
























































































































































































DispatchPointer(305915,305916,0,236.0,99.0,0.0,0.0,0,1.0,1.0,0,0)
DispatchPointer(305915,305955,1,234.97827,102.72105,0.0,0.0,0,1.0,1.0,0,0)
DispatchKey(306005,306005,0,82,0,0,-1,0)
DispatchKey(306074,306074,1,82,0,0,-1,0)
DispatchTrackball(-1,306301,2,4.0,2.0,0.0,0.0,0,1.0,1.0,0,0)
