type= raw events
count= -1
speed= 1.0
start data >>
DispatchKey(345928,345928,0,23,0,0,-1,0)
DispatchKey(348378,348378,1,23,0,0,-1,0)





























































































































DispatchKey(356056,356056,1,23,0,0,-1,0)
DispatchTrackball(-1,356085,2,-3.0,0.0,0.0,0.0,0,1.0,1.0,0,0)
DispatchTrackball(-1,356108,2,-5.0,-5.0,0.0,0.0,0,1.0,1.0,0,0)
DispatchTrackball(-1,356117,2,-5.0,3.0,0.0,0.0,0,1.0,1.0,0,0)
DispatchTrackball(-1,356123,2,-4.0,4.0,0.0,0.0,0,1.0,1.0,0,0)
DispatchTrackball(-1,356128,2,-4.0,4.0,0.0,0.0,0,1.0,1.0,0,0)
DispatchTrackball(-1,356144,2,-5.0,4.0,0.0,0.0,0,1.0,1.0,0,0)
DispatchTrackball(-1,356149,2,1.0,-2.0,0.0,0.0,0,1.0,1.0,0,0)
DispatchTrackball(-1,356167,2,0.0,4.0,0.0,0.0,0,1.0,1.0,0,0)
DispatchTrackball(-1,356181,2,-5.0,3.0,0.0,0.0,0,1.0,1.0,0,0)
DispatchTrackball(-1,356195,2,3.0,-2.0,0.0,0.0,0,1.0,1.0,0,0)
DispatchKey(356212,356212,0,52,0,0,-1,0)
DispatchKey(356231,356231,1,52,0,0,-1,0)
DispatchTrackball(-1,356369,2,1.0,-1.0,0.0,0.0,0,1.0,1.0,0,0)
DispatchTrackball(-1,356397,2,-4.0,3.0,0.0,0.0,0,1.0,1.0,0,0)
DispatchTrackball(-1,356447,2,-1.0,-3.0,0.0,0.0,0,1.0,1.0,0,0)
DispatchTrackball(-1,356453,2,1.0,4.0,0.0,0.0,0,1.0,1.0,0,0)
DispatchTrackball(-1,356471,2,2.0,-1.0,0.0,0.0,0,1.0,1.0,0,0)
DispatchTrackball(-1,356479,2,-2.0,-5.0,0.0,0.0,0,1.0,1.0,0,0)
DispatchTrackball(-1,356496,2,4.0,1.0,0.0,0.0,0,1.0,1.0,0,0)
DispatchTrackball(-1,356515,2,-1.0,2.0,0.0,0.0,0,1.0,1.0,0,0)
DispatchTrackball(-1,356529,2,1.0,3.0,0.0,0.0,0,1.0,1.0,0,0)
DispatchTrackball(-1,356564,2,2.0,-3.0,0.0,0.0,0,1.0,1.0,0,0)
DispatchTrackball(-1,356576,2,-4.0,-2.0,0.0,0.0,0,1.0,1.0,0,0)
DispatchTrackball(-1,356588,2,2.0,-3.0,0.0,0.0,0,1.0,1.0,0,0)
DispatchTrackball(-1,356627,2,-2.0,2.0,0.0,0.0,0,1.0,1.0,0,0)
DispatchTrackball(-1,356635,2,-3.0,-3.0,0.0,0.0,0,1.0,1.0,0,0)
DispatchTrackball(-1,356644,2,3.0,1.0,0.0,0.0,0,1.0,1.0,0,0)
DispatchTrackball(-1,356649,2,-3.0,4.0,0.0,0.0,0,1.0,1.0,0,0)
DispatchTrackball(-1,356657,2,-2.0,-4.0,0.0,0.0,0,1.0,1.0,0,0)
DispatchTrackball(-1,356673,2,-1.0,3.0,0.0,0.0,0,1.0,1.0,0,0)
DispatchTrackball(-1,356679,2,-1.0,3.0,0.0,0.0,0,1.0,1.0,0,0)
DispatchTrackball(-1,356747,2,3.0,3.0,0.0,0.0,0,1.0,1.0,0,0)
DispatchKey(356763,356763,0,155,0,0,-1,0)
DispatchKey(356821,356821,1,155,0,0,-1,0)
DispatchPointer(356854,356855,0,154.0,661.0,0.0,0.0,0,1.0,1.0,0,0)
DispatchPointer(356854,356876,1,153.45096,662.9778,0.0,0.0,0,1.0,1.0,0,0)
DispatchTrackball(-1,356912,2,4.0,-3.0,0.0,0.0,0,1.0,1.0,0,0)
DispatchTrackball(-1,356973,2,2.0,4.0,0.0,0.0,0,1.0,1.0,0,0)
DispatchTrackball(-1,356980,2,0.0,4.0,0.0,0.0,0,1.0,1.0,0,0)
DispatchTrackball(-1,357005,2,4.0,-3.0,0.0,0.0,0,1.0,1.0,0,0)
DispatchTrackball(-1,357022,2,-5.0,1.0,0.0,0.0,0,1.0,1.0,0,0)
DispatchTrackball(-1,357030,2,4.0,-2.0,0.0,0.0,0,1.0,1.0,0,0)
DispatchTrackball(-1,357037,2,1.0,1.0,0.0,0.0,0,1.0,1.0,0,0)
DispatchTrackball(-1,357045,2,0.0,1.0,0.0,0.0,0,1.0,1.0,0,0)
DispatchTrackball(-1,357055,2,2.0,0.0,0.0,0.0,0,1.0,1.0,0,0)
DispatchTrackball(-1,357075,2,-4.0,-5.0,0.0,0.0,0,1.0,1.0,0,0)
DispatchPointer(357095,357097,0,151.0,255.0,0.0,0.0,0,1.0,1.0,0,0)
DispatchPointer(357095,357108,261,143.34682,246.92056,0.0,0.0,0,1.0,1.0,0,0)
DispatchPointer(357095,357132,2,132.94466,234.30164,0.0,0.0,0,1.0,1.0,0,0)
DispatchPointer(357095,357152,2,130.0629,228.0679,0.0,0.0,0,1.0,1.0,0,0)
DispatchPointer(357095,357160,2,126.99465,217.4176,0.0,0.0,0,1.0,1.0,0,0)
DispatchPointer(357095,357182,2,126.75859,211.09276,0.0,0.0,0,1.0,1.0,0,0)
DispatchPointer(357095,357200,262,123.95857,198.08896,0.0,0.0,0,1.0,1.0,0,0)
DispatchPointer(357095,357208,1,113.85185,192.47952,0.0,0.0,0,1.0,1.0,0,0)
DispatchPointer(357232,357232,0,446.0,314.0,0.0,0.0,0,1.0,1.0,0,0)
DispatchPointer(357232,357247,1,454.59702,323.59985,0.0,0.0,0,1.0,1.0,0,0)
DispatchKey(357275,357275,0,19,0,0,-1,0)
DispatchKey(357299,357299,1,19,0,0,-1,0)
DispatchKey(357334,357334,0,42,0,0,-1,0)
DispatchKey(357344,357344,1,42,0,0,-1,0)
DispatchKey(357369,357369,0,23,0,0,-1,0)
DispatchKey(357384,357384,1,23,0,0,-1,0)
DispatchKey(357399,357399,0,198,0,0,-1,0)
DispatchKey(357417,357417,1,198,0,0,-1,0)
DispatchPointer(357432,357433,0,413.0,52.0,0.0,0.0,0,1.0,1.0,0,0)
DispatchPointer(357432,357446,1,421.8602,61.44081,0.0,0.0,0,1.0,1.0,0,0)
DispatchPointer(357486,357487,0,321.0,688.0,0.0,0.0,0,1.0,1.0,0,0)
DispatchPointer(357486,357515,1,321.45703,669.28156,0.0,0.0,0,1.0,1.0,0,0)
DispatchPointer(357540,357553,0,315.0,380.0,0.0,0.0,0,1.0,1.0,0,0)
DispatchPointer(357540,357619,2,335.66547,371.73322,0.0,0.0,0,1.0,1.0,0,0)
DispatchPointer(357540,357647,2,352.6666,368.95032,0.0,0.0,0,1.0,1.0,0,0)
DispatchPointer(357540,357657,2,364.23853,359.2866,0.0,0.0,0,1.0,1.0,0,0)
DispatchPointer(357540,357689,2,370.00925,351.18524,0.0,0.0,0,1.0,1.0,0,0)
DispatchPointer(357540,357745,2,387.7918,343.08002,0.0,0.0,0,1.0,1.0,0,0)
DispatchPointer(357540,357763,2,404.28333,342.19922,0.0,0.0,0,1.0,1.0,0,0)
DispatchPointer(357540,357779,2,420.90234,331.05063,0.0,0.0,0,1.0,1.0,0,0)
DispatchPointer(357540,357801,2,437.53897,328.09955,0.0,0.0,0,1.0,1.0,0,0)
DispatchPointer(357540,357812,2,442.7551,319.3951,0.0,0.0,0,1.0,1.0,0,0)
DispatchPointer(357540,357829,1,447.98557,307.35178,0.0,0.0,0,1.0,1.0,0,0)
DispatchPointer(357857,357858,0,218.0,63.0,0.0,0.0,0,1.0,1.0,0,0)
DispatchPointer(357857,357878,2,213.95816,62.57248,0.0,0.0,0,1.0,1.0,0,0)
DispatchPointer(357857,357891,2,210.4554,61.595863,0.0,0.0,0,1.0,1.0,0,0)
DispatchPointer(357857,357918,2,208.42319,61.52904,0.0,0.0,0,1.0,1.0,0,0)
DispatchPointer(357857,357924,2,207.50854,60.517094,0.0,0.0,0,1.0,1.0,0,0)
DispatchPointer(357857,357934,2,192.07407,59.069542,0.0,0.0,0,1.0,1.0,0,0)
DispatchPointer(357857,357940,2,186.8434,58.780025,0.0,0.0,0,1.0,1.0,0,0)
DispatchPointer(357857,357957,1,185.05757,58.401333,0.0,0.0,0,1.0,1.0,0,0)
DispatchPointer(358003,358004,0,212.0,601.0,0.0,0.0,0,1.0,1.0,0,0)
DispatchPointer(358003,358047,2,207.21037,588.0676,0.0,0.0,0,1.0,1.0,0,0)
DispatchPointer(358003,358058,2,193.89375,578.1326,0.0,0.0,0,1.0,1.0,0,0)
DispatchPointer(358003,358093,2,186.70053,577.7385,0.0,0.0,0,1.0,1.0,0,0)
DispatchPointer(358003,358112,2,182.11908,577.1158,0.0,0.0,0,1.0,1.0,0,0)
DispatchPointer(358003,358137,2,169.43083,572.5869,0.0,0.0,0,1.0,1.0,0,0)
DispatchPointer(358003,358159,2,168.72998,558.3216,0.0,0.0,0,1.0,1.0,0,0)
DispatchPointer(358003,358181,1,158.10382,548.71295,0.0,0.0,0,1.0,1.0,0,0)
DispatchPointer(358238,358239,0,132.0,706.0,0.0,0.0,0,1.0,1.0,0,0)
DispatchPointer(358238,358267,2,127.29785,713.5231,0.0,0.0,0,1.0,1.0,0,0)
DispatchPointer(358238,358288,2,124.136154,715.548,0.0,0.0,0,1.0,1.0,0,0)
DispatchPointer(358238,358321,2,123.14674,716.4284,0.0,0.0,0,1.0,1.0,0,0)
DispatchPointer(358238,358362,2,120.83,724.8299,0.0,0.0,0,1.0,1.0,0,0)
DispatchPointer(358238,358385,2,116.9666,727.4917,0.0,0.0,0,1.0,1.0,0,0)
DispatchPointer(358238,358398,2,112.294624,729.4332,0.0,0.0,0,1.0,1.0,0,0)
DispatchPointer(358238,358432,2,107.932434,729.5158,0.0,0.0,0,1.0,1.0,0,0)
DispatchPointer(358238,358462,2,106.257614,738.16174,0.0,0.0,0,1.0,1.0,0,0)
DispatchPointer(358238,358483,2,101.646835,740.6834,0.0,0.0,0,1.0,1.0,0,0)
DispatchPointer(358238,358507,1,98.32688,741.8517,0.0,0.0,0,1.0,1.0,0,0)
DispatchPointer(358552,358553,0,457.0,80.0,0.0,0.0,0,1.0,1.0,0,0)
DispatchPointer(358552,358576,2,451.60962,80.964676,0.0,0.0,0,1.0,1.0,0,0)
DispatchPointer(358552,358586,2,440.81912,82.82066,0.0,0.0,0,1.0,1.0,0,0)
DispatchPointer(358552,358607,1,430.47498,86.969734,0.0,0.0,0,1.0,1.0,0,0)
DispatchKey(358651,358651,0,22,0,0,-1,0)
DispatchKey(358705,358705,1,22,0,0,-1,0)
DispatchKey(358719,358719,0,22,0,0,-1,0)
DispatchKey(358745,358745,1,22,0,0,-1,0)
DispatchKey(358758,358758,0,82,0,0,-1,0)
DispatchKey(358773,358773,1,82,0,0,-1,0)
DispatchKey(358790,358790,0,23,0,0,-1,0)
DispatchKey(358844,358844,1,23,0,0,-1,0)
DispatchKey(358915,358915,0,20,0,0,-1,0)
DispatchKey(358947,358947,1,20,0,0,-1,0)
DispatchPointer(358968,358968,0,328.0,338.0,0.0,0.0,0,1.0,1.0,0,0)
DispatchPointer(358968,358992,1,318.5444,338.33344,0.0,0.0,0,1.0,1.0,0,0)
DispatchKey(359021,359021,0,23,0,0,-1,0)
DispatchKey(359044,359044,1,23,0,0,-1,0)
DispatchKey(359056,359056,0,21,0,0,-1,0)
DispatchKey(359081,359081,1,21,0,0,-1,0)
DispatchTrackball(-1,359135,2,2.0,3.0,0.0,0.0,0,1.0,1.0,0,0)
DispatchTrackball(-1,359166,2,-5.0,4.0,0.0,0.0,0,1.0,1.0,0,0)
DispatchTrackball(-1,359183,2,0.0,-3.0,0.0,0.0,0,1.0,1.0,0,0)
