type= raw events
count= -1
speed= 1.0
start data >>
DispatchKey(262752,262752,0,82,0,0,-1,0)
DispatchKey(264954,264954,1,82,0,0,-1,0)




DispatchPointer(265278,265278,0,24.0,172.0,0.0,0.0,0,1.0,1.0,0,0)
DispatchPointer(265278,265306,2,26.655352,171.20865,0.0,0.0,0,1.0,1.0,0,0)
DispatchPointer(265278,265332,2,29.314564,169.55588,0.0,0.0,0,1.0,1.0,0,0)
DispatchPointer(265278,265351,2,30.180649,167.78014,0.0,0.0,0,1.0,1.0,0,0)
DispatchPointer(265278,265371,1,36.704243,165.92332,0.0,0.0,0,1.0,1.0,0,0)
GUIGen(5)
DispatchKey(296996,296996,0,191,0,0,-1,0)
DispatchKey(297117,297117,1,191,0,0,-1,0)
DispatchKey(297153,297153,0,20,0,0,-1,0)
DispatchKey(297473,297473,1,20,0,0,-1,0)
DispatchKey(297502,297502,0,87,0,0,-1,0)
DispatchKey(297936,297936,1,87,0,0,-1,0)
DispatchTrackball(-1,297999,2,1.0,4.0,0.0,0.0,0,1.0,1.0,0,0)





































































































DispatchKey(302805,302805,0,22,0,0,-1,0)
DispatchKey(302839,302839,1,22,0,0,-1,0)
DispatchTrackball(-1,302898,2,4.0,2.0,0.0,0.0,0,1.0,1.0,0,0)
DispatchTrackball(-1,302960,2,-1.0,-4.0,0.0,0.0,0,1.0,1.0,0,0)
DispatchTrackball(-1,302995,2,2.0,-2.0,0.0,0.0,0,1.0,1.0,0,0)
DispatchTrackball(-1,303007,2,-2.0,-1.0,0.0,0.0,0,1.0,1.0,0,0)
DispatchTrackball(-1,303015,2,3.0,2.0,0.0,0.0,0,1.0,1.0,0,0)
DispatchTrackball(-1,303049,2,-3.0,0.0,0.0,0.0,0,1.0,1.0,0,0)
DispatchTrackball(-1,303120,2,3.0,-3.0,0.0,0.0,0,1.0,1.0,0,0)
DispatchTrackball(-1,303136,2,1.0,3.0,0.0,0.0,0,1.0,1.0,0,0)
DispatchTrackball(-1,303155,2,3.0,-4.0,0.0,0.0,0,1.0,1.0,0,0)
DispatchTrackball(-1,303167,2,0.0,-3.0,0.0,0.0,0,1.0,1.0,0,0)
DispatchTrackball(302898,303188,0,0.0,0.0,0.0,0.0,0,1.0,1.0,0,0)
DispatchTrackball(302898,303261,1,0.0,0.0,0.0,0.0,0,1.0,1.0,0,0)
DispatchTrackball(-1,303398,2,3.0,-2.0,0.0,0.0,0,1.0,1.0,0,0)
DispatchTrackball(-1,303437,2,1.0,-5.0,0.0,0.0,0,1.0,1.0,0,0)
DispatchTrackball(-1,303464,2,0.0,-4.0,0.0,0.0,0,1.0,1.0,0,0)
DispatchTrackball(-1,303476,2,1.0,0.0,0.0,0.0,0,1.0,1.0,0,0)
DispatchTrackball(-1,303485,2,-4.0,-4.0,0.0,0.0,0,1.0,1.0,0,0)
DispatchTrackball(-1,303503,2,2.0,-3.0,0.0,0.0,0,1.0,1.0,0,0)
DispatchTrackball(-1,303509,2,3.0,-5.0,0.0,0.0,0,1.0,1.0,0,0)
