type= raw events
count= -1
speed= 1.0
start data >>
LaunchActivity(org.scoutant.blokish,org.scoutant.blokish.SplashScreen)
DispatchKey(1101549,1101549,0,21,0,0,-1,0)
DispatchKey(1103596,1103596,1,21,0,0,-1,0)
DispatchKey(1103784,1103784,0,19,0,0,-1,0)
DispatchKey(1103871,1103871,1,19,0,0,-1,0)
DispatchTrackball(-1,1103899,2,3.0,0.0,0.0,0.0,0,1.0,1.0,0,0)
DispatchTrackball(-1,1103962,2,-4.0,3.0,0.0,0.0,0,1.0,1.0,0,0)
DispatchTrackball(-1,1103983,2,-2.0,4.0,0.0,0.0,0,1.0,1.0,0,0)
DispatchTrackball(-1,1104022,2,-3.0,4.0,0.0,0.0,0,1.0,1.0,0,0)
DispatchTrackball(-1,1104051,2,-3.0,-1.0,0.0,0.0,0,1.0,1.0,0,0)
DispatchTrackball(-1,1104072,2,-3.0,2.0,0.0,0.0,0,1.0,1.0,0,0)
DispatchTrackball(-1,1104085,2,-5.0,4.0,0.0,0.0,0,1.0,1.0,0,0)
DispatchTrackball(-1,1104112,2,0.0,4.0,0.0,0.0,0,1.0,1.0,0,0)
DispatchTrackball(-1,1104123,2,3.0,1.0,0.0,0.0,0,1.0,1.0,0,0)
DispatchTrackball(-1,1104136,2,-5.0,1.0,0.0,0.0,0,1.0,1.0,0,0)
DispatchTrackball(-1,1104169,2,1.0,-1.0,0.0,0.0,0,1.0,1.0,0,0)
DispatchTrackball(-1,1104222,2,-5.0,-4.0,0.0,0.0,0,1.0,1.0,0,0)
DispatchTrackball(-1,1104252,2,4.0,-1.0,0.0,0.0,0,1.0,1.0,0,0)
DispatchTrackball(-1,1104271,2,-5.0,4.0,0.0,0.0,0,1.0,1.0,0,0)
DispatchTrackball(-1,1104356,2,-3.0,3.0,0.0,0.0,0,1.0,1.0,0,0)
DispatchTrackball(-1,1104389,2,1.0,4.0,0.0,0.0,0,1.0,1.0,0,0)
DispatchTrackball(-1,1104399,2,-5.0,-3.0,0.0,0.0,0,1.0,1.0,0,0)
DispatchTrackball(-1,1104499,2,-5.0,2.0,0.0,0.0,0,1.0,1.0,0,0)
DispatchTrackball(-1,1104605,2,2.0,0.0,0.0,0.0,0,1.0,1.0,0,0)
DispatchTrackball(-1,1104612,2,-2.0,-5.0,0.0,0.0,0,1.0,1.0,0,0)
DispatchKey(1104619,1104619,0,117,0,0,-1,0)
DispatchKey(1104790,1104790,1,117,0,0,-1,0)
DispatchKey(1104931,1104931,0,21,0,0,-1,0)
DispatchKey(1104967,1104967,1,21,0,0,-1,0)
DispatchKey(1105006,1105006,0,132,0,0,-1,0)
DispatchKey(1105105,1105105,1,132,0,0,-1,0)
DispatchTrackball(-1,1105191,2,-1.0,0.0,0.0,0.0,0,1.0,1.0,0,0)
DispatchTrackball(-1,1105207,2,-5.0,4.0,0.0,0.0,0,1.0,1.0,0,0)
DispatchTrackball(-1,1105302,2,-3.0,0.0,0.0,0.0,0,1.0,1.0,0,0)
DispatchTrackball(-1,1105362,2,-2.0,-1.0,0.0,0.0,0,1.0,1.0,0,0)
DispatchTrackball(-1,1105381,2,1.0,1.0,0.0,0.0,0,1.0,1.0,0,0)
DispatchTrackball(-1,1105406,2,0.0,2.0,0.0,0.0,0,1.0,1.0,0,0)
DispatchTrackball(-1,1105423,2,-3.0,4.0,0.0,0.0,0,1.0,1.0,0,0)
DispatchTrackball(-1,1105430,2,-3.0,-4.0,0.0,0.0,0,1.0,1.0,0,0)
DispatchTrackball(-1,1105440,2,-4.0,-2.0,0.0,0.0,0,1.0,1.0,0,0)
DispatchTrackball(-1,1105510,2,4.0,-4.0,0.0,0.0,0,1.0,1.0,0,0)
DispatchKey(1105529,1105529,0,21,0,0,-1,0)
DispatchKey(1105698,1105698,1,21,0,0,-1,0)
DispatchKey(1105867,1105867,0,24,0,0,-1,0)
DispatchKey(1105928,1105928,1,24,0,0,-1,0)
DispatchTrackball(-1,1105998,2,2.0,4.0,0.0,0.0,0,1.0,1.0,0,0)
DispatchTrackball(-1,1106027,2,-1.0,-1.0,0.0,0.0,0,1.0,1.0,0,0)
DispatchTrackball(-1,1106092,2,0.0,-1.0,0.0,0.0,0,1.0,1.0,0,0)
DispatchTrackball(-1,1106116,2,-4.0,-3.0,0.0,0.0,0,1.0,1.0,0,0)
DispatchTrackball(-1,1106133,2,4.0,4.0,0.0,0.0,0,1.0,1.0,0,0)
DispatchTrackball(-1,1106141,2,-3.0,-1.0,0.0,0.0,0,1.0,1.0,0,0)
DispatchTrackball(-1,1106149,2,-4.0,2.0,0.0,0.0,0,1.0,1.0,0,0)
DispatchTrackball(-1,1106167,2,-2.0,-1.0,0.0,0.0,0,1.0,1.0,0,0)
DispatchTrackball(-1,1106205,2,-1.0,2.0,0.0,0.0,0,1.0,1.0,0,0)
DispatchTrackball(-1,1106212,2,-1.0,-3.0,0.0,0.0,0,1.0,1.0,0,0)
DispatchKey(1106221,1106221,0,19,0,0,-1,0)
DispatchKey(1106514,1106514,1,19,0,0,-1,0)
DispatchPointer(1106641,1106642,0,23.0,298.0,0.0,0.0,0,1.0,1.0,0,0)
DispatchPointer(1106641,1106698,1,22.429647,290.3297,0.0,0.0,0,1.0,1.0,0,0)
DispatchTrackball(-1,1106731,2,-4.0,-3.0,0.0,0.0,0,1.0,1.0,0,0)
DispatchTrackball(-1,1106897,2,4.0,0.0,0.0,0.0,0,1.0,1.0,0,0)
DispatchTrackball(-1,1106980,2,-5.0,4.0,0.0,0.0,0,1.0,1.0,0,0)
DispatchTrackball(-1,1107011,2,-2.0,-1.0,0.0,0.0,0,1.0,1.0,0,0)
DispatchTrackball(-1,1107035,2,-1.0,-2.0,0.0,0.0,0,1.0,1.0,0,0)
DispatchTrackball(-1,1107053,2,2.0,-5.0,0.0,0.0,0,1.0,1.0,0,0)
DispatchTrackball(-1,1107061,2,1.0,-4.0,0.0,0.0,0,1.0,1.0,0,0)
DispatchTrackball(-1,1107068,2,-4.0,-2.0,0.0,0.0,0,1.0,1.0,0,0)
DispatchTrackball(-1,1107153,2,1.0,-3.0,0.0,0.0,0,1.0,1.0,0,0)
DispatchTrackball(-1,1107161,2,-3.0,-3.0,0.0,0.0,0,1.0,1.0,0,0)
DispatchKey(1107168,1107168,0,19,0,0,-1,0)
DispatchKey(1107385,1107385,1,19,0,0,-1,0)
DispatchPointer(1107403,1107403,0,380.0,371.0,0.0,0.0,0,1.0,1.0,0,0)
DispatchPointer(1107403,1107428,1,371.72324,372.66425,0.0,0.0,0,1.0,1.0,0,0)
DispatchKey(1107464,1107464,0,4,0,0,-1,0)
DispatchKey(1107557,1107557,1,4,0,0,-1,0)
DispatchKey(1107588,1107588,0,23,0,0,-1,0)
DispatchKey(1107626,1107626,1,23,0,0,-1,0)
DispatchKey(1107721,1107721,0,76,0,0,-1,0)
DispatchKey(1107783,1107783,1,76,0,0,-1,0)
DispatchPointer(1110019,1110020,0,96.0,766.0,0.0,0.0,0,1.0,1.0,0,0)
DispatchPointer(1110019,1110056,1,100.924675,769.1491,0.0,0.0,0,1.0,1.0,0,0)
DispatchKey(1110087,1110087,0,19,0,0,-1,0)
DispatchKey(1110129,1110129,1,19,0,0,-1,0)
DispatchKey(1110159,1110159,0,155,0,0,-1,0)
DispatchKey(1110250,1110250,1,155,0,0,-1,0)
DispatchTrackball(-1,1110273,2,-1.0,-2.0,0.0,0.0,0,1.0,1.0,0,0)
DispatchTrackball(-1,1110286,2,-3.0,1.0,0.0,0.0,0,1.0,1.0,0,0)
DispatchTrackball(-1,1110303,2,4.0,-5.0,0.0,0.0,0,1.0,1.0,0,0)
DispatchTrackball(-1,1110324,2,-4.0,2.0,0.0,0.0,0,1.0,1.0,0,0)
DispatchTrackball(-1,1110338,2,-2.0,-1.0,0.0,0.0,0,1.0,1.0,0,0)
DispatchTrackball(-1,1110358,2,4.0,-1.0,0.0,0.0,0,1.0,1.0,0,0)
DispatchTrackball(-1,1110366,2,2.0,-2.0,0.0,0.0,0,1.0,1.0,0,0)
DispatchTrackball(-1,1110374,2,3.0,2.0,0.0,0.0,0,1.0,1.0,0,0)
DispatchTrackball(-1,1110382,2,4.0,-3.0,0.0,0.0,0,1.0,1.0,0,0)
DispatchTrackball(-1,1110389,2,2.0,-2.0,0.0,0.0,0,1.0,1.0,0,0)
DispatchPointer(1110412,1110412,0,406.0,796.0,0.0,0.0,0,1.0,1.0,0,0)
DispatchPointer(1110412,1110436,1,412.18033,797.8689,0.0,0.0,0,1.0,1.0,0,0)
DispatchKey(1110481,1110481,0,20,0,0,-1,0)
DispatchKey(1110530,1110530,1,20,0,0,-1,0)
DispatchKey(1110639,1110639,0,20,0,0,-1,0)
DispatchKey(1110688,1110688,1,20,0,0,-1,0)
DispatchPointer(1110749,1110749,0,237.0,217.0,0.0,0.0,0,1.0,1.0,0,0)
DispatchPointer(1110749,1110788,2,246.24849,215.38066,0.0,0.0,0,1.0,1.0,0,0)
DispatchPointer(1110749,1110839,1,252.46951,213.34866,0.0,0.0,0,1.0,1.0,0,0)
DispatchPointer(1110867,1110880,0,336.0,119.0,0.0,0.0,0,1.0,1.0,0,0)
DispatchPointer(1110867,1110923,261,322.0635,123.564545,0.0,0.0,0,1.0,1.0,0,0)
DispatchPointer(1110867,1110947,262,317.6406,138.22557,0.0,0.0,0,1.0,1.0,0,0)
DispatchPointer(1110867,1110959,1,301.00015,143.98581,0.0,0.0,0,1.0,1.0,0,0)
DispatchPointer(1111011,1111012,0,349.0,146.0,0.0,0.0,0,1.0,1.0,0,0)
DispatchPointer(1111011,1111035,1,338.81546,126.116356,0.0,0.0,0,1.0,1.0,0,0)
DispatchKey(1111064,1111064,0,21,0,0,-1,0)
DispatchKey(1111096,1111096,1,21,0,0,-1,0)
DispatchTrackball(-1,1111153,2,-3.0,-2.0,0.0,0.0,0,1.0,1.0,0,0)
DispatchTrackball(-1,1111166,2,4.0,-1.0,0.0,0.0,0,1.0,1.0,0,0)
DispatchTrackball(-1,1111179,2,-5.0,-3.0,0.0,0.0,0,1.0,1.0,0,0)
DispatchTrackball(-1,1111212,2,-5.0,-2.0,0.0,0.0,0,1.0,1.0,0,0)
DispatchTrackball(-1,1111324,2,4.0,-2.0,0.0,0.0,0,1.0,1.0,0,0)
DispatchTrackball(-1,1111341,2,-2.0,4.0,0.0,0.0,0,1.0,1.0,0,0)
DispatchTrackball(-1,1111358,2,1.0,-4.0,0.0,0.0,0,1.0,1.0,0,0)
DispatchTrackball(-1,1111369,2,4.0,0.0,0.0,0.0,0,1.0,1.0,0,0)
DispatchTrackball(-1,1111411,2,1.0,-4.0,0.0,0.0,0,1.0,1.0,0,0)
DispatchTrackball(-1,1111420,2,-4.0,0.0,0.0,0.0,0,1.0,1.0,0,0)
DispatchPointer(1111441,1111441,0,67.0,49.0,0.0,0.0,0,1.0,1.0,0,0)
DispatchPointer(1111441,1111477,1,65.82636,47.91241,0.0,0.0,0,1.0,1.0,0,0)
DispatchPointer(1111513,1111516,0,311.0,82.0,0.0,0.0,0,1.0,1.0,0,0)
DispatchPointer(1111513,1111538,2,313.1929,77.35932,0.0,0.0,0,1.0,1.0,0,0)
DispatchPointer(1111513,1111562,2,314.84116,75.42969,0.0,0.0,0,1.0,1.0,0,0)
DispatchPointer(1111513,1111582,2,318.66293,73.51252,0.0,0.0,0,1.0,1.0,0,0)
DispatchPointer(1111513,1111601,2,328.69913,68.11611,0.0,0.0,0,1.0,1.0,0,0)
DispatchPointer(1111513,1111623,2,342.06332,66.543724,0.0,0.0,0,1.0,1.0,0,0)
DispatchPointer(1111513,1111632,2,352.7077,65.14125,0.0,0.0,0,1.0,1.0,0,0)
DispatchPointer(1111513,1111642,2,367.76144,62.948677,0.0,0.0,0,1.0,1.0,0,0)
DispatchPointer(1111513,1111652,2,371.53464,62.5964,0.0,0.0,0,1.0,1.0,0,0)
DispatchPointer(1111513,1111665,1,374.2228,62.077435,0.0,0.0,0,1.0,1.0,0,0)
DispatchTrackball(-1,1111695,2,1.0,1.0,0.0,0.0,0,1.0,1.0,0,0)
DispatchTrackball(-1,1111720,2,3.0,0.0,0.0,0.0,0,1.0,1.0,0,0)
DispatchTrackball(-1,1111752,2,-3.0,-3.0,0.0,0.0,0,1.0,1.0,0,0)
DispatchTrackball(-1,1111784,2,-5.0,-1.0,0.0,0.0,0,1.0,1.0,0,0)
DispatchTrackball(-1,1111802,2,-4.0,1.0,0.0,0.0,0,1.0,1.0,0,0)
DispatchTrackball(-1,1111865,2,-2.0,2.0,0.0,0.0,0,1.0,1.0,0,0)
DispatchTrackball(-1,1111883,2,-2.0,1.0,0.0,0.0,0,1.0,1.0,0,0)
DispatchTrackball(-1,1111905,2,-5.0,-1.0,0.0,0.0,0,1.0,1.0,0,0)
DispatchTrackball(-1,1111931,2,0.0,-2.0,0.0,0.0,0,1.0,1.0,0,0)
DispatchTrackball(-1,1111943,2,2.0,-2.0,0.0,0.0,0,1.0,1.0,0,0)
DispatchKey(1111958,1111958,0,19,0,0,-1,0)
DispatchKey(1111987,1111987,1,19,0,0,-1,0)
DispatchKey(1112008,1112008,0,22,0,0,-1,0)
DispatchKey(1112028,1112028,1,22,0,0,-1,0)
DispatchTrackball(-1,1112049,2,-1.0,0.0,0.0,0.0,0,1.0,1.0,0,0)
DispatchTrackball(-1,1112080,2,0.0,-5.0,0.0,0.0,0,1.0,1.0,0,0)
DispatchTrackball(-1,1112094,2,3.0,-1.0,0.0,0.0,0,1.0,1.0,0,0)
DispatchTrackball(-1,1112107,2,-2.0,1.0,0.0,0.0,0,1.0,1.0,0,0)
DispatchTrackball(-1,1112128,2,3.0,-2.0,0.0,0.0,0,1.0,1.0,0,0)
DispatchTrackball(-1,1112143,2,4.0,0.0,0.0,0.0,0,1.0,1.0,0,0)
DispatchTrackball(-1,1112160,2,-2.0,-4.0,0.0,0.0,0,1.0,1.0,0,0)
DispatchTrackball(-1,1112169,2,-4.0,-2.0,0.0,0.0,0,1.0,1.0,0,0)
DispatchTrackball(-1,1112194,2,0.0,0.0,0.0,0.0,0,1.0,1.0,0,0)
DispatchTrackball(-1,1112210,2,-1.0,-1.0,0.0,0.0,0,1.0,1.0,0,0)
DispatchPointer(1112231,1112234,0,214.0,101.0,0.0,0.0,0,1.0,1.0,0,0)
DispatchPointer(1112231,1112257,261,203.93246,97.36694,0.0,0.0,0,1.0,1.0,0,0)
DispatchPointer(1112231,1112265,2,197.05576,89.384865,0.0,0.0,0,1.0,1.0,0,0)
DispatchPointer(1112231,1112304,262,195.92467,87.12171,0.0,0.0,0,1.0,1.0,0,0)
DispatchPointer(1112231,1112313,1,184.76216,83.01308,0.0,0.0,0,1.0,1.0,0,0)
DispatchTrackball(-1,1112342,2,-5.0,4.0,0.0,0.0,0,1.0,1.0,0,0)
DispatchTrackball(-1,1112360,2,-4.0,-3.0,0.0,0.0,0,1.0,1.0,0,0)
DispatchTrackball(-1,1112369,2,1.0,0.0,0.0,0.0,0,1.0,1.0,0,0)
DispatchTrackball(-1,1112375,2,-5.0,3.0,0.0,0.0,0,1.0,1.0,0,0)
DispatchTrackball(-1,1112392,2,3.0,-5.0,0.0,0.0,0,1.0,1.0,0,0)
