type= raw events
count= -1
speed= 1.0
start data >>
LaunchActivity(org.scoutant.blokish,org.scoutant.blokish.SplashScreen)
DispatchKey(1208664,1208664,0,19,0,0,-1,0)
DispatchKey(1210704,1210704,1,19,0,0,-1,0)
DispatchPointer(1210782,1210784,0,261.0,522.0,0.0,0.0,0,1.0,1.0,0,0)
DispatchPointer(1210782,1210878,261,270.54538,501.13315,0.0,0.0,0,1.0,1.0,0,0)
DispatchPointer(1210782,1210919,262,273.55878,488.75253,0.0,0.0,0,1.0,1.0,0,0)
DispatchPointer(1210782,1210932,1,290.4249,479.94635,0.0,0.0,0,1.0,1.0,0,0)
DispatchTrackball(-1,1211026,2,3.0,2.0,0.0,0.0,0,1.0,1.0,0,0)
DispatchTrackball(-1,1211051,2,2.0,1.0,0.0,0.0,0,1.0,1.0,0,0)
DispatchTrackball(-1,1211087,2,-3.0,0.0,0.0,0.0,0,1.0,1.0,0,0)
DispatchTrackball(-1,1211102,2,3.0,4.0,0.0,0.0,0,1.0,1.0,0,0)
DispatchTrackball(-1,1211124,2,-2.0,-4.0,0.0,0.0,0,1.0,1.0,0,0)
DispatchTrackball(-1,1211404,2,-2.0,-5.0,0.0,0.0,0,1.0,1.0,0,0)
DispatchTrackball(-1,1211418,2,-4.0,1.0,0.0,0.0,0,1.0,1.0,0,0)
DispatchTrackball(-1,1211729,2,-1.0,3.0,0.0,0.0,0,1.0,1.0,0,0)
DispatchTrackball(-1,1211755,2,3.0,-5.0,0.0,0.0,0,1.0,1.0,0,0)
DispatchTrackball(-1,1211783,2,-4.0,-3.0,0.0,0.0,0,1.0,1.0,0,0)
DispatchPointer(1211811,1211812,0,77.0,673.0,0.0,0.0,0,1.0,1.0,0,0)
DispatchPointer(1211811,1211845,1,64.34138,680.0052,0.0,0.0,0,1.0,1.0,0,0)
DispatchPointer(1211875,1211876,0,275.0,498.0,0.0,0.0,0,1.0,1.0,0,0)
DispatchPointer(1211875,1211983,1,290.4812,481.79495,0.0,0.0,0,1.0,1.0,0,0)
DispatchPointer(1212022,1212023,0,274.0,411.0,0.0,0.0,0,1.0,1.0,0,0)
DispatchPointer(1212022,1212054,2,281.1393,413.84628,0.0,0.0,0,1.0,1.0,0,0)
DispatchPointer(1212022,1212067,2,290.18408,415.5045,0.0,0.0,0,1.0,1.0,0,0)
DispatchPointer(1212022,1212074,2,305.18454,424.92825,0.0,0.0,0,1.0,1.0,0,0)
DispatchPointer(1212022,1212093,2,326.71448,425.37344,0.0,0.0,0,1.0,1.0,0,0)
DispatchPointer(1212022,1212100,2,329.69223,438.67566,0.0,0.0,0,1.0,1.0,0,0)
DispatchPointer(1212022,1212115,2,338.50635,444.18192,0.0,0.0,0,1.0,1.0,0,0)
DispatchPointer(1212022,1212135,1,349.6399,456.0235,0.0,0.0,0,1.0,1.0,0,0)
DispatchPointer(1212200,1212200,0,309.0,660.0,0.0,0.0,0,1.0,1.0,0,0)
DispatchPointer(1212200,1212285,1,308.05252,661.6973,0.0,0.0,0,1.0,1.0,0,0)
DispatchTrackball(-1,1212683,2,-2.0,-2.0,0.0,0.0,0,1.0,1.0,0,0)
DispatchTrackball(-1,1212696,2,-3.0,-2.0,0.0,0.0,0,1.0,1.0,0,0)
DispatchTrackball(-1,1212722,2,-1.0,4.0,0.0,0.0,0,1.0,1.0,0,0)
DispatchTrackball(-1,1212884,2,-1.0,1.0,0.0,0.0,0,1.0,1.0,0,0)
DispatchTrackball(-1,1212893,2,-3.0,4.0,0.0,0.0,0,1.0,1.0,0,0)
DispatchTrackball(-1,1212900,2,1.0,4.0,0.0,0.0,0,1.0,1.0,0,0)
DispatchTrackball(-1,1212930,2,4.0,-5.0,0.0,0.0,0,1.0,1.0,0,0)
DispatchTrackball(-1,1212962,2,3.0,0.0,0.0,0.0,0,1.0,1.0,0,0)
DispatchTrackball(-1,1212970,2,-4.0,4.0,0.0,0.0,0,1.0,1.0,0,0)
DispatchTrackball(-1,1213009,2,0.0,3.0,0.0,0.0,0,1.0,1.0,0,0)
DispatchKey(1213029,1213029,0,21,0,0,-1,0)
DispatchKey(1213157,1213157,1,21,0,0,-1,0)
DispatchKey(1213269,1213269,0,149,0,0,-1,0)
DispatchKey(1213344,1213344,1,149,0,0,-1,0)
DispatchPointer(1213415,1213417,0,20.0,770.0,0.0,0.0,0,1.0,1.0,0,0)
DispatchPointer(1213415,1213568,2,13.343937,764.2993,0.0,0.0,0,1.0,1.0,0,0)
DispatchPointer(1213415,1213585,2,4.3408375,762.9797,0.0,0.0,0,1.0,1.0,0,0)
DispatchTrackball(-1,1214151,2,3.0,-5.0,0.0,0.0,0,1.0,1.0,0,0)
DispatchTrackball(-1,1214267,2,2.0,-2.0,0.0,0.0,0,1.0,1.0,0,0)
DispatchTrackball(-1,1214293,2,3.0,-5.0,0.0,0.0,0,1.0,1.0,0,0)
DispatchTrackball(-1,1214335,2,3.0,-3.0,0.0,0.0,0,1.0,1.0,0,0)
DispatchTrackball(-1,1214370,2,-3.0,3.0,0.0,0.0,0,1.0,1.0,0,0)
DispatchTrackball(-1,1214423,2,3.0,3.0,0.0,0.0,0,1.0,1.0,0,0)
DispatchTrackball(-1,1214454,2,-2.0,-2.0,0.0,0.0,0,1.0,1.0,0,0)
DispatchTrackball(-1,1214636,2,-5.0,-3.0,0.0,0.0,0,1.0,1.0,0,0)
DispatchTrackball(-1,1216387,2,4.0,4.0,0.0,0.0,0,1.0,1.0,0,0)
DispatchTrackball(-1,1216465,2,-3.0,-4.0,0.0,0.0,0,1.0,1.0,0,0)
DispatchTrackball(1214151,1216618,0,0.0,0.0,0.0,0.0,0,1.0,1.0,0,0)
DispatchTrackball(1214151,1216685,1,0.0,0.0,0.0,0.0,0,1.0,1.0,0,0)
DispatchKey(1216878,1216878,0,19,0,0,-1,0)
DispatchKey(1217297,1217297,1,19,0,0,-1,0)
DispatchTrackball(-1,1217435,2,2.0,1.0,0.0,0.0,0,1.0,1.0,0,0)
DispatchTrackball(-1,1217449,2,0.0,-1.0,0.0,0.0,0,1.0,1.0,0,0)
DispatchTrackball(-1,1217460,2,1.0,2.0,0.0,0.0,0,1.0,1.0,0,0)
DispatchTrackball(-1,1217483,2,-2.0,-3.0,0.0,0.0,0,1.0,1.0,0,0)
DispatchTrackball(-1,1217495,2,-1.0,3.0,0.0,0.0,0,1.0,1.0,0,0)
DispatchTrackball(-1,1217513,2,1.0,4.0,0.0,0.0,0,1.0,1.0,0,0)
DispatchTrackball(-1,1217531,2,-1.0,-5.0,0.0,0.0,0,1.0,1.0,0,0)
DispatchTrackball(-1,1217537,2,4.0,-5.0,0.0,0.0,0,1.0,1.0,0,0)
DispatchTrackball(-1,1217555,2,1.0,-3.0,0.0,0.0,0,1.0,1.0,0,0)
DispatchTrackball(-1,1217577,2,-1.0,-5.0,0.0,0.0,0,1.0,1.0,0,0)
DispatchKey(1217611,1217611,0,19,0,0,-1,0)
DispatchKey(1218277,1218277,1,19,0,0,-1,0)
DispatchPointer(1218664,1218664,0,272.0,99.0,0.0,0.0,0,1.0,1.0,0,0)
DispatchPointer(1218664,1218701,1,270.28506,111.13138,0.0,0.0,0,1.0,1.0,0,0)
DispatchTrackball(-1,1218758,2,-3.0,2.0,0.0,0.0,0,1.0,1.0,0,0)
DispatchTrackball(-1,1218786,2,-1.0,2.0,0.0,0.0,0,1.0,1.0,0,0)
DispatchTrackball(-1,1218817,2,-5.0,1.0,0.0,0.0,0,1.0,1.0,0,0)
DispatchTrackball(-1,1218824,2,-4.0,0.0,0.0,0.0,0,1.0,1.0,0,0)
DispatchTrackball(-1,1218844,2,1.0,-1.0,0.0,0.0,0,1.0,1.0,0,0)
DispatchTrackball(-1,1218865,2,4.0,4.0,0.0,0.0,0,1.0,1.0,0,0)
DispatchTrackball(-1,1218874,2,0.0,-5.0,0.0,0.0,0,1.0,1.0,0,0)
DispatchTrackball(-1,1218887,2,-1.0,-2.0,0.0,0.0,0,1.0,1.0,0,0)
DispatchTrackball(-1,1218908,2,3.0,1.0,0.0,0.0,0,1.0,1.0,0,0)
DispatchTrackball(-1,1218930,2,-1.0,2.0,0.0,0.0,0,1.0,1.0,0,0)
DispatchKey(1218947,1218947,0,207,0,0,-1,0)
DispatchKey(1219055,1219055,1,207,0,0,-1,0)
DispatchTrackball(-1,1219149,2,1.0,3.0,0.0,0.0,0,1.0,1.0,0,0)
DispatchTrackball(-1,1219160,2,-2.0,-4.0,0.0,0.0,0,1.0,1.0,0,0)
DispatchTrackball(-1,1219225,2,-5.0,0.0,0.0,0.0,0,1.0,1.0,0,0)
DispatchTrackball(-1,1219253,2,-1.0,-1.0,0.0,0.0,0,1.0,1.0,0,0)
DispatchTrackball(-1,1219333,2,-3.0,-5.0,0.0,0.0,0,1.0,1.0,0,0)
DispatchTrackball(-1,1219351,2,0.0,-2.0,0.0,0.0,0,1.0,1.0,0,0)
DispatchTrackball(-1,1219384,2,3.0,0.0,0.0,0.0,0,1.0,1.0,0,0)
DispatchTrackball(-1,1219404,2,-4.0,1.0,0.0,0.0,0,1.0,1.0,0,0)
DispatchTrackball(-1,1219425,2,2.0,4.0,0.0,0.0,0,1.0,1.0,0,0)
DispatchTrackball(-1,1219435,2,1.0,-5.0,0.0,0.0,0,1.0,1.0,0,0)
DispatchKey(1219448,1219448,0,23,0,0,-1,0)
