type= raw events
count= -1
speed= 1.0
start data >>
DispatchKey(1018540,1018540,0,23,0,0,-1,0)
DispatchKey(1020906,1020906,1,23,0,0,-1,0)
DispatchPointer(1020994,1020998,0,29.0,365.0,0.0,0.0,0,1.0,1.0,0,0)
DispatchPointer(1020994,1021147,2,43.43562,371.86563,0.0,0.0,0,1.0,1.0,0,0)
DispatchPointer(1020994,1021181,2,55.365715,377.00003,0.0,0.0,0,1.0,1.0,0,0)
DispatchPointer(1020994,1021190,2,59.251034,378.5938,0.0,0.0,0,1.0,1.0,0,0)
DispatchPointer(1020994,1021224,2,60.443424,379.39612,0.0,0.0,0,1.0,1.0,0,0)
DispatchPointer(1020994,1021239,2,63.350903,388.65765,0.0,0.0,0,1.0,1.0,0,0)
DispatchPointer(1020994,1021259,2,69.46107,394.6612,0.0,0.0,0,1.0,1.0,0,0)
DispatchPointer(1020994,1021273,2,76.92125,396.1481,0.0,0.0,0,1.0,1.0,0,0)
DispatchPointer(1020994,1021297,2,78.772385,404.56174,0.0,0.0,0,1.0,1.0,0,0)
DispatchPointer(1020994,1021341,1,80.022095,410.01642,0.0,0.0,0,1.0,1.0,0,0)
DispatchFlip(false)
DispatchKey(1021537,1021537,0,23,0,0,-1,0)
DispatchKey(1021597,1021597,1,23,0,0,-1,0)
DispatchKey(1021872,1021872,0,21,0,0,-1,0)
DispatchKey(1021969,1021969,1,21,0,0,-1,0)
DispatchKey(1025410,1025410,0,192,0,0,-1,0)
DispatchKey(1025427,1025427,1,192,0,0,-1,0)
DispatchPointer(1025476,1025476,0,2.0,334.0,0.0,0.0,0,1.0,1.0,0,0)
DispatchPointer(1025476,1025492,1,9.445644,352.41248,0.0,0.0,0,1.0,1.0,0,0)
DispatchKey(1025521,1025521,0,82,0,0,-1,0)
DispatchKey(1025543,1025543,1,82,0,0,-1,0)
DispatchKey(1025571,1025571,0,82,0,0,-1,0)
DispatchKey(1025596,1025596,1,82,0,0,-1,0)
DispatchTrackball(-1,1025636,2,-2.0,0.0,0.0,0.0,0,1.0,1.0,0,0)
DispatchTrackball(-1,1025658,2,0.0,0.0,0.0,0.0,0,1.0,1.0,0,0)
DispatchTrackball(-1,1025668,2,-3.0,1.0,0.0,0.0,0,1.0,1.0,0,0)
DispatchTrackball(-1,1025680,2,3.0,-1.0,0.0,0.0,0,1.0,1.0,0,0)
DispatchTrackball(-1,1025709,2,-5.0,-2.0,0.0,0.0,0,1.0,1.0,0,0)
DispatchTrackball(-1,1025792,2,-2.0,3.0,0.0,0.0,0,1.0,1.0,0,0)
DispatchTrackball(-1,1025814,2,-1.0,-1.0,0.0,0.0,0,1.0,1.0,0,0)
DispatchTrackball(-1,1025832,2,-4.0,1.0,0.0,0.0,0,1.0,1.0,0,0)
DispatchTrackball(-1,1025842,2,3.0,0.0,0.0,0.0,0,1.0,1.0,0,0)
DispatchTrackball(-1,1025853,2,-5.0,2.0,0.0,0.0,0,1.0,1.0,0,0)
DispatchKey(1025862,1025862,0,70,0,0,-1,0)
DispatchKey(1025886,1025886,1,70,0,0,-1,0)
DispatchTrackball(-1,1025914,2,-4.0,1.0,0.0,0.0,0,1.0,1.0,0,0)
DispatchTrackball(-1,1025948,2,-5.0,2.0,0.0,0.0,0,1.0,1.0,0,0)
DispatchTrackball(-1,1025975,2,-2.0,2.0,0.0,0.0,0,1.0,1.0,0,0)
DispatchTrackball(-1,1025988,2,4.0,-1.0,0.0,0.0,0,1.0,1.0,0,0)
DispatchTrackball(-1,1025996,2,3.0,4.0,0.0,0.0,0,1.0,1.0,0,0)
DispatchTrackball(-1,1026014,2,-1.0,-5.0,0.0,0.0,0,1.0,1.0,0,0)
DispatchTrackball(-1,1026030,2,-2.0,-5.0,0.0,0.0,0,1.0,1.0,0,0)
DispatchTrackball(-1,1026052,2,0.0,-3.0,0.0,0.0,0,1.0,1.0,0,0)
DispatchTrackball(-1,1026085,2,0.0,-2.0,0.0,0.0,0,1.0,1.0,0,0)
DispatchTrackball(-1,1026096,2,2.0,4.0,0.0,0.0,0,1.0,1.0,0,0)
DispatchKey(1026105,1026105,0,23,0,0,-1,0)
DispatchKey(1026152,1026152,1,23,0,0,-1,0)
DispatchKey(1026180,1026180,0,56,0,0,-1,0)
DispatchKey(1026241,1026241,1,56,0,0,-1,0)
DispatchPointer(1026282,1026283,0,254.0,210.0,0.0,0.0,0,1.0,1.0,0,0)
DispatchPointer(1026282,1026309,2,265.27267,212.01959,0.0,0.0,0,1.0,1.0,0,0)
DispatchPointer(1026282,1026410,2,269.07547,214.32028,0.0,0.0,0,1.0,1.0,0,0)
DispatchPointer(1026282,1026417,2,274.5036,216.49838,0.0,0.0,0,1.0,1.0,0,0)
DispatchPointer(1026282,1026426,2,283.0009,218.60825,0.0,0.0,0,1.0,1.0,0,0)
DispatchPointer(1026282,1026435,2,292.27863,219.32985,0.0,0.0,0,1.0,1.0,0,0)
DispatchPointer(1026606,1026606,0,341.0,680.0,0.0,0.0,0,1.0,1.0,0,0)
DispatchPointer(1026606,1026641,1,343.26944,679.5665,0.0,0.0,0,1.0,1.0,0,0)
DispatchKey(1026716,1026716,0,23,0,0,-1,0)
DispatchKey(1026891,1026891,1,23,0,0,-1,0)
DispatchKey(1027053,1027053,0,21,0,0,-1,0)
DispatchKey(1027277,1027277,1,21,0,0,-1,0)
DispatchPointer(1027387,1027388,0,218.0,2.0,0.0,0.0,0,1.0,1.0,0,0)
DispatchPointer(1027387,1027429,2,216.44011,0.0,0.0,0.0,0,1.0,1.0,0,0)
DispatchPointer(1027387,1027464,2,215.78217,0.0,0.0,0.0,0,1.0,1.0,0,0)
DispatchPointer(1027387,1027471,2,215.45602,0.0,0.0,0.0,0,1.0,1.0,0,0)
DispatchPointer(1027387,1027479,2,215.14465,0.0,0.0,0.0,0,1.0,1.0,0,0)
DispatchPointer(1027387,1027486,2,214.02531,0.0,0.0,0.0,0,1.0,1.0,0,0)
DispatchPointer(1027387,1027493,2,212.69115,0.0,0.0,0.0,0,1.0,1.0,0,0)
DispatchPointer(1027387,1027511,2,212.5051,0.0,0.0,0.0,0,1.0,1.0,0,0)
DispatchPointer(1027387,1027518,2,211.92842,0.0,0.0,0.0,0,1.0,1.0,0,0)
DispatchPointer(1027387,1027528,2,211.14153,0.0,0.0,0.0,0,1.0,1.0,0,0)
DispatchPointer(1027387,1027534,1,210.03152,0.0,0.0,0.0,0,1.0,1.0,0,0)
DispatchTrackball(-1,1027548,2,-5.0,0.0,0.0,0.0,0,1.0,1.0,0,0)
DispatchTrackball(-1,1027572,2,1.0,0.0,0.0,0.0,0,1.0,1.0,0,0)
DispatchTrackball(-1,1027592,2,-4.0,4.0,0.0,0.0,0,1.0,1.0,0,0)
DispatchTrackball(-1,1027598,2,2.0,-4.0,0.0,0.0,0,1.0,1.0,0,0)
DispatchTrackball(-1,1027606,2,-5.0,3.0,0.0,0.0,0,1.0,1.0,0,0)
DispatchTrackball(-1,1027623,2,1.0,-1.0,0.0,0.0,0,1.0,1.0,0,0)
DispatchTrackball(-1,1027630,2,1.0,-3.0,0.0,0.0,0,1.0,1.0,0,0)
DispatchTrackball(-1,1027649,2,-4.0,2.0,0.0,0.0,0,1.0,1.0,0,0)
DispatchTrackball(-1,1027668,2,-4.0,3.0,0.0,0.0,0,1.0,1.0,0,0)
DispatchTrackball(-1,1027684,2,-2.0,0.0,0.0,0.0,0,1.0,1.0,0,0)
DispatchPointer(1027706,1027706,0,439.0,198.0,0.0,0.0,0,1.0,1.0,0,0)
DispatchPointer(1027706,1027719,1,448.18298,207.34256,0.0,0.0,0,1.0,1.0,0,0)
DispatchTrackball(-1,1027755,2,4.0,3.0,0.0,0.0,0,1.0,1.0,0,0)
DispatchTrackball(-1,1027782,2,2.0,3.0,0.0,0.0,0,1.0,1.0,0,0)
DispatchTrackball(-1,1027787,2,-2.0,3.0,0.0,0.0,0,1.0,1.0,0,0)
DispatchTrackball(-1,1027803,2,-1.0,-5.0,0.0,0.0,0,1.0,1.0,0,0)
DispatchTrackball(-1,1027809,2,1.0,1.0,0.0,0.0,0,1.0,1.0,0,0)
DispatchTrackball(-1,1027846,2,2.0,-2.0,0.0,0.0,0,1.0,1.0,0,0)
DispatchTrackball(-1,1027863,2,3.0,-3.0,0.0,0.0,0,1.0,1.0,0,0)
DispatchTrackball(-1,1027929,2,0.0,1.0,0.0,0.0,0,1.0,1.0,0,0)
DispatchTrackball(-1,1027957,2,-1.0,-2.0,0.0,0.0,0,1.0,1.0,0,0)
DispatchTrackball(-1,1027973,2,4.0,3.0,0.0,0.0,0,1.0,1.0,0,0)
DispatchKey(1027981,1027981,0,210,0,0,-1,0)
DispatchKey(1028040,1028040,1,210,0,0,-1,0)
DispatchFlip(true)
DispatchKey(1028723,1028723,0,22,0,0,-1,0)
DispatchKey(1028822,1028822,1,22,0,0,-1,0)
DispatchKey(1028876,1028876,0,19,0,0,-1,0)
DispatchKey(1028922,1028922,1,19,0,0,-1,0)
DispatchKey(1028942,1028942,0,20,0,0,-1,0)
DispatchKey(1028959,1028959,1,20,0,0,-1,0)
DispatchTrackball(-1,1029003,2,-5.0,-5.0,0.0,0.0,0,1.0,1.0,0,0)
DispatchTrackball(-1,1029018,2,4.0,2.0,0.0,0.0,0,1.0,1.0,0,0)
DispatchTrackball(-1,1029053,2,1.0,1.0,0.0,0.0,0,1.0,1.0,0,0)
DispatchTrackball(-1,1029060,2,-1.0,-1.0,0.0,0.0,0,1.0,1.0,0,0)
DispatchTrackball(-1,1029068,2,1.0,1.0,0.0,0.0,0,1.0,1.0,0,0)
DispatchTrackball(-1,1029085,2,3.0,3.0,0.0,0.0,0,1.0,1.0,0,0)
DispatchTrackball(-1,1029102,2,-3.0,1.0,0.0,0.0,0,1.0,1.0,0,0)
DispatchTrackball(-1,1029120,2,-2.0,-3.0,0.0,0.0,0,1.0,1.0,0,0)
DispatchTrackball(-1,1029142,2,-1.0,3.0,0.0,0.0,0,1.0,1.0,0,0)
DispatchTrackball(-1,1029148,2,2.0,-2.0,0.0,0.0,0,1.0,1.0,0,0)
DispatchKey(1029157,1029157,0,23,0,0,-1,0)
DispatchKey(1029274,1029274,1,23,0,0,-1,0)
DispatchTrackball(-1,1029330,2,1.0,-3.0,0.0,0.0,0,1.0,1.0,0,0)
DispatchTrackball(-1,1029358,2,2.0,3.0,0.0,0.0,0,1.0,1.0,0,0)
DispatchTrackball(-1,1029376,2,2.0,-1.0,0.0,0.0,0,1.0,1.0,0,0)
DispatchTrackball(-1,1029393,2,1.0,2.0,0.0,0.0,0,1.0,1.0,0,0)
DispatchTrackball(-1,1029411,2,2.0,3.0,0.0,0.0,0,1.0,1.0,0,0)
DispatchTrackball(-1,1029418,2,-1.0,-4.0,0.0,0.0,0,1.0,1.0,0,0)
DispatchTrackball(-1,1029442,2,2.0,1.0,0.0,0.0,0,1.0,1.0,0,0)
DispatchTrackball(-1,1029462,2,2.0,-5.0,0.0,0.0,0,1.0,1.0,0,0)
DispatchTrackball(-1,1029486,2,-3.0,2.0,0.0,0.0,0,1.0,1.0,0,0)
DispatchTrackball(-1,1029494,2,2.0,3.0,0.0,0.0,0,1.0,1.0,0,0)
DispatchTrackball(1029330,1029513,0,0.0,0.0,0.0,0.0,0,1.0,1.0,0,0)
DispatchTrackball(1029330,1029525,1,0.0,0.0,0.0,0.0,0,1.0,1.0,0,0)
DispatchKey(1029551,1029551,0,20,0,0,-1,0)
DispatchKey(1029802,1029802,1,20,0,0,-1,0)
DispatchKey(1029961,1029961,0,82,0,0,-1,0)
DispatchKey(1030066,1030066,1,82,0,0,-1,0)
DispatchKey(1030088,1030088,0,22,0,0,-1,0)
DispatchKey(1030134,1030134,1,22,0,0,-1,0)
DispatchKey(1030160,1030160,0,22,0,0,-1,0)
DispatchKey(1030184,1030184,1,22,0,0,-1,0)
DispatchKey(1030369,1030369,0,21,0,0,-1,0)
DispatchKey(1030402,1030402,1,21,0,0,-1,0)
DispatchKey(1030483,1030483,0,20,0,0,-1,0)
DispatchKey(1030494,1030494,1,20,0,0,-1,0)
DispatchFlip(false)
DispatchKey(1030676,1030676,0,4,0,0,-1,0)
DispatchKey(1030722,1030722,1,4,0,0,-1,0)
DispatchPointer(1030749,1030775,0,29.0,369.0,0.0,0.0,0,1.0,1.0,0,0)
DispatchPointer(1030749,1030808,261,25.575422,365.97363,0.0,0.0,0,1.0,1.0,0,0)
DispatchPointer(1030749,1030830,2,22.812813,361.50632,0.0,0.0,0,1.0,1.0,0,0)
DispatchPointer(1030749,1030840,2,20.21441,359.4432,0.0,0.0,0,1.0,1.0,0,0)
DispatchPointer(1030749,1030849,2,19.482042,353.46582,0.0,0.0,0,1.0,1.0,0,0)
DispatchPointer(1030749,1030880,2,12.869333,348.96204,0.0,0.0,0,1.0,1.0,0,0)
DispatchPointer(1030749,1030894,2,7.6334915,345.9015,0.0,0.0,0,1.0,1.0,0,0)
DispatchPointer(1030749,1030912,2,7.555592,345.61072,0.0,0.0,0,1.0,1.0,0,0)
DispatchPointer(1030749,1030919,2,7.1451607,344.90057,0.0,0.0,0,1.0,1.0,0,0)
DispatchPointer(1030749,1030960,2,3.297277,341.414,0.0,0.0,0,1.0,1.0,0,0)
DispatchPointer(1030749,1030983,2,2.8132656,336.2825,0.0,0.0,0,1.0,1.0,0,0)
DispatchPointer(1030749,1031021,262,0.0,329.5798,0.0,0.0,0,1.0,1.0,0,0)
DispatchPointer(1030749,1031043,1,0.0,325.2302,0.0,0.0,0,1.0,1.0,0,0)
DispatchKey(1031068,1031068,0,82,0,0,-1,0)
DispatchKey(1031094,1031094,1,82,0,0,-1,0)
DispatchKey(1031137,1031137,0,82,0,0,-1,0)
DispatchKey(1031598,1031598,1,82,0,0,-1,0)
DispatchTrackball(-1,1031638,2,-2.0,4.0,0.0,0.0,0,1.0,1.0,0,0)
DispatchTrackball(-1,1031656,2,-3.0,1.0,0.0,0.0,0,1.0,1.0,0,0)
DispatchTrackball(-1,1031664,2,0.0,1.0,0.0,0.0,0,1.0,1.0,0,0)
DispatchTrackball(-1,1031674,2,3.0,-3.0,0.0,0.0,0,1.0,1.0,0,0)
DispatchTrackball(-1,1031690,2,1.0,1.0,0.0,0.0,0,1.0,1.0,0,0)
DispatchTrackball(-1,1031700,2,-2.0,-2.0,0.0,0.0,0,1.0,1.0,0,0)
DispatchTrackball(-1,1031718,2,-2.0,1.0,0.0,0.0,0,1.0,1.0,0,0)
DispatchTrackball(-1,1031730,2,-2.0,-5.0,0.0,0.0,0,1.0,1.0,0,0)
DispatchTrackball(-1,1031773,2,-3.0,-4.0,0.0,0.0,0,1.0,1.0,0,0)
DispatchTrackball(-1,1031784,2,-5.0,3.0,0.0,0.0,0,1.0,1.0,0,0)
LaunchActivity(org.scoutant.blokish,org.scoutant.blokish.SplashScreen)
DispatchPointer(1032143,1032144,0,304.0,380.0,0.0,0.0,0,1.0,1.0,0,0)
DispatchPointer(1032143,1032587,2,311.68298,369.77338,0.0,0.0,0,1.0,1.0,0,0)
DispatchPointer(1032143,1032594,2,321.15918,360.48883,0.0,0.0,0,1.0,1.0,0,0)
DispatchPointer(1032143,1032600,2,324.08115,357.86377,0.0,0.0,0,1.0,1.0,0,0)
DispatchPointer(1032143,1032617,1,331.8099,354.47452,0.0,0.0,0,1.0,1.0,0,0)
DispatchPointer(1032705,1032705,0,364.0,350.0,0.0,0.0,0,1.0,1.0,0,0)
DispatchPointer(1032705,1032746,2,366.807,348.7493,0.0,0.0,0,1.0,1.0,0,0)
DispatchPointer(1032705,1032756,2,366.82852,348.53403,0.0,0.0,0,1.0,1.0,0,0)
DispatchPointer(1032705,1032773,1,367.75098,344.05432,0.0,0.0,0,1.0,1.0,0,0)
DispatchKey(1032821,1032821,0,4,0,0,-1,0)
DispatchKey(1034326,1034326,1,4,0,0,-1,0)
DispatchPointer(1034379,1034379,0,414.0,634.0,0.0,0.0,0,1.0,1.0,0,0)
DispatchPointer(1034379,1034613,1,402.47406,628.26624,0.0,0.0,0,1.0,1.0,0,0)
DispatchPointer(1034708,1034709,0,318.0,786.0,0.0,0.0,0,1.0,1.0,0,0)
