type= raw events
count= -1
speed= 1.0
start data >>
LaunchActivity(org.scoutant.blokish,org.scoutant.blokish.SplashScreen)
DispatchTrackball(-1,1294562,2,-3.0,-2.0,0.0,0.0,0,1.0,1.0,0,0)
DispatchTrackball(-1,1296033,2,-4.0,-3.0,0.0,0.0,0,1.0,1.0,0,0)
DispatchTrackball(-1,1296048,2,1.0,-5.0,0.0,0.0,0,1.0,1.0,0,0)
DispatchTrackball(-1,1296060,2,-1.0,-4.0,0.0,0.0,0,1.0,1.0,0,0)
DispatchTrackball(-1,1296079,2,2.0,2.0,0.0,0.0,0,1.0,1.0,0,0)
DispatchTrackball(-1,1296100,2,1.0,-1.0,0.0,0.0,0,1.0,1.0,0,0)
DispatchTrackball(-1,1296123,2,0.0,-3.0,0.0,0.0,0,1.0,1.0,0,0)
DispatchTrackball(-1,1296138,2,-4.0,2.0,0.0,0.0,0,1.0,1.0,0,0)
DispatchTrackball(-1,1296176,2,-4.0,2.0,0.0,0.0,0,1.0,1.0,0,0)
DispatchTrackball(-1,1296195,2,-3.0,-4.0,0.0,0.0,0,1.0,1.0,0,0)
DispatchTrackball(-1,1296222,2,2.0,3.0,0.0,0.0,0,1.0,1.0,0,0)
DispatchTrackball(-1,1296273,2,3.0,-1.0,0.0,0.0,0,1.0,1.0,0,0)
DispatchTrackball(-1,1296287,2,2.0,3.0,0.0,0.0,0,1.0,1.0,0,0)
DispatchTrackball(-1,1296311,2,-5.0,4.0,0.0,0.0,0,1.0,1.0,0,0)
DispatchTrackball(-1,1296333,2,1.0,-5.0,0.0,0.0,0,1.0,1.0,0,0)
DispatchTrackball(-1,1296344,2,4.0,-4.0,0.0,0.0,0,1.0,1.0,0,0)
DispatchTrackball(-1,1296386,2,3.0,0.0,0.0,0.0,0,1.0,1.0,0,0)
DispatchTrackball(-1,1296395,2,1.0,-5.0,0.0,0.0,0,1.0,1.0,0,0)
DispatchTrackball(-1,1296430,2,3.0,1.0,0.0,0.0,0,1.0,1.0,0,0)
DispatchTrackball(-1,1296441,2,-5.0,0.0,0.0,0.0,0,1.0,1.0,0,0)
DispatchKey(1296448,1296448,0,23,0,0,-1,0)
DispatchKey(1296616,1296616,1,23,0,0,-1,0)
DispatchKey(1296726,1296726,0,19,0,0,-1,0)
DispatchKey(1296840,1296840,1,19,0,0,-1,0)
DispatchKey(1296911,1296911,0,22,0,0,-1,0)
DispatchKey(1296936,1296936,1,22,0,0,-1,0)
DispatchPointer(1297021,1297025,0,104.0,461.0,0.0,0.0,0,1.0,1.0,0,0)
DispatchPointer(1297021,1297134,1,111.224045,466.4008,0.0,0.0,0,1.0,1.0,0,0)
DispatchKey(1297168,1297168,0,20,0,0,-1,0)
DispatchKey(1297329,1297329,1,20,0,0,-1,0)
DispatchPointer(1297469,1297469,0,405.0,764.0,0.0,0.0,0,1.0,1.0,0,0)
DispatchPointer(1297469,1297502,1,406.59543,755.9237,0.0,0.0,0,1.0,1.0,0,0)
DispatchKey(1297533,1297533,0,82,0,0,-1,0)
DispatchKey(1297619,1297619,1,82,0,0,-1,0)
DispatchPointer(1297748,1297749,0,318.0,224.0,0.0,0.0,0,1.0,1.0,0,0)
DispatchPointer(1297748,1297810,2,335.96613,216.70148,0.0,0.0,0,1.0,1.0,0,0)
DispatchPointer(1297748,1297816,2,355.01175,214.3819,0.0,0.0,0,1.0,1.0,0,0)
DispatchPointer(1297748,1297830,2,361.6649,203.18239,0.0,0.0,0,1.0,1.0,0,0)
DispatchPointer(1297748,1297838,2,362.98145,196.70699,0.0,0.0,0,1.0,1.0,0,0)
DispatchPointer(1297748,1297885,2,383.41196,182.64178,0.0,0.0,0,1.0,1.0,0,0)
DispatchPointer(1297748,1297972,2,389.60913,176.64136,0.0,0.0,0,1.0,1.0,0,0)
DispatchPointer(1297748,1298005,2,403.4585,159.68185,0.0,0.0,0,1.0,1.0,0,0)
DispatchPointer(1297748,1298017,2,405.93164,154.68504,0.0,0.0,0,1.0,1.0,0,0)
DispatchPointer(1297748,1298034,1,408.7389,141.87013,0.0,0.0,0,1.0,1.0,0,0)
DispatchTrackball(-1,1298066,2,-4.0,-4.0,0.0,0.0,0,1.0,1.0,0,0)
DispatchTrackball(-1,1298103,2,4.0,-5.0,0.0,0.0,0,1.0,1.0,0,0)
DispatchTrackball(-1,1298116,2,4.0,1.0,0.0,0.0,0,1.0,1.0,0,0)
DispatchTrackball(-1,1298133,2,2.0,3.0,0.0,0.0,0,1.0,1.0,0,0)
DispatchTrackball(-1,1298139,2,4.0,-2.0,0.0,0.0,0,1.0,1.0,0,0)
DispatchTrackball(-1,1298244,2,-5.0,2.0,0.0,0.0,0,1.0,1.0,0,0)
DispatchTrackball(-1,1298252,2,1.0,-3.0,0.0,0.0,0,1.0,1.0,0,0)
DispatchTrackball(-1,1298258,2,-3.0,4.0,0.0,0.0,0,1.0,1.0,0,0)
DispatchTrackball(-1,1298274,2,2.0,3.0,0.0,0.0,0,1.0,1.0,0,0)
DispatchTrackball(-1,1298367,2,1.0,3.0,0.0,0.0,0,1.0,1.0,0,0)
DispatchTrackball(-1,1298379,2,3.0,-2.0,0.0,0.0,0,1.0,1.0,0,0)
DispatchTrackball(-1,1298416,2,-1.0,-3.0,0.0,0.0,0,1.0,1.0,0,0)
DispatchTrackball(-1,1298459,2,0.0,-3.0,0.0,0.0,0,1.0,1.0,0,0)
DispatchTrackball(-1,1298486,2,-1.0,-4.0,0.0,0.0,0,1.0,1.0,0,0)
DispatchTrackball(-1,1298506,2,1.0,3.0,0.0,0.0,0,1.0,1.0,0,0)
DispatchTrackball(-1,1298515,2,-5.0,-3.0,0.0,0.0,0,1.0,1.0,0,0)
DispatchTrackball(-1,1298537,2,-1.0,3.0,0.0,0.0,0,1.0,1.0,0,0)
DispatchTrackball(-1,1298546,2,3.0,-5.0,0.0,0.0,0,1.0,1.0,0,0)
DispatchTrackball(-1,1298562,2,1.0,0.0,0.0,0.0,0,1.0,1.0,0,0)
DispatchTrackball(-1,1298568,2,4.0,-4.0,0.0,0.0,0,1.0,1.0,0,0)
DispatchTrackball(-1,1298577,2,3.0,-4.0,0.0,0.0,0,1.0,1.0,0,0)
DispatchTrackball(-1,1298598,2,2.0,-2.0,0.0,0.0,0,1.0,1.0,0,0)
DispatchTrackball(-1,1298615,2,0.0,-2.0,0.0,0.0,0,1.0,1.0,0,0)
DispatchTrackball(-1,1298638,2,-4.0,3.0,0.0,0.0,0,1.0,1.0,0,0)
DispatchTrackball(-1,1298646,2,2.0,0.0,0.0,0.0,0,1.0,1.0,0,0)
DispatchTrackball(-1,1298657,2,-1.0,-3.0,0.0,0.0,0,1.0,1.0,0,0)
DispatchTrackball(-1,1298666,2,-4.0,3.0,0.0,0.0,0,1.0,1.0,0,0)
DispatchTrackball(-1,1298684,2,-3.0,3.0,0.0,0.0,0,1.0,1.0,0,0)
DispatchTrackball(-1,1298693,2,0.0,-2.0,0.0,0.0,0,1.0,1.0,0,0)
